uf50-0644 9028 1 -2 -3 4 5 -6 7 8 9 -10 11 12 -13 14 15 16 17 18 19 -20 21 22 -23 -24 -25 -26 -27 -28 29 30 31 32 33 34 35 -36 -37 38 -39 -40 41 42 43 44 -45 46 -47 48 -49 50 0
uf50-0644 8996 1 -2 -3 4 5 -6 7 8 9 10 11 12 -13 14 15 16 17 -18 19 -20 21 22 -23 -24 -25 -26 -27 -28 29 30 31 32 33 34 35 -36 -37 38 -39 40 41 42 43 44 -45 46 -47 48 -49 50 0
uf50-0644 9028 1 -2 -3 4 5 -6 7 8 9 -10 11 12 -13 14 15 16 17 18 19 -20 21 22 -23 -24 -25 -26 -27 -28 29 30 31 32 33 34 35 -36 -37 38 -39 -40 41 42 43 44 -45 46 -47 48 -49 50 0
uf50-0644 9028 1 -2 -3 4 5 -6 7 8 9 -10 11 12 -13 14 15 16 17 18 19 -20 21 22 -23 -24 -25 -26 -27 -28 29 30 31 32 33 34 35 -36 -37 38 -39 -40 41 42 43 44 -45 46 -47 48 -49 50 0
uf50-0644 8996 1 -2 -3 4 5 -6 7 8 9 10 11 12 -13 14 15 16 17 -18 19 -20 21 22 -23 -24 -25 -26 -27 -28 29 30 31 32 33 34 35 -36 -37 38 -39 40 41 42 43 44 -45 46 -47 48 -49 50 0
uf50-0644 9028 1 -2 -3 4 5 -6 7 8 9 -10 11 12 -13 14 15 16 17 18 19 -20 21 22 -23 -24 -25 -26 -27 -28 29 30 31 32 33 34 35 -36 -37 38 -39 -40 41 42 43 44 -45 46 -47 48 -49 50 0
uf50-0644 9028 1 -2 -3 4 5 -6 7 8 9 -10 11 12 -13 14 15 16 17 18 19 -20 21 22 -23 -24 -25 -26 -27 -28 29 30 31 32 33 34 35 -36 -37 38 -39 -40 41 42 43 44 -45 46 -47 48 -49 50 0
uf50-0644 8996 1 -2 -3 4 5 -6 7 8 9 10 11 12 -13 14 15 16 17 -18 19 -20 21 22 -23 -24 -25 -26 -27 -28 29 30 31 32 33 34 35 -36 -37 38 -39 40 41 42 43 44 -45 46 -47 48 -49 50 0
uf50-0644 8996 1 -2 -3 4 5 -6 7 8 9 10 11 12 -13 14 15 16 17 -18 19 -20 21 22 -23 -24 -25 -26 -27 -28 29 30 31 32 33 34 35 -36 -37 38 -39 40 41 42 43 44 -45 46 -47 48 -49 50 0
uf50-0644 8996 1 -2 -3 4 5 -6 7 8 9 10 11 12 -13 14 15 16 17 -18 19 -20 21 22 -23 -24 -25 -26 -27 -28 29 30 31 32 33 34 35 -36 -37 38 -39 40 41 42 43 44 -45 46 -47 48 -49 50 0
uf50-0644 8996 1 -2 -3 4 5 -6 7 8 9 10 11 12 -13 14 15 16 17 -18 19 -20 21 22 -23 -24 -25 -26 -27 -28 29 30 31 32 33 34 35 -36 -37 38 -39 40 41 42 43 44 -45 46 -47 48 -49 50 0
uf50-0644 8996 1 -2 -3 4 5 -6 7 8 9 10 11 12 -13 14 15 16 17 -18 19 -20 21 22 -23 -24 -25 -26 -27 -28 29 30 31 32 33 34 35 -36 -37 38 -39 40 41 42 43 44 -45 46 -47 48 -49 50 0
uf50-0644 9028 1 -2 -3 4 5 -6 7 8 9 -10 11 12 -13 14 15 16 17 18 19 -20 21 22 -23 -24 -25 -26 -27 -28 29 30 31 32 33 34 35 -36 -37 38 -39 -40 41 42 43 44 -45 46 -47 48 -49 50 0
uf50-0644 9028 1 -2 -3 4 5 -6 7 8 9 -10 11 12 -13 14 15 16 17 18 19 -20 21 22 -23 -24 -25 -26 -27 -28 29 30 31 32 33 34 35 -36 -37 38 -39 -40 41 42 43 44 -45 46 -47 48 -49 50 0
uf50-0644 8996 1 -2 -3 4 5 -6 7 8 9 10 11 12 -13 14 15 16 17 -18 19 -20 21 22 -23 -24 -25 -26 -27 -28 29 30 31 32 33 34 35 -36 -37 38 -39 40 41 42 43 44 -45 46 -47 48 -49 50 0
uf50-0644 8996 1 -2 -3 4 5 -6 7 8 9 10 11 12 -13 14 15 16 17 -18 19 -20 21 22 -23 -24 -25 -26 -27 -28 29 30 31 32 33 34 35 -36 -37 38 -39 40 41 42 43 44 -45 46 -47 48 -49 50 0
uf50-0644 8996 1 -2 -3 4 5 -6 7 8 9 10 11 12 -13 14 15 16 17 -18 19 -20 21 22 -23 -24 -25 -26 -27 -28 29 30 31 32 33 34 35 -36 -37 38 -39 40 41 42 43 44 -45 46 -47 48 -49 50 0
uf50-0644 8996 1 -2 -3 4 5 -6 7 8 9 10 11 12 -13 14 15 16 17 -18 19 -20 21 22 -23 -24 -25 -26 -27 -28 29 30 31 32 33 34 35 -36 -37 38 -39 40 41 42 43 44 -45 46 -47 48 -49 50 0
uf50-0644 8996 1 -2 -3 4 5 -6 7 8 9 10 11 12 -13 14 15 16 17 -18 19 -20 21 22 -23 -24 -25 -26 -27 -28 29 30 31 32 33 34 35 -36 -37 38 -39 40 41 42 43 44 -45 46 -47 48 -49 50 0
uf50-0644 9028 1 -2 -3 4 5 -6 7 8 9 -10 11 12 -13 14 15 16 17 18 19 -20 21 22 -23 -24 -25 -26 -27 -28 29 30 31 32 33 34 35 -36 -37 38 -39 -40 41 42 43 44 -45 46 -47 48 -49 50 0
uf50-0644 8996 1 -2 -3 4 5 -6 7 8 9 10 11 12 -13 14 15 16 17 -18 19 -20 21 22 -23 -24 -25 -26 -27 -28 29 30 31 32 33 34 35 -36 -37 38 -39 40 41 42 43 44 -45 46 -47 48 -49 50 0
uf50-0644 9028 1 -2 -3 4 5 -6 7 8 9 -10 11 12 -13 14 15 16 17 18 19 -20 21 22 -23 -24 -25 -26 -27 -28 29 30 31 32 33 34 35 -36 -37 38 -39 -40 41 42 43 44 -45 46 -47 48 -49 50 0
uf50-0644 9028 1 -2 -3 4 5 -6 7 8 9 -10 11 12 -13 14 15 16 17 18 19 -20 21 22 -23 -24 -25 -26 -27 -28 29 30 31 32 33 34 35 -36 -37 38 -39 -40 41 42 43 44 -45 46 -47 48 -49 50 0
uf50-0644 9028 1 -2 -3 4 5 -6 7 8 9 -10 11 12 -13 14 15 16 17 18 19 -20 21 22 -23 -24 -25 -26 -27 -28 29 30 31 32 33 34 35 -36 -37 38 -39 -40 41 42 43 44 -45 46 -47 48 -49 50 0
uf50-0644 9028 1 -2 -3 4 5 -6 7 8 9 -10 11 12 -13 14 15 16 17 18 19 -20 21 22 -23 -24 -25 -26 -27 -28 29 30 31 32 33 34 35 -36 -37 38 -39 -40 41 42 43 44 -45 46 -47 48 -49 50 0
uf50-0644 8996 1 -2 -3 4 5 -6 7 8 9 10 11 12 -13 14 15 16 17 -18 19 -20 21 22 -23 -24 -25 -26 -27 -28 29 30 31 32 33 34 35 -36 -37 38 -39 40 41 42 43 44 -45 46 -47 48 -49 50 0
uf50-0644 8996 1 -2 -3 4 5 -6 7 8 9 10 11 12 -13 14 15 16 17 -18 19 -20 21 22 -23 -24 -25 -26 -27 -28 29 30 31 32 33 34 35 -36 -37 38 -39 40 41 42 43 44 -45 46 -47 48 -49 50 0
uf50-0644 9028 1 -2 -3 4 5 -6 7 8 9 -10 11 12 -13 14 15 16 17 18 19 -20 21 22 -23 -24 -25 -26 -27 -28 29 30 31 32 33 34 35 -36 -37 38 -39 -40 41 42 43 44 -45 46 -47 48 -49 50 0
uf50-0644 8996 1 -2 -3 4 5 -6 7 8 9 10 11 12 -13 14 15 16 17 -18 19 -20 21 22 -23 -24 -25 -26 -27 -28 29 30 31 32 33 34 35 -36 -37 38 -39 40 41 42 43 44 -45 46 -47 48 -49 50 0
uf50-0644 9028 1 -2 -3 4 5 -6 7 8 9 -10 11 12 -13 14 15 16 17 18 19 -20 21 22 -23 -24 -25 -26 -27 -28 29 30 31 32 33 34 35 -36 -37 38 -39 -40 41 42 43 44 -45 46 -47 48 -49 50 0
uf50-0644 9028 1 -2 -3 4 5 -6 7 8 9 -10 11 12 -13 14 15 16 17 18 19 -20 21 22 -23 -24 -25 -26 -27 -28 29 30 31 32 33 34 35 -36 -37 38 -39 -40 41 42 43 44 -45 46 -47 48 -49 50 0
uf50-0644 9028 1 -2 -3 4 5 -6 7 8 9 -10 11 12 -13 14 15 16 17 18 19 -20 21 22 -23 -24 -25 -26 -27 -28 29 30 31 32 33 34 35 -36 -37 38 -39 -40 41 42 43 44 -45 46 -47 48 -49 50 0
uf50-0644 9028 1 -2 -3 4 5 -6 7 8 9 -10 11 12 -13 14 15 16 17 18 19 -20 21 22 -23 -24 -25 -26 -27 -28 29 30 31 32 33 34 35 -36 -37 38 -39 -40 41 42 43 44 -45 46 -47 48 -49 50 0
uf50-0644 8996 1 -2 -3 4 5 -6 7 8 9 10 11 12 -13 14 15 16 17 -18 19 -20 21 22 -23 -24 -25 -26 -27 -28 29 30 31 32 33 34 35 -36 -37 38 -39 40 41 42 43 44 -45 46 -47 48 -49 50 0
uf50-0644 9028 1 -2 -3 4 5 -6 7 8 9 -10 11 12 -13 14 15 16 17 18 19 -20 21 22 -23 -24 -25 -26 -27 -28 29 30 31 32 33 34 35 -36 -37 38 -39 -40 41 42 43 44 -45 46 -47 48 -49 50 0
uf50-0644 8920 1 -2 -3 4 5 -6 -7 8 9 -10 11 12 -13 14 15 16 17 18 19 -20 21 22 -23 -24 -25 -26 -27 -28 29 30 31 32 33 34 35 -36 -37 38 -39 -40 41 42 43 -44 -45 46 -47 48 -49 50 0
uf50-0644 9028 1 -2 -3 4 5 -6 7 8 9 -10 11 12 -13 14 15 16 17 18 19 -20 21 22 -23 -24 -25 -26 -27 -28 29 30 31 32 33 34 35 -36 -37 38 -39 -40 41 42 43 44 -45 46 -47 48 -49 50 0
uf50-0644 9028 1 -2 -3 4 5 -6 7 8 9 -10 11 12 -13 14 15 16 17 18 19 -20 21 22 -23 -24 -25 -26 -27 -28 29 30 31 32 33 34 35 -36 -37 38 -39 -40 41 42 43 44 -45 46 -47 48 -49 50 0
uf50-0644 9028 1 -2 -3 4 5 -6 7 8 9 -10 11 12 -13 14 15 16 17 18 19 -20 21 22 -23 -24 -25 -26 -27 -28 29 30 31 32 33 34 35 -36 -37 38 -39 -40 41 42 43 44 -45 46 -47 48 -49 50 0
uf50-0644 8996 1 -2 -3 4 5 -6 7 8 9 10 11 12 -13 14 15 16 17 -18 19 -20 21 22 -23 -24 -25 -26 -27 -28 29 30 31 32 33 34 35 -36 -37 38 -39 40 41 42 43 44 -45 46 -47 48 -49 50 0
uf50-0644 9028 1 -2 -3 4 5 -6 7 8 9 -10 11 12 -13 14 15 16 17 18 19 -20 21 22 -23 -24 -25 -26 -27 -28 29 30 31 32 33 34 35 -36 -37 38 -39 -40 41 42 43 44 -45 46 -47 48 -49 50 0
uf50-0644 8996 1 -2 -3 4 5 -6 7 8 9 10 11 12 -13 14 15 16 17 -18 19 -20 21 22 -23 -24 -25 -26 -27 -28 29 30 31 32 33 34 35 -36 -37 38 -39 40 41 42 43 44 -45 46 -47 48 -49 50 0
uf50-0644 8996 1 -2 -3 4 5 -6 7 8 9 10 11 12 -13 14 15 16 17 -18 19 -20 21 22 -23 -24 -25 -26 -27 -28 29 30 31 32 33 34 35 -36 -37 38 -39 40 41 42 43 44 -45 46 -47 48 -49 50 0
uf50-0644 9028 1 -2 -3 4 5 -6 7 8 9 -10 11 12 -13 14 15 16 17 18 19 -20 21 22 -23 -24 -25 -26 -27 -28 29 30 31 32 33 34 35 -36 -37 38 -39 -40 41 42 43 44 -45 46 -47 48 -49 50 0
uf50-0644 8996 1 -2 -3 4 5 -6 7 8 9 10 11 12 -13 14 15 16 17 -18 19 -20 21 22 -23 -24 -25 -26 -27 -28 29 30 31 32 33 34 35 -36 -37 38 -39 40 41 42 43 44 -45 46 -47 48 -49 50 0
uf50-0644 9028 1 -2 -3 4 5 -6 7 8 9 -10 11 12 -13 14 15 16 17 18 19 -20 21 22 -23 -24 -25 -26 -27 -28 29 30 31 32 33 34 35 -36 -37 38 -39 -40 41 42 43 44 -45 46 -47 48 -49 50 0
uf50-0644 9028 1 -2 -3 4 5 -6 7 8 9 -10 11 12 -13 14 15 16 17 18 19 -20 21 22 -23 -24 -25 -26 -27 -28 29 30 31 32 33 34 35 -36 -37 38 -39 -40 41 42 43 44 -45 46 -47 48 -49 50 0
uf50-0644 8996 1 -2 -3 4 5 -6 7 8 9 10 11 12 -13 14 15 16 17 -18 19 -20 21 22 -23 -24 -25 -26 -27 -28 29 30 31 32 33 34 35 -36 -37 38 -39 40 41 42 43 44 -45 46 -47 48 -49 50 0
uf50-0644 9028 1 -2 -3 4 5 -6 7 8 9 -10 11 12 -13 14 15 16 17 18 19 -20 21 22 -23 -24 -25 -26 -27 -28 29 30 31 32 33 34 35 -36 -37 38 -39 -40 41 42 43 44 -45 46 -47 48 -49 50 0
uf50-0644 9028 1 -2 -3 4 5 -6 7 8 9 -10 11 12 -13 14 15 16 17 18 19 -20 21 22 -23 -24 -25 -26 -27 -28 29 30 31 32 33 34 35 -36 -37 38 -39 -40 41 42 43 44 -45 46 -47 48 -49 50 0
uf50-0996 217 0
uf50-0996 217 0
uf50-0996 217 0
uf50-0996 216 0
uf50-0996 8590 1 2 -3 -4 -5 6 -7 8 -9 10 -11 12 -13 -14 15 16 17 18 19 -20 -21 -22 23 24 -25 -26 27 28 -29 30 31 -32 33 34 35 -36 -37 -38 39 -40 41 -42 -43 44 -45 -46 -47 -48 -49 -50 0
uf50-0996 217 0
uf50-0996 217 0
uf50-0996 216 0
uf50-0996 217 0
uf50-0996 216 0
uf50-0996 217 0
uf50-0996 217 0
uf50-0996 216 0
uf50-0996 216 0
uf50-0996 8832 1 2 -3 4 -5 6 -7 8 -9 10 -11 12 -13 -14 15 -16 17 18 19 -20 -21 -22 23 24 -25 -26 27 28 -29 30 31 -32 -33 34 35 -36 37 -38 39 -40 41 -42 -43 44 -45 -46 -47 -48 -49 -50 0
uf50-0996 216 0
uf50-0996 217 0
uf50-0996 217 0
uf50-0996 216 0
uf50-0996 217 0
uf50-0996 217 0
uf50-0996 217 0
uf50-0996 8654 1 2 -3 -4 -5 6 -7 -8 -9 10 -11 12 -13 -14 15 16 17 18 19 -20 -21 -22 23 24 -25 -26 27 -28 -29 30 31 -32 33 34 35 -36 37 -38 39 -40 41 -42 -43 44 -45 -46 -47 -48 -49 -50 0
uf50-0996 217 0
uf50-0996 217 0
uf50-0996 9253 1 2 -3 4 -5 6 -7 8 -9 10 -11 12 -13 -14 15 -16 17 18 19 -20 -21 -22 23 24 -25 -26 27 28 -29 30 31 -32 33 34 35 -36 37 -38 39 -40 41 42 -43 44 -45 -46 -47 -48 -49 -50 0
uf50-0996 9087 1 2 -3 4 -5 6 -7 8 -9 10 -11 12 -13 -14 15 -16 17 18 19 -20 -21 -22 23 24 -25 -26 27 -28 -29 30 31 -32 33 34 35 -36 37 -38 39 -40 41 42 -43 44 -45 -46 -47 -48 -49 -50 0
uf50-0996 216 0
uf50-0996 216 0
uf50-0996 217 0
uf50-0996 215 0
uf50-0996 8845 1 2 -3 4 -5 6 -7 8 -9 10 -11 12 -13 -14 15 16 17 18 19 -20 -21 -22 23 24 -25 -26 27 28 -29 30 31 -32 33 34 35 -36 -37 -38 39 -40 41 -42 -43 44 -45 -46 -47 -48 -49 -50 0
uf50-0996 216 0
uf50-0996 217 0
uf50-0996 217 0
uf50-0996 216 0
uf50-0996 9253 1 2 -3 4 -5 6 -7 8 -9 10 -11 12 -13 -14 15 -16 17 18 19 -20 -21 -22 23 24 -25 -26 27 28 -29 30 31 -32 33 34 35 -36 37 -38 39 -40 41 42 -43 44 -45 -46 -47 -48 -49 -50 0
uf50-0996 217 0
uf50-0996 217 0
uf50-0996 9253 1 2 -3 4 -5 6 -7 8 -9 10 -11 12 -13 -14 15 -16 17 18 19 -20 -21 -22 23 24 -25 -26 27 28 -29 30 31 -32 33 34 35 -36 37 -38 39 -40 41 42 -43 44 -45 -46 -47 -48 -49 -50 0
uf50-0996 217 0
uf50-0996 8258 1 2 -3 4 -5 6 -7 -8 -9 10 -11 12 -13 -14 15 -16 17 18 19 -20 -21 -22 23 24 -25 -26 27 -28 -29 30 31 -32 -33 34 35 -36 37 -38 39 -40 41 -42 -43 -44 -45 -46 -47 -48 -49 -50 0
uf50-0996 217 0
uf50-0996 216 0
uf50-0996 216 0
uf50-0996 9253 1 2 -3 4 -5 6 -7 8 -9 10 -11 12 -13 -14 15 -16 17 18 19 -20 -21 -22 23 24 -25 -26 27 28 -29 30 31 -32 33 34 35 -36 37 -38 39 -40 41 42 -43 44 -45 -46 -47 -48 -49 -50 0
uf50-0996 216 0
uf50-0996 217 0
uf50-0996 8437 1 2 -3 -4 -5 6 -7 -8 -9 10 -11 12 -13 -14 15 16 17 18 19 -20 -21 -22 23 24 -25 -26 27 -28 -29 30 31 -32 -33 34 35 -36 37 -38 39 -40 41 -42 -43 44 -45 -46 -47 -48 -49 -50 0
uf50-0996 216 0
uf50-0196 6833 1 -2 -3 4 5 6 -7 8 9 10 11 12 -13 -14 15 16 -17 -18 19 -20 -21 -22 -23 -24 -25 26 27 28 29 -30 -31 -32 33 34 35 -36 37 -38 39 40 -41 42 -43 44 -45 -46 47 48 49 50 0
uf50-0196 217 0
uf50-0196 7974 1 -2 -3 -4 -5 -6 -7 8 9 10 11 12 -13 14 15 16 -17 -18 -19 -20 -21 22 23 24 -25 26 27 -28 29 30 -31 32 -33 -34 35 -36 -37 -38 -39 40 -41 -42 43 44 -45 46 47 48 -49 -50 0
uf50-0196 6459 1 -2 -3 4 5 -6 -7 8 9 10 11 12 -13 -14 15 16 -17 -18 19 -20 -21 -22 -23 -24 -25 -26 27 28 29 -30 -31 -32 33 34 35 -36 37 -38 -39 40 -41 42 -43 44 -45 -46 47 48 49 50 0
uf50-0196 217 0
uf50-0196 217 0
uf50-0196 217 0
uf50-0196 217 0
uf50-0196 217 0
uf50-0196 6833 1 -2 -3 4 5 6 -7 8 9 10 11 12 -13 -14 15 16 -17 -18 19 -20 -21 -22 -23 -24 -25 26 27 28 29 -30 -31 -32 33 34 35 -36 37 -38 39 40 -41 42 -43 44 -45 -46 47 48 49 50 0
uf50-0196 217 0
uf50-0196 217 0
uf50-0196 6833 1 -2 -3 4 5 6 -7 8 9 10 11 12 -13 -14 15 16 -17 -18 19 -20 -21 -22 -23 -24 -25 26 27 28 29 -30 -31 -32 33 34 35 -36 37 -38 39 40 -41 42 -43 44 -45 -46 47 48 49 50 0
uf50-0196 8000 1 -2 -3 4 -5 -6 -7 8 9 10 11 12 -13 14 15 16 -17 -18 -19 -20 -21 22 23 24 -25 26 27 -28 29 30 -31 32 -33 -34 35 -36 -37 -38 -39 40 -41 -42 43 44 -45 -46 47 48 -49 -50 0
uf50-0196 217 0
uf50-0196 217 0
uf50-0196 6833 1 -2 -3 4 5 6 -7 8 9 10 11 12 -13 -14 15 16 -17 -18 19 -20 -21 -22 -23 -24 -25 26 27 28 29 -30 -31 -32 33 34 35 -36 37 -38 39 40 -41 42 -43 44 -45 -46 47 48 49 50 0
uf50-0196 6833 1 -2 -3 4 5 6 -7 8 9 10 11 12 -13 -14 15 16 -17 -18 19 -20 -21 -22 -23 -24 -25 26 27 28 29 -30 -31 -32 33 34 35 -36 37 -38 39 40 -41 42 -43 44 -45 -46 47 48 49 50 0
uf50-0196 7324 1 2 -3 -4 -5 -6 -7 8 9 -10 11 12 -13 14 -15 16 -17 -18 -19 -20 -21 22 -23 -24 25 -26 27 28 29 30 -31 -32 -33 -34 35 -36 37 -38 -39 40 -41 -42 -43 44 45 -46 47 48 -49 -50 0
uf50-0196 6459 1 -2 -3 4 5 -6 -7 8 9 10 11 12 -13 -14 15 16 -17 -18 19 -20 -21 -22 -23 -24 -25 -26 27 28 29 -30 -31 -32 33 34 35 -36 37 -38 -39 40 -41 42 -43 44 -45 -46 47 48 49 50 0
uf50-0196 217 0
uf50-0196 217 0
uf50-0196 217 0
uf50-0196 6833 1 -2 -3 4 5 6 -7 8 9 10 11 12 -13 -14 15 16 -17 -18 19 -20 -21 -22 -23 -24 -25 26 27 28 29 -30 -31 -32 33 34 35 -36 37 -38 39 40 -41 42 -43 44 -45 -46 47 48 49 50 0
uf50-0196 217 0
uf50-0196 217 0
uf50-0196 217 0
uf50-0196 6607 1 -2 -3 4 5 -6 -7 8 9 10 11 12 -13 -14 -15 16 -17 -18 19 -20 -21 -22 -23 -24 -25 26 27 28 29 -30 -31 -32 33 34 35 -36 37 -38 39 40 -41 42 -43 44 -45 -46 47 48 49 50 0
uf50-0196 217 0
uf50-0196 216 0
uf50-0196 6616 1 -2 -3 4 5 6 -7 8 9 10 11 12 -13 -14 -15 16 -17 -18 19 -20 -21 -22 -23 -24 -25 26 27 28 29 -30 -31 -32 33 34 35 -36 37 -38 39 40 -41 42 -43 44 -45 -46 47 48 49 50 0
uf50-0196 6676 1 -2 -3 4 5 -6 -7 8 9 10 11 12 -13 -14 15 16 -17 -18 19 -20 -21 -22 -23 -24 -25 -26 27 28 29 -30 -31 -32 33 34 35 -36 37 -38 39 40 -41 42 -43 44 -45 -46 47 48 49 50 0
uf50-0196 6833 1 -2 -3 4 5 6 -7 8 9 10 11 12 -13 -14 15 16 -17 -18 19 -20 -21 -22 -23 -24 -25 26 27 28 29 -30 -31 -32 33 34 35 -36 37 -38 39 40 -41 42 -43 44 -45 -46 47 48 49 50 0
uf50-0196 217 0
uf50-0196 8000 1 -2 -3 4 -5 -6 -7 8 9 10 11 12 -13 14 15 16 -17 -18 -19 -20 -21 22 23 24 -25 26 27 -28 29 30 -31 32 -33 -34 35 -36 -37 -38 -39 40 -41 -42 43 44 -45 -46 47 48 -49 -50 0
uf50-0196 217 0
uf50-0196 217 0
uf50-0196 6616 1 -2 -3 4 5 6 -7 8 9 10 11 12 -13 -14 -15 16 -17 -18 19 -20 -21 -22 -23 -24 -25 26 27 28 29 -30 -31 -32 33 34 35 -36 37 -38 39 40 -41 42 -43 44 -45 -46 47 48 49 50 0
uf50-0196 6459 1 -2 -3 4 5 -6 -7 8 9 10 11 12 -13 -14 15 16 -17 -18 19 -20 -21 -22 -23 -24 -25 -26 27 28 29 -30 -31 -32 33 34 35 -36 37 -38 -39 40 -41 42 -43 44 -45 -46 47 48 49 50 0
uf50-0196 6833 1 -2 -3 4 5 6 -7 8 9 10 11 12 -13 -14 15 16 -17 -18 19 -20 -21 -22 -23 -24 -25 26 27 28 29 -30 -31 -32 33 34 35 -36 37 -38 39 40 -41 42 -43 44 -45 -46 47 48 49 50 0
uf50-0196 8061 1 -2 -3 4 -5 -6 -7 8 9 10 11 12 -13 14 15 16 -17 -18 -19 -20 -21 22 23 24 -25 26 27 -28 29 30 -31 32 -33 -34 35 -36 -37 -38 -39 40 -41 -42 43 44 -45 46 47 48 -49 -50 0
uf50-0196 217 0
uf50-0196 217 0
uf50-0196 6824 1 -2 -3 4 5 -6 -7 8 9 10 11 12 -13 -14 15 16 -17 -18 19 -20 -21 -22 -23 -24 -25 26 27 28 29 -30 -31 -32 33 34 35 -36 37 -38 39 40 -41 42 -43 44 -45 -46 47 48 49 50 0
uf50-0196 217 0
uf50-0196 6833 1 -2 -3 4 5 6 -7 8 9 10 11 12 -13 -14 15 16 -17 -18 19 -20 -21 -22 -23 -24 -25 26 27 28 29 -30 -31 -32 33 34 35 -36 37 -38 39 40 -41 42 -43 44 -45 -46 47 48 49 50 0
uf50-0196 217 0
uf50-0196 217 0
uf50-0196 217 0
uf50-0196 6833 1 -2 -3 4 5 6 -7 8 9 10 11 12 -13 -14 15 16 -17 -18 19 -20 -21 -22 -23 -24 -25 26 27 28 29 -30 -31 -32 33 34 35 -36 37 -38 39 40 -41 42 -43 44 -45 -46 47 48 49 50 0
uf50-0799 10995 -1 2 3 4 -5 6 -7 8 9 10 -11 -12 -13 14 15 16 -17 -18 19 -20 -21 22 23 24 25 26 27 -28 -29 30 -31 -32 -33 -34 35 36 -37 38 39 -40 41 42 -43 -44 45 -46 47 48 -49 -50 0
uf50-0799 10995 -1 2 3 4 -5 6 -7 8 9 10 -11 -12 -13 14 15 16 -17 -18 19 -20 -21 22 23 24 25 26 27 -28 -29 30 -31 -32 -33 -34 35 36 -37 38 39 -40 41 42 -43 -44 45 -46 47 48 -49 -50 0
uf50-0799 11284 -1 2 3 4 -5 6 -7 8 9 10 -11 -12 -13 14 15 16 -17 -18 19 -20 -21 22 23 24 25 26 27 -28 -29 30 31 -32 -33 -34 35 36 -37 38 39 -40 41 42 -43 -44 45 -46 47 48 -49 -50 0
uf50-0799 11284 -1 2 3 4 -5 6 -7 8 9 10 -11 -12 -13 14 15 16 -17 -18 19 -20 -21 22 23 24 25 26 27 -28 -29 30 31 -32 -33 -34 35 36 -37 38 39 -40 41 42 -43 -44 45 -46 47 48 -49 -50 0
uf50-0799 217 0
uf50-0799 217 0
uf50-0799 11284 -1 2 3 4 -5 6 -7 8 9 10 -11 -12 -13 14 15 16 -17 -18 19 -20 -21 22 23 24 25 26 27 -28 -29 30 31 -32 -33 -34 35 36 -37 38 39 -40 41 42 -43 -44 45 -46 47 48 -49 -50 0
uf50-0799 217 0
uf50-0799 217 0
uf50-0799 217 0
uf50-0799 10995 -1 2 3 4 -5 6 -7 8 9 10 -11 -12 -13 14 15 16 -17 -18 19 -20 -21 22 23 24 25 26 27 -28 -29 30 -31 -32 -33 -34 35 36 -37 38 39 -40 41 42 -43 -44 45 -46 47 48 -49 -50 0
uf50-0799 11187 -1 2 3 4 -5 6 -7 8 9 10 -11 -12 -13 14 15 16 -17 -18 19 -20 -21 22 23 24 25 26 27 -28 -29 30 31 -32 -33 -34 35 36 -37 38 39 -40 41 42 -43 -44 45 -46 -47 48 -49 -50 0
uf50-0799 11284 -1 2 3 4 -5 6 -7 8 9 10 -11 -12 -13 14 15 16 -17 -18 19 -20 -21 22 23 24 25 26 27 -28 -29 30 31 -32 -33 -34 35 36 -37 38 39 -40 41 42 -43 -44 45 -46 47 48 -49 -50 0
uf50-0799 11284 -1 2 3 4 -5 6 -7 8 9 10 -11 -12 -13 14 15 16 -17 -18 19 -20 -21 22 23 24 25 26 27 -28 -29 30 31 -32 -33 -34 35 36 -37 38 39 -40 41 42 -43 -44 45 -46 47 48 -49 -50 0
uf50-0799 217 0
uf50-0799 10994 -1 2 3 4 -5 6 -7 8 9 10 -11 -12 -13 14 15 16 -17 -18 19 -20 -21 22 23 24 25 26 27 -28 -29 30 31 -32 -33 -34 35 36 -37 38 39 -40 41 -42 -43 -44 45 -46 -47 48 -49 -50 0
uf50-0799 217 0
uf50-0799 10995 -1 2 3 4 -5 6 -7 8 9 10 -11 -12 -13 14 15 16 -17 -18 19 -20 -21 22 23 24 25 26 27 -28 -29 30 -31 -32 -33 -34 35 36 -37 38 39 -40 41 42 -43 -44 45 -46 47 48 -49 -50 0
uf50-0799 10995 -1 2 3 4 -5 6 -7 8 9 10 -11 -12 -13 14 15 16 -17 -18 19 -20 -21 22 23 24 25 26 27 -28 -29 30 -31 -32 -33 -34 35 36 -37 38 39 -40 41 42 -43 -44 45 -46 47 48 -49 -50 0
uf50-0799 10995 -1 2 3 4 -5 6 -7 8 9 10 -11 -12 -13 14 15 16 -17 -18 19 -20 -21 22 23 24 25 26 27 -28 -29 30 -31 -32 -33 -34 35 36 -37 38 39 -40 41 42 -43 -44 45 -46 47 48 -49 -50 0
uf50-0799 217 0
uf50-0799 217 0
uf50-0799 217 0
uf50-0799 217 0
uf50-0799 11284 -1 2 3 4 -5 6 -7 8 9 10 -11 -12 -13 14 15 16 -17 -18 19 -20 -21 22 23 24 25 26 27 -28 -29 30 31 -32 -33 -34 35 36 -37 38 39 -40 41 42 -43 -44 45 -46 47 48 -49 -50 0
uf50-0799 10802 -1 2 3 4 -5 6 -7 8 9 10 -11 -12 13 14 15 16 -17 -18 19 -20 -21 22 23 24 25 26 27 -28 -29 30 31 -32 -33 -34 35 -36 -37 38 39 -40 41 -42 -43 -44 45 -46 -47 48 -49 -50 0
uf50-0799 217 0
uf50-0799 217 0
uf50-0799 217 0
uf50-0799 10995 -1 2 3 4 -5 6 -7 8 9 10 -11 -12 -13 14 15 16 -17 -18 19 -20 -21 22 23 24 25 26 27 -28 -29 30 -31 -32 -33 -34 35 36 -37 38 39 -40 41 42 -43 -44 45 -46 47 48 -49 -50 0
uf50-0799 10995 -1 2 3 4 -5 6 -7 8 9 10 -11 -12 -13 14 15 16 -17 -18 19 -20 -21 22 23 24 25 26 27 -28 -29 30 -31 -32 -33 -34 35 36 -37 38 39 -40 41 42 -43 -44 45 -46 47 48 -49 -50 0
uf50-0799 217 0
uf50-0799 11284 -1 2 3 4 -5 6 -7 8 9 10 -11 -12 -13 14 15 16 -17 -18 19 -20 -21 22 23 24 25 26 27 -28 -29 30 31 -32 -33 -34 35 36 -37 38 39 -40 41 42 -43 -44 45 -46 47 48 -49 -50 0
uf50-0799 10851 1 2 3 4 -5 6 -7 8 9 10 -11 -12 13 14 15 16 -17 -18 19 -20 -21 22 23 24 25 26 27 -28 -29 30 31 -32 -33 -34 35 -36 -37 38 39 -40 41 -42 -43 -44 45 -46 -47 48 -49 -50 0
uf50-0799 217 0
uf50-0799 11284 -1 2 3 4 -5 6 -7 8 9 10 -11 -12 -13 14 15 16 -17 -18 19 -20 -21 22 23 24 25 26 27 -28 -29 30 31 -32 -33 -34 35 36 -37 38 39 -40 41 42 -43 -44 45 -46 47 48 -49 -50 0
uf50-0799 11284 -1 2 3 4 -5 6 -7 8 9 10 -11 -12 -13 14 15 16 -17 -18 19 -20 -21 22 23 24 25 26 27 -28 -29 30 31 -32 -33 -34 35 36 -37 38 39 -40 41 42 -43 -44 45 -46 47 48 -49 -50 0
uf50-0799 10995 -1 2 3 4 -5 6 -7 8 9 10 -11 -12 -13 14 15 16 -17 -18 19 -20 -21 22 23 24 25 26 27 -28 -29 30 -31 -32 -33 -34 35 36 -37 38 39 -40 41 42 -43 -44 45 -46 47 48 -49 -50 0
uf50-0799 10851 1 2 3 4 -5 6 -7 8 9 10 -11 -12 13 14 15 16 -17 -18 19 -20 -21 22 23 24 25 26 27 -28 -29 30 31 -32 -33 -34 35 -36 -37 38 39 -40 41 -42 -43 -44 45 -46 -47 48 -49 -50 0
uf50-0799 10995 -1 2 3 4 -5 6 -7 8 9 10 -11 -12 -13 14 15 16 -17 -18 19 -20 -21 22 23 24 25 26 27 -28 -29 30 -31 -32 -33 -34 35 36 -37 38 39 -40 41 42 -43 -44 45 -46 47 48 -49 -50 0
uf50-0799 217 0
uf50-0799 11284 -1 2 3 4 -5 6 -7 8 9 10 -11 -12 -13 14 15 16 -17 -18 19 -20 -21 22 23 24 25 26 27 -28 -29 30 31 -32 -33 -34 35 36 -37 38 39 -40 41 42 -43 -44 45 -46 47 48 -49 -50 0
uf50-0799 11187 -1 2 3 4 -5 6 -7 8 9 10 -11 -12 -13 14 15 16 -17 -18 19 -20 -21 22 23 24 25 26 27 -28 -29 30 31 -32 -33 -34 35 36 -37 38 39 -40 41 42 -43 -44 45 -46 -47 48 -49 -50 0
uf50-0799 11284 -1 2 3 4 -5 6 -7 8 9 10 -11 -12 -13 14 15 16 -17 -18 19 -20 -21 22 23 24 25 26 27 -28 -29 30 31 -32 -33 -34 35 36 -37 38 39 -40 41 42 -43 -44 45 -46 47 48 -49 -50 0
uf50-0799 10995 -1 2 3 4 -5 6 -7 8 9 10 -11 -12 -13 14 15 16 -17 -18 19 -20 -21 22 23 24 25 26 27 -28 -29 30 -31 -32 -33 -34 35 36 -37 38 39 -40 41 42 -43 -44 45 -46 47 48 -49 -50 0
uf50-0799 10995 -1 2 3 4 -5 6 -7 8 9 10 -11 -12 -13 14 15 16 -17 -18 19 -20 -21 22 23 24 25 26 27 -28 -29 30 -31 -32 -33 -34 35 36 -37 38 39 -40 41 42 -43 -44 45 -46 47 48 -49 -50 0
uf50-0799 11284 -1 2 3 4 -5 6 -7 8 9 10 -11 -12 -13 14 15 16 -17 -18 19 -20 -21 22 23 24 25 26 27 -28 -29 30 31 -32 -33 -34 35 36 -37 38 39 -40 41 42 -43 -44 45 -46 47 48 -49 -50 0
uf50-0799 217 0
uf50-0799 217 0
uf50-0799 11284 -1 2 3 4 -5 6 -7 8 9 10 -11 -12 -13 14 15 16 -17 -18 19 -20 -21 22 23 24 25 26 27 -28 -29 30 31 -32 -33 -34 35 36 -37 38 39 -40 41 42 -43 -44 45 -46 47 48 -49 -50 0
uf50-0500 217 0
uf50-0500 217 0
uf50-0500 217 0
uf50-0500 217 0
uf50-0500 217 0
uf50-0500 217 0
uf50-0500 217 0
uf50-0500 217 0
uf50-0500 217 0
uf50-0500 217 0
uf50-0500 217 0
uf50-0500 217 0
uf50-0500 217 0
uf50-0500 11212 1 2 -3 4 5 6 -7 8 9 10 11 12 13 14 15 16 -17 -18 -19 -20 21 -22 23 -24 -25 -26 -27 -28 -29 -30 -31 -32 -33 34 35 36 37 38 -39 -40 -41 -42 43 -44 45 46 47 48 49 -50 0
uf50-0500 217 0
uf50-0500 217 0
uf50-0500 217 0
uf50-0500 11212 1 2 -3 4 5 6 -7 8 9 10 11 12 13 14 15 16 -17 -18 -19 -20 21 -22 23 -24 -25 -26 -27 -28 -29 -30 -31 -32 -33 34 35 36 37 38 -39 -40 -41 -42 43 -44 45 46 47 48 49 -50 0
uf50-0500 217 0
uf50-0500 217 0
uf50-0500 217 0
uf50-0500 11067 1 2 -3 4 5 6 -7 8 -9 10 11 12 13 14 15 16 -17 -18 -19 -20 21 -22 23 -24 -25 -26 -27 -28 -29 -30 -31 -32 -33 34 35 36 37 38 -39 -40 -41 -42 43 -44 45 46 47 48 49 -50 0
uf50-0500 217 0
uf50-0500 217 0
uf50-0500 10995 1 2 -3 4 5 6 -7 8 -9 10 11 12 13 14 15 16 -17 -18 -19 -20 21 -22 -23 24 -25 -26 -27 -28 -29 -30 -31 -32 -33 34 35 36 37 38 -39 -40 -41 -42 43 -44 45 46 47 48 49 -50 0
uf50-0500 217 0
uf50-0500 217 0
uf50-0500 217 0
uf50-0500 217 0
uf50-0500 217 0
uf50-0500 217 0
uf50-0500 217 0
uf50-0500 217 0
uf50-0500 217 0
uf50-0500 11212 1 2 -3 4 5 6 -7 8 9 10 11 12 13 14 15 16 -17 -18 -19 -20 21 -22 23 -24 -25 -26 -27 -28 -29 -30 -31 -32 -33 34 35 36 37 38 -39 -40 -41 -42 43 -44 45 46 47 48 49 -50 0
uf50-0500 11212 1 2 -3 4 5 6 -7 8 9 10 11 12 13 14 15 16 -17 -18 -19 -20 21 -22 23 -24 -25 -26 -27 -28 -29 -30 -31 -32 -33 34 35 36 37 38 -39 -40 -41 -42 43 -44 45 46 47 48 49 -50 0
uf50-0500 11212 1 2 -3 4 5 6 -7 8 9 10 11 12 13 14 15 16 -17 -18 -19 -20 21 -22 23 -24 -25 -26 -27 -28 -29 -30 -31 -32 -33 34 35 36 37 38 -39 -40 -41 -42 43 -44 45 46 47 48 49 -50 0
uf50-0500 217 0
uf50-0500 217 0
uf50-0500 217 0
uf50-0500 217 0
uf50-0500 217 0
uf50-0500 217 0
uf50-0500 217 0
uf50-0500 217 0
uf50-0500 217 0
uf50-0500 217 0
uf50-0500 11212 1 2 -3 4 5 6 -7 8 9 10 11 12 13 14 15 16 -17 -18 -19 -20 21 -22 23 -24 -25 -26 -27 -28 -29 -30 -31 -32 -33 34 35 36 37 38 -39 -40 -41 -42 43 -44 45 46 47 48 49 -50 0
uf50-0500 217 0
uf50-0500 217 0
uf50-0496 10320 1 -2 3 4 -5 -6 -7 -8 9 10 11 12 13 -14 -15 -16 -17 -18 -19 20 21 -22 23 -24 25 -26 27 28 29 30 31 32 -33 34 -35 36 37 38 39 -40 -41 42 -43 44 45 46 47 48 49 -50 0
uf50-0496 10320 1 -2 3 4 -5 -6 -7 -8 9 10 11 12 13 -14 -15 -16 -17 -18 -19 20 21 -22 23 -24 25 -26 27 28 29 30 31 32 -33 34 -35 36 37 38 39 -40 -41 42 -43 44 45 46 47 48 49 -50 0
uf50-0496 10320 1 -2 3 4 -5 -6 -7 -8 9 10 11 12 13 -14 -15 -16 -17 -18 -19 20 21 -22 23 -24 25 -26 27 28 29 30 31 32 -33 34 -35 36 37 38 39 -40 -41 42 -43 44 45 46 47 48 49 -50 0
uf50-0496 10320 1 -2 3 4 -5 -6 -7 -8 9 10 11 12 13 -14 -15 -16 -17 -18 -19 20 21 -22 23 -24 25 -26 27 28 29 30 31 32 -33 34 -35 36 37 38 39 -40 -41 42 -43 44 45 46 47 48 49 -50 0
uf50-0496 10320 1 -2 3 4 -5 -6 -7 -8 9 10 11 12 13 -14 -15 -16 -17 -18 -19 20 21 -22 23 -24 25 -26 27 28 29 30 31 32 -33 34 -35 36 37 38 39 -40 -41 42 -43 44 45 46 47 48 49 -50 0
uf50-0496 10276 1 -2 3 4 -5 -6 -7 -8 9 10 11 12 13 -14 -15 -16 -17 -18 -19 20 21 22 23 -24 25 -26 27 28 29 30 31 -32 33 34 -35 36 37 -38 -39 -40 -41 42 -43 44 45 46 47 48 49 -50 0
uf50-0496 10320 1 -2 3 4 -5 -6 -7 -8 9 10 11 12 13 -14 -15 -16 -17 -18 -19 20 21 -22 23 -24 25 -26 27 28 29 30 31 32 -33 34 -35 36 37 38 39 -40 -41 42 -43 44 45 46 47 48 49 -50 0
uf50-0496 10320 1 -2 3 4 -5 -6 -7 -8 9 10 11 12 13 -14 -15 -16 -17 -18 -19 20 21 -22 23 -24 25 -26 27 28 29 30 31 32 -33 34 -35 36 37 38 39 -40 -41 42 -43 44 45 46 47 48 49 -50 0
uf50-0496 10320 1 -2 3 4 -5 -6 -7 -8 9 10 11 12 13 -14 -15 -16 -17 -18 -19 20 21 -22 23 -24 25 -26 27 28 29 30 31 32 -33 34 -35 36 37 38 39 -40 -41 42 -43 44 45 46 47 48 49 -50 0
uf50-0496 10320 1 -2 3 4 -5 -6 -7 -8 9 10 11 12 13 -14 -15 -16 -17 -18 -19 20 21 -22 23 -24 25 -26 27 28 29 30 31 32 -33 34 -35 36 37 38 39 -40 -41 42 -43 44 45 46 47 48 49 -50 0
uf50-0496 10320 1 -2 3 4 -5 -6 -7 -8 9 10 11 12 13 -14 -15 -16 -17 -18 -19 20 21 -22 23 -24 25 -26 27 28 29 30 31 32 -33 34 -35 36 37 38 39 -40 -41 42 -43 44 45 46 47 48 49 -50 0
uf50-0496 10320 1 -2 3 4 -5 -6 -7 -8 9 10 11 12 13 -14 -15 -16 -17 -18 -19 20 21 -22 23 -24 25 -26 27 28 29 30 31 32 -33 34 -35 36 37 38 39 -40 -41 42 -43 44 45 46 47 48 49 -50 0
uf50-0496 10320 1 -2 3 4 -5 -6 -7 -8 9 10 11 12 13 -14 -15 -16 -17 -18 -19 20 21 -22 23 -24 25 -26 27 28 29 30 31 32 -33 34 -35 36 37 38 39 -40 -41 42 -43 44 45 46 47 48 49 -50 0
uf50-0496 10320 1 -2 3 4 -5 -6 -7 -8 9 10 11 12 13 -14 -15 -16 -17 -18 -19 20 21 -22 23 -24 25 -26 27 28 29 30 31 32 -33 34 -35 36 37 38 39 -40 -41 42 -43 44 45 46 47 48 49 -50 0
uf50-0496 10320 1 -2 3 4 -5 -6 -7 -8 9 10 11 12 13 -14 -15 -16 -17 -18 -19 20 21 -22 23 -24 25 -26 27 28 29 30 31 32 -33 34 -35 36 37 38 39 -40 -41 42 -43 44 45 46 47 48 49 -50 0
uf50-0496 10320 1 -2 3 4 -5 -6 -7 -8 9 10 11 12 13 -14 -15 -16 -17 -18 -19 20 21 -22 23 -24 25 -26 27 28 29 30 31 32 -33 34 -35 36 37 38 39 -40 -41 42 -43 44 45 46 47 48 49 -50 0
uf50-0496 10276 1 -2 3 4 -5 -6 -7 -8 9 10 11 12 13 -14 -15 -16 -17 -18 -19 20 21 22 23 -24 25 -26 27 28 29 30 31 -32 33 34 -35 36 37 -38 -39 -40 -41 42 -43 44 45 46 47 48 49 -50 0
uf50-0496 10276 1 -2 3 4 -5 -6 -7 -8 9 10 11 12 13 -14 -15 -16 -17 -18 -19 20 21 22 23 -24 25 -26 27 28 29 30 31 -32 33 34 -35 36 37 -38 -39 -40 -41 42 -43 44 45 46 47 48 49 -50 0
uf50-0496 10172 1 -2 3 4 -5 -6 -7 -8 9 10 11 12 13 -14 -15 -16 -17 -18 -19 20 21 -22 23 -24 25 -26 27 28 29 30 31 -32 -33 34 -35 36 37 38 39 -40 -41 42 -43 44 45 46 47 48 49 -50 0
uf50-0496 10320 1 -2 3 4 -5 -6 -7 -8 9 10 11 12 13 -14 -15 -16 -17 -18 -19 20 21 -22 23 -24 25 -26 27 28 29 30 31 32 -33 34 -35 36 37 38 39 -40 -41 42 -43 44 45 46 47 48 49 -50 0
uf50-0496 10172 1 -2 3 4 -5 -6 -7 -8 9 10 11 12 13 -14 -15 -16 -17 -18 -19 20 21 -22 23 -24 25 -26 27 28 29 30 31 -32 -33 34 -35 36 37 38 39 -40 -41 42 -43 44 45 46 47 48 49 -50 0
uf50-0496 10320 1 -2 3 4 -5 -6 -7 -8 9 10 11 12 13 -14 -15 -16 -17 -18 -19 20 21 -22 23 -24 25 -26 27 28 29 30 31 32 -33 34 -35 36 37 38 39 -40 -41 42 -43 44 45 46 47 48 49 -50 0
uf50-0496 10320 1 -2 3 4 -5 -6 -7 -8 9 10 11 12 13 -14 -15 -16 -17 -18 -19 20 21 -22 23 -24 25 -26 27 28 29 30 31 32 -33 34 -35 36 37 38 39 -40 -41 42 -43 44 45 46 47 48 49 -50 0
uf50-0496 10271 1 -2 3 -4 -5 -6 -7 -8 9 10 11 12 13 -14 -15 -16 -17 -18 -19 20 21 22 23 -24 25 -26 27 28 29 30 31 32 33 34 -35 36 37 -38 -39 -40 -41 42 -43 44 45 46 47 48 49 -50 0
uf50-0496 10320 1 -2 3 4 -5 -6 -7 -8 9 10 11 12 13 -14 -15 -16 -17 -18 -19 20 21 -22 23 -24 25 -26 27 28 29 30 31 32 -33 34 -35 36 37 38 39 -40 -41 42 -43 44 45 46 47 48 49 -50 0
uf50-0496 10320 1 -2 3 4 -5 -6 -7 -8 9 10 11 12 13 -14 -15 -16 -17 -18 -19 20 21 -22 23 -24 25 -26 27 28 29 30 31 32 -33 34 -35 36 37 38 39 -40 -41 42 -43 44 45 46 47 48 49 -50 0
uf50-0496 10320 1 -2 3 4 -5 -6 -7 -8 9 10 11 12 13 -14 -15 -16 -17 -18 -19 20 21 -22 23 -24 25 -26 27 28 29 30 31 32 -33 34 -35 36 37 38 39 -40 -41 42 -43 44 45 46 47 48 49 -50 0
uf50-0496 10320 1 -2 3 4 -5 -6 -7 -8 9 10 11 12 13 -14 -15 -16 -17 -18 -19 20 21 -22 23 -24 25 -26 27 28 29 30 31 32 -33 34 -35 36 37 38 39 -40 -41 42 -43 44 45 46 47 48 49 -50 0
uf50-0496 10320 1 -2 3 4 -5 -6 -7 -8 9 10 11 12 13 -14 -15 -16 -17 -18 -19 20 21 -22 23 -24 25 -26 27 28 29 30 31 32 -33 34 -35 36 37 38 39 -40 -41 42 -43 44 45 46 47 48 49 -50 0
uf50-0496 10320 1 -2 3 4 -5 -6 -7 -8 9 10 11 12 13 -14 -15 -16 -17 -18 -19 20 21 -22 23 -24 25 -26 27 28 29 30 31 32 -33 34 -35 36 37 38 39 -40 -41 42 -43 44 45 46 47 48 49 -50 0
uf50-0496 10320 1 -2 3 4 -5 -6 -7 -8 9 10 11 12 13 -14 -15 -16 -17 -18 -19 20 21 -22 23 -24 25 -26 27 28 29 30 31 32 -33 34 -35 36 37 38 39 -40 -41 42 -43 44 45 46 47 48 49 -50 0
uf50-0496 10320 1 -2 3 4 -5 -6 -7 -8 9 10 11 12 13 -14 -15 -16 -17 -18 -19 20 21 -22 23 -24 25 -26 27 28 29 30 31 32 -33 34 -35 36 37 38 39 -40 -41 42 -43 44 45 46 47 48 49 -50 0
uf50-0496 10320 1 -2 3 4 -5 -6 -7 -8 9 10 11 12 13 -14 -15 -16 -17 -18 -19 20 21 -22 23 -24 25 -26 27 28 29 30 31 32 -33 34 -35 36 37 38 39 -40 -41 42 -43 44 45 46 47 48 49 -50 0
uf50-0496 10271 1 -2 3 -4 -5 -6 -7 -8 9 10 11 12 13 -14 -15 -16 -17 -18 -19 20 21 22 23 -24 25 -26 27 28 29 30 31 32 33 34 -35 36 37 -38 -39 -40 -41 42 -43 44 45 46 47 48 49 -50 0
uf50-0496 10320 1 -2 3 4 -5 -6 -7 -8 9 10 11 12 13 -14 -15 -16 -17 -18 -19 20 21 -22 23 -24 25 -26 27 28 29 30 31 32 -33 34 -35 36 37 38 39 -40 -41 42 -43 44 45 46 47 48 49 -50 0
uf50-0496 10320 1 -2 3 4 -5 -6 -7 -8 9 10 11 12 13 -14 -15 -16 -17 -18 -19 20 21 -22 23 -24 25 -26 27 28 29 30 31 32 -33 34 -35 36 37 38 39 -40 -41 42 -43 44 45 46 47 48 49 -50 0
uf50-0496 10320 1 -2 3 4 -5 -6 -7 -8 9 10 11 12 13 -14 -15 -16 -17 -18 -19 20 21 -22 23 -24 25 -26 27 28 29 30 31 32 -33 34 -35 36 37 38 39 -40 -41 42 -43 44 45 46 47 48 49 -50 0
uf50-0496 10320 1 -2 3 4 -5 -6 -7 -8 9 10 11 12 13 -14 -15 -16 -17 -18 -19 20 21 -22 23 -24 25 -26 27 28 29 30 31 32 -33 34 -35 36 37 38 39 -40 -41 42 -43 44 45 46 47 48 49 -50 0
uf50-0496 10320 1 -2 3 4 -5 -6 -7 -8 9 10 11 12 13 -14 -15 -16 -17 -18 -19 20 21 -22 23 -24 25 -26 27 28 29 30 31 32 -33 34 -35 36 37 38 39 -40 -41 42 -43 44 45 46 47 48 49 -50 0
uf50-0496 10320 1 -2 3 4 -5 -6 -7 -8 9 10 11 12 13 -14 -15 -16 -17 -18 -19 20 21 -22 23 -24 25 -26 27 28 29 30 31 32 -33 34 -35 36 37 38 39 -40 -41 42 -43 44 45 46 47 48 49 -50 0
uf50-0496 10320 1 -2 3 4 -5 -6 -7 -8 9 10 11 12 13 -14 -15 -16 -17 -18 -19 20 21 -22 23 -24 25 -26 27 28 29 30 31 32 -33 34 -35 36 37 38 39 -40 -41 42 -43 44 45 46 47 48 49 -50 0
uf50-0496 10320 1 -2 3 4 -5 -6 -7 -8 9 10 11 12 13 -14 -15 -16 -17 -18 -19 20 21 -22 23 -24 25 -26 27 28 29 30 31 32 -33 34 -35 36 37 38 39 -40 -41 42 -43 44 45 46 47 48 49 -50 0
uf50-0496 10271 1 -2 3 -4 -5 -6 -7 -8 9 10 11 12 13 -14 -15 -16 -17 -18 -19 20 21 22 23 -24 25 -26 27 28 29 30 31 32 33 34 -35 36 37 -38 -39 -40 -41 42 -43 44 45 46 47 48 49 -50 0
uf50-0496 10320 1 -2 3 4 -5 -6 -7 -8 9 10 11 12 13 -14 -15 -16 -17 -18 -19 20 21 -22 23 -24 25 -26 27 28 29 30 31 32 -33 34 -35 36 37 38 39 -40 -41 42 -43 44 45 46 47 48 49 -50 0
uf50-0496 10320 1 -2 3 4 -5 -6 -7 -8 9 10 11 12 13 -14 -15 -16 -17 -18 -19 20 21 -22 23 -24 25 -26 27 28 29 30 31 32 -33 34 -35 36 37 38 39 -40 -41 42 -43 44 45 46 47 48 49 -50 0
uf50-0496 10320 1 -2 3 4 -5 -6 -7 -8 9 10 11 12 13 -14 -15 -16 -17 -18 -19 20 21 -22 23 -24 25 -26 27 28 29 30 31 32 -33 34 -35 36 37 38 39 -40 -41 42 -43 44 45 46 47 48 49 -50 0
uf50-0496 10320 1 -2 3 4 -5 -6 -7 -8 9 10 11 12 13 -14 -15 -16 -17 -18 -19 20 21 -22 23 -24 25 -26 27 28 29 30 31 32 -33 34 -35 36 37 38 39 -40 -41 42 -43 44 45 46 47 48 49 -50 0
uf50-0496 10320 1 -2 3 4 -5 -6 -7 -8 9 10 11 12 13 -14 -15 -16 -17 -18 -19 20 21 -22 23 -24 25 -26 27 28 29 30 31 32 -33 34 -35 36 37 38 39 -40 -41 42 -43 44 45 46 47 48 49 -50 0
uf50-0496 10276 1 -2 3 4 -5 -6 -7 -8 9 10 11 12 13 -14 -15 -16 -17 -18 -19 20 21 22 23 -24 25 -26 27 28 29 30 31 -32 33 34 -35 36 37 -38 -39 -40 -41 42 -43 44 45 46 47 48 49 -50 0
uf50-0496 10320 1 -2 3 4 -5 -6 -7 -8 9 10 11 12 13 -14 -15 -16 -17 -18 -19 20 21 -22 23 -24 25 -26 27 28 29 30 31 32 -33 34 -35 36 37 38 39 -40 -41 42 -43 44 45 46 47 48 49 -50 0
uf50-0210 8137 -1 2 -3 -4 -5 6 -7 -8 -9 10 11 -12 -13 14 -15 -16 -17 18 -19 20 21 -22 -23 24 25 26 -27 28 -29 30 -31 32 33 -34 35 36 -37 38 39 -40 -41 42 -43 44 -45 46 47 48 -49 -50 0
uf50-0210 217 0
uf50-0210 3647 -1 2 -3 4 5 -6 -7 -8 -9 10 -11 12 13 14 15 -16 17 18 19 20 -21 -22 23 24 25 -26 -27 28 29 -30 -31 -32 -33 -34 -35 -36 37 38 -39 -40 -41 -42 -43 -44 -45 46 -47 -48 49 -50 0
uf50-0210 217 0
uf50-0210 8027 1 2 -3 -4 -5 6 -7 -8 -9 -10 11 -12 -13 14 -15 -16 -17 18 -19 20 21 -22 -23 24 25 26 -27 28 -29 30 -31 32 33 -34 35 36 -37 38 39 -40 -41 42 -43 44 -45 46 -47 48 -49 -50 0
uf50-0210 217 0
uf50-0210 7964 -1 2 -3 -4 -5 6 -7 -8 -9 10 11 -12 -13 14 -15 -16 -17 18 -19 20 21 -22 -23 24 25 26 -27 28 -29 30 -31 32 33 -34 35 36 -37 38 39 -40 -41 42 -43 44 -45 -46 -47 48 -49 -50 0
uf50-0210 7708 1 2 -3 -4 -5 6 -7 -8 -9 10 11 -12 -13 14 -15 -16 -17 18 -19 20 21 -22 -23 24 25 26 -27 28 -29 -30 -31 32 33 -34 35 36 -37 38 -39 -40 -41 42 -43 44 -45 46 47 48 -49 -50 0
uf50-0210 217 0
uf50-0210 217 0
uf50-0210 217 0
uf50-0210 217 0
uf50-0210 7865 -1 2 -3 -4 -5 6 -7 -8 -9 10 11 -12 -13 14 -15 -16 -17 18 -19 20 21 -22 -23 24 25 26 -27 28 -29 30 -31 32 33 -34 35 36 -37 38 -39 -40 -41 42 -43 44 -45 46 -47 48 -49 -50 0
uf50-0210 7865 -1 2 -3 -4 -5 6 -7 -8 -9 10 11 -12 -13 14 -15 -16 -17 18 -19 20 21 -22 -23 24 25 26 -27 28 -29 30 -31 32 33 -34 35 36 -37 38 -39 -40 -41 42 -43 44 -45 46 -47 48 -49 -50 0
uf50-0210 7865 -1 2 -3 -4 -5 6 -7 -8 -9 10 11 -12 -13 14 -15 -16 -17 18 -19 20 21 -22 -23 24 25 26 -27 28 -29 30 -31 32 33 -34 35 36 -37 38 -39 -40 -41 42 -43 44 -45 46 -47 48 -49 -50 0
uf50-0210 217 0
uf50-0210 217 0
uf50-0210 217 0
uf50-0210 217 0
uf50-0210 217 0
uf50-0210 217 0
uf50-0210 217 0
uf50-0210 217 0
uf50-0210 8137 -1 2 -3 -4 -5 6 -7 -8 -9 10 11 -12 -13 14 -15 -16 -17 18 -19 20 21 -22 -23 24 25 26 -27 28 -29 30 -31 32 33 -34 35 36 -37 38 39 -40 -41 42 -43 44 -45 46 47 48 -49 -50 0
uf50-0210 6879 -1 2 3 -4 -5 6 -7 -8 -9 -10 -11 -12 -13 -14 -15 -16 -17 -18 -19 -20 21 22 -23 24 25 26 27 28 -29 30 -31 -32 33 -34 35 36 -37 38 39 40 -41 42 -43 44 45 -46 -47 48 -49 -50 0
uf50-0210 217 0
uf50-0210 217 0
uf50-0210 217 0
uf50-0210 217 0
uf50-0210 217 0
uf50-0210 217 0
uf50-0210 217 0
uf50-0210 7614 -1 2 -3 -4 -5 6 -7 -8 -9 10 11 -12 -13 14 -15 -16 -17 18 -19 20 21 -22 -23 24 25 26 -27 28 -29 -30 -31 32 33 -34 35 36 -37 38 -39 -40 -41 42 -43 44 -45 46 47 48 -49 -50 0
uf50-0210 217 0
uf50-0210 217 0
uf50-0210 217 0
uf50-0210 3647 -1 2 -3 4 5 -6 -7 -8 -9 10 -11 12 13 14 15 -16 17 18 19 20 -21 -22 23 24 25 -26 -27 28 29 -30 -31 -32 -33 -34 -35 -36 37 38 -39 -40 -41 -42 -43 -44 -45 46 -47 -48 49 -50 0
uf50-0210 217 0
uf50-0210 217 0
uf50-0210 217 0
uf50-0210 217 0
uf50-0210 217 0
uf50-0210 217 0
uf50-0210 217 0
uf50-0210 8168 1 2 -3 -4 -5 6 -7 -8 -9 10 11 -12 -13 14 -15 -16 -17 18 -19 20 21 -22 -23 24 25 26 -27 28 -29 30 -31 32 33 -34 35 36 -37 38 39 -40 -41 42 -43 44 -45 46 -47 48 -49 -50 0
uf50-0210 217 0
uf50-0210 217 0
uf50-0210 217 0
uf50-0210 7708 -1 2 3 -4 -5 6 -7 -8 -9 -10 11 -12 -13 14 -15 -16 -17 18 -19 20 21 -22 -23 24 25 26 -27 28 -29 30 -31 -32 33 -34 35 36 -37 38 -39 40 -41 42 -43 44 -45 -46 -47 48 -49 -50 0
uf50-0210 217 0
uf50-0810 217 0
uf50-0810 217 0
uf50-0810 216 0
uf50-0810 217 0
uf50-0810 9809 1 -2 3 -4 5 -6 7 8 9 10 -11 12 13 -14 15 -16 -17 -18 -19 20 21 -22 -23 24 25 -26 -27 28 29 -30 31 -32 -33 -34 35 -36 37 38 -39 -40 -41 -42 43 -44 -45 46 -47 48 -49 50 0
uf50-0810 216 0
uf50-0810 217 0
uf50-0810 9636 1 -2 3 -4 5 -6 7 8 9 10 -11 12 13 -14 15 -16 -17 18 -19 20 21 -22 -23 24 25 -26 -27 28 -29 -30 31 -32 -33 -34 35 -36 37 38 -39 -40 -41 -42 43 -44 -45 46 -47 48 -49 50 0
uf50-0810 9809 1 -2 3 -4 5 -6 7 8 9 10 -11 12 13 -14 15 -16 -17 -18 -19 20 21 -22 -23 24 25 -26 -27 28 29 -30 31 -32 -33 -34 35 -36 37 38 -39 -40 -41 -42 43 -44 -45 46 -47 48 -49 50 0
uf50-0810 217 0
uf50-0810 216 0
uf50-0810 217 0
uf50-0810 217 0
uf50-0810 216 0
uf50-0810 216 0
uf50-0810 217 0
uf50-0810 217 0
uf50-0810 216 0
uf50-0810 217 0
uf50-0810 217 0
uf50-0810 9809 1 -2 3 -4 5 -6 7 8 9 10 -11 12 13 -14 15 -16 -17 -18 -19 20 21 -22 -23 24 25 -26 -27 28 29 -30 31 -32 -33 -34 35 -36 37 38 -39 -40 -41 -42 43 -44 -45 46 -47 48 -49 50 0
uf50-0810 217 0
uf50-0810 216 0
uf50-0810 217 0
uf50-0810 217 0
uf50-0810 217 0
uf50-0810 217 0
uf50-0810 216 0
uf50-0810 216 0
uf50-0810 217 0
uf50-0810 217 0
uf50-0810 9853 1 -2 3 -4 5 -6 7 8 9 10 -11 12 13 -14 15 -16 -17 18 -19 20 21 -22 -23 24 25 -26 -27 28 29 -30 31 -32 -33 -34 35 -36 37 38 -39 -40 -41 -42 43 -44 -45 46 -47 48 -49 50 0
uf50-0810 217 0
uf50-0810 10025 1 2 3 -4 5 -6 7 8 9 10 -11 12 13 -14 15 -16 -17 -18 19 -20 21 -22 -23 24 25 -26 -27 28 29 -30 31 -32 -33 -34 35 -36 37 38 -39 -40 -41 -42 43 -44 -45 46 -47 48 -49 50 0
uf50-0810 216 0
uf50-0810 216 0
uf50-0810 217 0
uf50-0810 217 0
uf50-0810 10069 1 -2 3 -4 5 -6 7 8 9 10 -11 12 13 -14 15 -16 -17 -18 19 20 21 -22 -23 24 25 -26 -27 28 29 -30 31 -32 -33 -34 35 -36 37 38 -39 -40 -41 -42 43 -44 -45 46 -47 48 -49 50 0
uf50-0810 9853 1 -2 3 -4 5 -6 7 8 9 10 -11 12 13 -14 15 -16 -17 18 -19 20 21 -22 -23 24 25 -26 -27 28 29 -30 31 -32 -33 -34 35 -36 37 38 -39 -40 -41 -42 43 -44 -45 46 -47 48 -49 50 0
uf50-0810 216 0
uf50-0810 217 0
uf50-0810 217 0
uf50-0810 9548 1 -2 3 -4 5 -6 7 8 9 10 -11 12 13 -14 15 -16 -17 -18 19 20 21 -22 -23 24 25 -26 -27 -28 -29 -30 31 -32 -33 -34 35 -36 37 38 -39 -40 -41 -42 43 -44 -45 46 -47 48 -49 50 0
uf50-0810 10025 1 2 3 -4 5 -6 7 8 9 10 -11 12 13 -14 15 -16 -17 -18 19 -20 21 -22 -23 24 25 -26 -27 28 29 -30 31 -32 -33 -34 35 -36 37 38 -39 -40 -41 -42 43 -44 -45 46 -47 48 -49 50 0
uf50-0810 217 0
uf50-0810 217 0
uf50-0810 9853 1 -2 3 -4 5 -6 7 8 9 10 -11 12 13 -14 15 -16 -17 18 -19 20 21 -22 -23 24 25 -26 -27 28 29 -30 31 -32 -33 -34 35 -36 37 38 -39 -40 -41 -42 43 -44 -45 46 -47 48 -49 50 0
uf50-0810 217 0
uf50-0810 217 0
uf50-013 217 0
uf50-013 33919 -1 -2 -3 4 5 -6 7 -8 -9 10 11 -12 -13 14 15 16 17 18 -19 -20 -21 22 -23 24 -25 26 -27 -28 -29 30 -31 32 -33 34 35 36 37 -38 -39 40 41 42 -43 -44 45 46 47 48 -49 50 0
uf50-013 34874 -1 -2 -3 4 5 -6 7 -8 -9 10 11 -12 -13 14 15 16 17 18 -19 -20 -21 22 23 24 -25 26 27 -28 -29 30 31 32 -33 34 35 36 37 -38 -39 40 -41 42 -43 -44 45 46 47 48 -49 50 0
uf50-013 34412 -1 -2 -3 4 5 -6 7 -8 -9 -10 11 -12 -13 14 15 16 17 18 -19 -20 -21 22 23 24 -25 26 -27 -28 -29 30 31 32 -33 34 35 36 37 -38 -39 40 -41 42 -43 -44 45 46 47 48 -49 50 0
uf50-013 34967 -1 -2 -3 4 5 -6 7 -8 -9 10 11 -12 -13 14 15 16 17 18 -19 -20 -21 22 -23 24 -25 26 27 -28 -29 30 31 32 -33 34 35 36 37 -38 -39 40 41 42 -43 -44 45 46 47 48 -49 50 0
uf50-013 34874 -1 -2 -3 4 5 -6 7 -8 -9 10 11 -12 -13 14 15 16 17 18 -19 -20 -21 22 23 24 -25 26 27 -28 -29 30 31 32 -33 34 35 36 37 -38 -39 40 -41 42 -43 -44 45 46 47 48 -49 50 0
uf50-013 34221 -1 2 -3 4 5 -6 7 -8 -9 10 11 -12 -13 -14 15 16 17 18 -19 -20 -21 22 23 24 -25 26 27 -28 -29 30 31 32 -33 34 35 36 37 -38 -39 40 -41 42 -43 -44 45 46 47 48 -49 50 0
uf50-013 34412 -1 -2 -3 4 5 -6 7 -8 -9 -10 11 -12 -13 14 15 16 17 18 -19 -20 -21 22 23 24 -25 26 -27 -28 -29 30 31 32 -33 34 35 36 37 -38 -39 40 -41 42 -43 -44 45 46 47 48 -49 50 0
uf50-013 33591 -1 -2 3 4 5 -6 7 -8 -9 -10 11 -12 -13 14 15 16 17 18 -19 -20 -21 22 23 -24 -25 26 27 -28 -29 30 31 32 -33 34 35 -36 37 -38 39 40 -41 42 -43 -44 45 46 47 48 49 50 0
uf50-013 34967 -1 -2 -3 4 5 -6 7 -8 -9 10 11 -12 -13 14 15 16 17 18 -19 -20 -21 22 -23 24 -25 26 27 -28 -29 30 31 32 -33 34 35 36 37 -38 -39 40 41 42 -43 -44 45 46 47 48 -49 50 0
uf50-013 34732 -1 -2 -3 4 5 -6 7 -8 -9 10 11 -12 -13 14 15 16 17 18 -19 -20 -21 22 -23 24 -25 26 -27 -28 -29 30 31 32 -33 34 35 36 37 -38 -39 40 41 42 -43 -44 45 46 47 48 -49 50 0
uf50-013 33591 -1 -2 3 4 5 -6 7 -8 -9 -10 11 -12 -13 14 15 16 17 18 -19 -20 -21 22 23 -24 -25 26 27 -28 -29 30 31 32 -33 34 35 -36 37 -38 39 40 -41 42 -43 -44 45 46 47 48 49 50 0
uf50-013 34505 -1 -2 -3 4 5 -6 7 -8 -9 -10 11 -12 -13 14 15 16 17 18 -19 -20 -21 22 -23 24 -25 26 -27 -28 -29 30 31 32 -33 34 35 36 37 -38 -39 40 41 42 -43 -44 45 46 47 48 -49 50 0
uf50-013 34874 -1 -2 -3 4 5 -6 7 -8 -9 10 11 -12 -13 14 15 16 17 18 -19 -20 -21 22 23 24 -25 26 27 -28 -29 30 31 32 -33 34 35 36 37 -38 -39 40 -41 42 -43 -44 45 46 47 48 -49 50 0
uf50-013 34874 -1 -2 -3 4 5 -6 7 -8 -9 10 11 -12 -13 14 15 16 17 18 -19 -20 -21 22 23 24 -25 26 27 -28 -29 30 31 32 -33 34 35 36 37 -38 -39 40 -41 42 -43 -44 45 46 47 48 -49 50 0
uf50-013 32888 -1 -2 -3 4 5 -6 7 -8 -9 -10 11 -12 -13 -14 15 16 17 18 -19 -20 -21 22 23 24 -25 26 -27 -28 -29 30 31 32 -33 34 35 36 37 -38 -39 40 -41 42 -43 -44 -45 46 47 48 -49 50 0
uf50-013 34967 -1 -2 -3 4 5 -6 7 -8 -9 10 11 -12 -13 14 15 16 17 18 -19 -20 -21 22 -23 24 -25 26 27 -28 -29 30 31 32 -33 34 35 36 37 -38 -39 40 41 42 -43 -44 45 46 47 48 -49 50 0
uf50-013 34314 -1 2 -3 4 5 -6 7 -8 -9 10 11 -12 -13 -14 15 16 17 18 -19 -20 -21 22 -23 24 -25 26 27 -28 -29 30 31 32 -33 34 35 36 37 -38 -39 40 41 42 -43 -44 45 46 47 48 -49 50 0
uf50-013 34967 -1 -2 -3 4 5 -6 7 -8 -9 10 11 -12 -13 14 15 16 17 18 -19 -20 -21 22 -23 24 -25 26 27 -28 -29 30 31 32 -33 34 35 36 37 -38 -39 40 41 42 -43 -44 45 46 47 48 -49 50 0
uf50-013 34874 -1 -2 -3 4 5 -6 7 -8 -9 10 11 -12 -13 14 15 16 17 18 -19 -20 -21 22 23 24 -25 26 27 -28 -29 30 31 32 -33 34 35 36 37 -38 -39 40 -41 42 -43 -44 45 46 47 48 -49 50 0
uf50-013 33266 -1 2 -3 4 5 -6 7 -8 -9 10 11 -12 -13 -14 15 16 17 18 -19 -20 -21 22 -23 24 -25 26 -27 -28 -29 30 -31 32 -33 34 35 36 37 -38 -39 40 41 42 -43 -44 45 46 47 48 -49 50 0
uf50-013 34020 -1 -2 -3 4 5 -6 7 -8 -9 -10 11 -12 -13 14 15 -16 17 18 -19 20 -21 22 -23 24 -25 26 -27 -28 -29 30 31 32 -33 34 35 36 37 -38 -39 40 41 42 -43 44 45 46 47 48 -49 50 0
uf50-013 217 0
uf50-013 34129 -1 -2 -3 4 5 -6 7 -8 -9 -10 11 12 -13 14 15 -16 17 18 -19 20 -21 22 -23 24 -25 26 -27 -28 -29 30 31 32 -33 34 35 36 37 -38 -39 40 41 42 -43 44 45 46 47 48 -49 50 0
uf50-013 34314 -1 2 -3 4 5 -6 7 -8 -9 10 11 -12 -13 -14 15 16 17 18 -19 -20 -21 22 -23 24 -25 26 27 -28 -29 30 31 32 -33 34 35 36 37 -38 -39 40 41 42 -43 -44 45 46 47 48 -49 50 0
uf50-013 34967 -1 -2 -3 4 5 -6 7 -8 -9 10 11 -12 -13 14 15 16 17 18 -19 -20 -21 22 -23 24 -25 26 27 -28 -29 30 31 32 -33 34 35 36 37 -38 -39 40 41 42 -43 -44 45 46 47 48 -49 50 0
uf50-013 34412 -1 -2 -3 4 5 -6 7 -8 -9 -10 11 -12 -13 14 15 16 17 18 -19 -20 -21 22 23 24 -25 26 -27 -28 -29 30 31 32 -33 34 35 36 37 -38 -39 40 -41 42 -43 -44 45 46 47 48 -49 50 0
uf50-013 33794 -1 2 -3 4 5 -6 7 -8 -9 10 11 -12 -13 -14 15 16 17 18 -19 -20 -21 22 -23 24 -25 26 27 -28 -29 30 31 32 -33 34 35 36 37 -38 -39 40 -41 42 -43 -44 45 46 47 48 -49 50 0
uf50-013 33591 -1 -2 3 4 5 -6 7 -8 -9 -10 11 -12 -13 14 15 16 17 18 -19 -20 -21 22 23 -24 -25 26 27 -28 -29 30 31 32 -33 34 35 -36 37 -38 39 40 -41 42 -43 -44 45 46 47 48 49 50 0
uf50-013 34967 -1 -2 -3 4 5 -6 7 -8 -9 10 11 -12 -13 14 15 16 17 18 -19 -20 -21 22 -23 24 -25 26 27 -28 -29 30 31 32 -33 34 35 36 37 -38 -39 40 41 42 -43 -44 45 46 47 48 -49 50 0
uf50-013 33266 -1 2 -3 4 5 -6 7 -8 -9 10 11 -12 -13 -14 15 16 17 18 -19 -20 -21 22 -23 24 -25 26 -27 -28 -29 30 -31 32 -33 34 35 36 37 -38 -39 40 41 42 -43 -44 45 46 47 48 -49 50 0
uf50-013 34732 -1 -2 -3 4 5 -6 7 -8 -9 10 11 -12 -13 14 15 16 17 18 -19 -20 -21 22 -23 24 -25 26 -27 -28 -29 30 31 32 -33 34 35 36 37 -38 -39 40 41 42 -43 -44 45 46 47 48 -49 50 0
uf50-013 32151 -1 -2 3 4 5 -6 7 -8 -9 -10 11 -12 -13 14 15 16 17 18 -19 -20 -21 22 -23 -24 -25 26 27 -28 -29 30 -31 32 -33 34 35 -36 37 -38 39 40 41 42 -43 -44 -45 46 47 48 49 50 0
uf50-013 34221 -1 2 -3 4 5 -6 7 -8 -9 10 11 -12 -13 -14 15 16 17 18 -19 -20 -21 22 23 24 -25 26 27 -28 -29 30 31 32 -33 34 35 36 37 -38 -39 40 -41 42 -43 -44 45 46 47 48 -49 50 0
uf50-013 34314 -1 2 -3 4 5 -6 7 -8 -9 10 11 -12 -13 -14 15 16 17 18 -19 -20 -21 22 -23 24 -25 26 27 -28 -29 30 31 32 -33 34 35 36 37 -38 -39 40 41 42 -43 -44 45 46 47 48 -49 50 0
uf50-013 34967 -1 -2 -3 4 5 -6 7 -8 -9 10 11 -12 -13 14 15 16 17 18 -19 -20 -21 22 -23 24 -25 26 27 -28 -29 30 31 32 -33 34 35 36 37 -38 -39 40 41 42 -43 -44 45 46 47 48 -49 50 0
uf50-013 33266 -1 2 -3 4 5 -6 7 -8 -9 10 11 -12 -13 -14 15 16 17 18 -19 -20 -21 22 -23 24 -25 26 -27 -28 -29 30 -31 32 -33 34 35 36 37 -38 -39 40 41 42 -43 -44 45 46 47 48 -49 50 0
uf50-013 33501 -1 2 -3 4 5 -6 7 -8 -9 10 11 -12 -13 -14 15 16 17 18 -19 -20 -21 22 -23 24 -25 26 27 -28 -29 30 -31 32 -33 34 35 36 37 -38 -39 40 41 42 -43 -44 45 46 47 48 -49 50 0
uf50-013 34967 -1 -2 -3 4 5 -6 7 -8 -9 10 11 -12 -13 14 15 16 17 18 -19 -20 -21 22 -23 24 -25 26 27 -28 -29 30 31 32 -33 34 35 36 37 -38 -39 40 41 42 -43 -44 45 46 47 48 -49 50 0
uf50-013 34314 -1 2 -3 4 5 -6 7 -8 -9 10 11 -12 -13 -14 15 16 17 18 -19 -20 -21 22 -23 24 -25 26 27 -28 -29 30 31 32 -33 34 35 36 37 -38 -39 40 41 42 -43 -44 45 46 47 48 -49 50 0
uf50-013 34314 -1 2 -3 4 5 -6 7 -8 -9 10 11 -12 -13 -14 15 16 17 18 -19 -20 -21 22 -23 24 -25 26 27 -28 -29 30 31 32 -33 34 35 36 37 -38 -39 40 41 42 -43 -44 45 46 47 48 -49 50 0
uf50-013 33701 -1 -2 -3 4 5 -6 7 -8 -9 -10 11 -12 -13 -14 15 16 17 18 -19 -20 -21 22 -23 24 -25 26 -27 -28 -29 30 31 32 -33 34 35 36 37 -38 -39 40 41 42 -43 -44 45 46 47 48 -49 50 0
uf50-013 34314 -1 2 -3 4 5 -6 7 -8 -9 10 11 -12 -13 -14 15 16 17 18 -19 -20 -21 22 -23 24 -25 26 27 -28 -29 30 31 32 -33 34 35 36 37 -38 -39 40 41 42 -43 -44 45 46 47 48 -49 50 0
uf50-013 33692 -1 -2 -3 4 5 -6 7 -8 -9 -10 11 -12 -13 14 15 16 17 18 -19 -20 -21 22 -23 24 -25 26 -27 -28 -29 30 -31 32 -33 34 35 36 37 -38 -39 40 41 42 -43 -44 45 46 47 48 -49 50 0
uf50-013 34505 -1 -2 -3 4 5 -6 7 -8 -9 -10 11 -12 -13 14 15 16 17 18 -19 -20 -21 22 -23 24 -25 26 -27 -28 -29 30 31 32 -33 34 35 36 37 -38 -39 40 41 42 -43 -44 45 46 47 48 -49 50 0
uf50-013 34967 -1 -2 -3 4 5 -6 7 -8 -9 10 11 -12 -13 14 15 16 17 18 -19 -20 -21 22 -23 24 -25 26 27 -28 -29 30 31 32 -33 34 35 36 37 -38 -39 40 41 42 -43 -44 45 46 47 48 -49 50 0
uf50-013 33591 -1 -2 3 4 5 -6 7 -8 -9 -10 11 -12 -13 14 15 16 17 18 -19 -20 -21 22 23 -24 -25 26 27 -28 -29 30 31 32 -33 34 35 -36 37 -38 39 40 -41 42 -43 -44 45 46 47 48 49 50 0
uf50-013 34314 -1 2 -3 4 5 -6 7 -8 -9 10 11 -12 -13 -14 15 16 17 18 -19 -20 -21 22 -23 24 -25 26 27 -28 -29 30 31 32 -33 34 35 36 37 -38 -39 40 41 42 -43 -44 45 46 47 48 -49 50 0
uf50-013 34967 -1 -2 -3 4 5 -6 7 -8 -9 10 11 -12 -13 14 15 16 17 18 -19 -20 -21 22 -23 24 -25 26 27 -28 -29 30 31 32 -33 34 35 36 37 -38 -39 40 41 42 -43 -44 45 46 47 48 -49 50 0
uf50-013 34967 -1 -2 -3 4 5 -6 7 -8 -9 10 11 -12 -13 14 15 16 17 18 -19 -20 -21 22 -23 24 -25 26 27 -28 -29 30 31 32 -33 34 35 36 37 -38 -39 40 41 42 -43 -44 45 46 47 48 -49 50 0
uf50-0379 7107 -1 2 -3 4 5 6 7 -8 -9 10 -11 -12 -13 14 -15 -16 -17 18 -19 -20 -21 22 23 -24 -25 26 -27 -28 29 30 -31 32 -33 -34 35 36 37 38 39 -40 41 -42 43 44 45 46 47 48 49 50 0
uf50-0379 7107 -1 2 -3 4 5 6 7 -8 -9 10 -11 -12 -13 14 -15 -16 -17 18 -19 -20 -21 22 23 -24 -25 26 -27 -28 29 30 -31 32 -33 -34 35 36 37 38 39 -40 41 -42 43 44 45 46 47 48 49 50 0
uf50-0379 7107 -1 2 -3 4 5 6 7 -8 -9 10 -11 -12 -13 14 -15 -16 -17 18 -19 -20 -21 22 23 -24 -25 26 -27 -28 29 30 -31 32 -33 -34 35 36 37 38 39 -40 41 -42 43 44 45 46 47 48 49 50 0
uf50-0379 7107 -1 2 -3 4 5 6 7 -8 -9 10 -11 -12 -13 14 -15 -16 -17 18 -19 -20 -21 22 23 -24 -25 26 -27 -28 29 30 -31 32 -33 -34 35 36 37 38 39 -40 41 -42 43 44 45 46 47 48 49 50 0
uf50-0379 217 0
uf50-0379 7107 -1 2 -3 4 5 6 7 -8 -9 10 -11 -12 -13 14 -15 -16 -17 18 -19 -20 -21 22 23 -24 -25 26 -27 -28 29 30 -31 32 -33 -34 35 36 37 38 39 -40 41 -42 43 44 45 46 47 48 49 50 0
uf50-0379 7107 -1 2 -3 4 5 6 7 -8 -9 10 -11 -12 -13 14 -15 -16 -17 18 -19 -20 -21 22 23 -24 -25 26 -27 -28 29 30 -31 32 -33 -34 35 36 37 38 39 -40 41 -42 43 44 45 46 47 48 49 50 0
uf50-0379 9440 1 2 -3 4 -5 -6 -7 -8 9 10 -11 12 -13 -14 -15 -16 -17 18 -19 -20 21 -22 23 -24 25 -26 27 -28 29 30 31 -32 33 -34 -35 -36 -37 -38 39 40 41 -42 43 44 45 46 47 -48 49 50 0
uf50-0379 9422 1 2 -3 4 -5 -6 -7 -8 9 10 -11 12 -13 -14 -15 -16 -17 18 -19 20 21 -22 23 -24 25 -26 27 -28 29 -30 31 -32 33 -34 -35 -36 -37 -38 39 40 41 -42 43 44 45 46 47 -48 49 50 0
uf50-0379 7107 -1 2 -3 4 5 6 7 -8 -9 10 -11 -12 -13 14 -15 -16 -17 18 -19 -20 -21 22 23 -24 -25 26 -27 -28 29 30 -31 32 -33 -34 35 36 37 38 39 -40 41 -42 43 44 45 46 47 48 49 50 0
uf50-0379 7107 -1 2 -3 4 5 6 7 -8 -9 10 -11 -12 -13 14 -15 -16 -17 18 -19 -20 -21 22 23 -24 -25 26 -27 -28 29 30 -31 32 -33 -34 35 36 37 38 39 -40 41 -42 43 44 45 46 47 48 49 50 0
uf50-0379 6534 -1 2 -3 4 5 6 7 -8 -9 10 -11 -12 -13 14 -15 -16 -17 18 -19 -20 -21 22 -23 -24 -25 26 -27 -28 29 30 -31 32 -33 -34 35 36 37 38 39 -40 41 -42 43 -44 45 46 47 48 49 50 0
uf50-0379 7107 -1 2 -3 4 5 6 7 -8 -9 10 -11 -12 -13 14 -15 -16 -17 18 -19 -20 -21 22 23 -24 -25 26 -27 -28 29 30 -31 32 -33 -34 35 36 37 38 39 -40 41 -42 43 44 45 46 47 48 49 50 0
uf50-0379 9249 1 2 -3 4 -5 -6 -7 -8 9 10 -11 12 -13 -14 -15 -16 -17 18 -19 -20 21 -22 23 -24 25 -26 27 -28 29 30 31 -32 33 -34 -35 -36 -37 -38 39 40 41 -42 43 -44 45 46 47 -48 49 50 0
uf50-0379 9283 1 2 3 4 -5 -6 -7 -8 9 10 -11 12 -13 -14 -15 -16 -17 18 -19 20 21 -22 23 -24 25 -26 27 -28 29 -30 31 -32 33 -34 -35 -36 -37 -38 39 40 41 -42 43 -44 45 46 47 -48 49 50 0
uf50-0379 7107 -1 2 -3 4 5 6 7 -8 -9 10 -11 -12 -13 14 -15 -16 -17 18 -19 -20 -21 22 23 -24 -25 26 -27 -28 29 30 -31 32 -33 -34 35 36 37 38 39 -40 41 -42 43 44 45 46 47 48 49 50 0
uf50-0379 7107 -1 2 -3 4 5 6 7 -8 -9 10 -11 -12 -13 14 -15 -16 -17 18 -19 -20 -21 22 23 -24 -25 26 -27 -28 29 30 -31 32 -33 -34 35 36 37 38 39 -40 41 -42 43 44 45 46 47 48 49 50 0
uf50-0379 7107 -1 2 -3 4 5 6 7 -8 -9 10 -11 -12 -13 14 -15 -16 -17 18 -19 -20 -21 22 23 -24 -25 26 -27 -28 29 30 -31 32 -33 -34 35 36 37 38 39 -40 41 -42 43 44 45 46 47 48 49 50 0
uf50-0379 7107 -1 2 -3 4 5 6 7 -8 -9 10 -11 -12 -13 14 -15 -16 -17 18 -19 -20 -21 22 23 -24 -25 26 -27 -28 29 30 -31 32 -33 -34 35 36 37 38 39 -40 41 -42 43 44 45 46 47 48 49 50 0
uf50-0379 7107 -1 2 -3 4 5 6 7 -8 -9 10 -11 -12 -13 14 -15 -16 -17 18 -19 -20 -21 22 23 -24 -25 26 -27 -28 29 30 -31 32 -33 -34 35 36 37 38 39 -40 41 -42 43 44 45 46 47 48 49 50 0
uf50-0379 7107 -1 2 -3 4 5 6 7 -8 -9 10 -11 -12 -13 14 -15 -16 -17 18 -19 -20 -21 22 23 -24 -25 26 -27 -28 29 30 -31 32 -33 -34 35 36 37 38 39 -40 41 -42 43 44 45 46 47 48 49 50 0
uf50-0379 7107 -1 2 -3 4 5 6 7 -8 -9 10 -11 -12 -13 14 -15 -16 -17 18 -19 -20 -21 22 23 -24 -25 26 -27 -28 29 30 -31 32 -33 -34 35 36 37 38 39 -40 41 -42 43 44 45 46 47 48 49 50 0
uf50-0379 7107 -1 2 -3 4 5 6 7 -8 -9 10 -11 -12 -13 14 -15 -16 -17 18 -19 -20 -21 22 23 -24 -25 26 -27 -28 29 30 -31 32 -33 -34 35 36 37 38 39 -40 41 -42 43 44 45 46 47 48 49 50 0
uf50-0379 7107 -1 2 -3 4 5 6 7 -8 -9 10 -11 -12 -13 14 -15 -16 -17 18 -19 -20 -21 22 23 -24 -25 26 -27 -28 29 30 -31 32 -33 -34 35 36 37 38 39 -40 41 -42 43 44 45 46 47 48 49 50 0
uf50-0379 7107 -1 2 -3 4 5 6 7 -8 -9 10 -11 -12 -13 14 -15 -16 -17 18 -19 -20 -21 22 23 -24 -25 26 -27 -28 29 30 -31 32 -33 -34 35 36 37 38 39 -40 41 -42 43 44 45 46 47 48 49 50 0
uf50-0379 6725 -1 2 -3 4 5 6 7 -8 -9 10 -11 -12 -13 14 -15 -16 -17 18 -19 -20 -21 22 -23 -24 -25 26 -27 -28 29 30 -31 32 -33 -34 35 36 37 38 39 -40 41 -42 43 44 45 46 47 48 49 50 0
uf50-0379 7107 -1 2 -3 4 5 6 7 -8 -9 10 -11 -12 -13 14 -15 -16 -17 18 -19 -20 -21 22 23 -24 -25 26 -27 -28 29 30 -31 32 -33 -34 35 36 37 38 39 -40 41 -42 43 44 45 46 47 48 49 50 0
uf50-0379 7107 -1 2 -3 4 5 6 7 -8 -9 10 -11 -12 -13 14 -15 -16 -17 18 -19 -20 -21 22 23 -24 -25 26 -27 -28 29 30 -31 32 -33 -34 35 36 37 38 39 -40 41 -42 43 44 45 46 47 48 49 50 0
uf50-0379 7107 -1 2 -3 4 5 6 7 -8 -9 10 -11 -12 -13 14 -15 -16 -17 18 -19 -20 -21 22 23 -24 -25 26 -27 -28 29 30 -31 32 -33 -34 35 36 37 38 39 -40 41 -42 43 44 45 46 47 48 49 50 0
uf50-0379 7107 -1 2 -3 4 5 6 7 -8 -9 10 -11 -12 -13 14 -15 -16 -17 18 -19 -20 -21 22 23 -24 -25 26 -27 -28 29 30 -31 32 -33 -34 35 36 37 38 39 -40 41 -42 43 44 45 46 47 48 49 50 0
uf50-0379 7107 -1 2 -3 4 5 6 7 -8 -9 10 -11 -12 -13 14 -15 -16 -17 18 -19 -20 -21 22 23 -24 -25 26 -27 -28 29 30 -31 32 -33 -34 35 36 37 38 39 -40 41 -42 43 44 45 46 47 48 49 50 0
uf50-0379 7107 -1 2 -3 4 5 6 7 -8 -9 10 -11 -12 -13 14 -15 -16 -17 18 -19 -20 -21 22 23 -24 -25 26 -27 -28 29 30 -31 32 -33 -34 35 36 37 38 39 -40 41 -42 43 44 45 46 47 48 49 50 0
uf50-0379 7107 -1 2 -3 4 5 6 7 -8 -9 10 -11 -12 -13 14 -15 -16 -17 18 -19 -20 -21 22 23 -24 -25 26 -27 -28 29 30 -31 32 -33 -34 35 36 37 38 39 -40 41 -42 43 44 45 46 47 48 49 50 0
uf50-0379 9422 1 2 -3 4 -5 -6 -7 -8 9 10 -11 12 -13 -14 -15 -16 -17 18 -19 20 21 -22 23 -24 25 -26 27 -28 29 -30 31 -32 33 -34 -35 -36 -37 -38 39 40 41 -42 43 44 45 46 47 -48 49 50 0
uf50-0379 7107 -1 2 -3 4 5 6 7 -8 -9 10 -11 -12 -13 14 -15 -16 -17 18 -19 -20 -21 22 23 -24 -25 26 -27 -28 29 30 -31 32 -33 -34 35 36 37 38 39 -40 41 -42 43 44 45 46 47 48 49 50 0
uf50-0379 7107 -1 2 -3 4 5 6 7 -8 -9 10 -11 -12 -13 14 -15 -16 -17 18 -19 -20 -21 22 23 -24 -25 26 -27 -28 29 30 -31 32 -33 -34 35 36 37 38 39 -40 41 -42 43 44 45 46 47 48 49 50 0
uf50-0379 7107 -1 2 -3 4 5 6 7 -8 -9 10 -11 -12 -13 14 -15 -16 -17 18 -19 -20 -21 22 23 -24 -25 26 -27 -28 29 30 -31 32 -33 -34 35 36 37 38 39 -40 41 -42 43 44 45 46 47 48 49 50 0
uf50-0379 9283 1 2 3 4 -5 -6 -7 -8 9 10 -11 12 -13 -14 -15 -16 -17 18 -19 20 21 -22 23 -24 25 -26 27 -28 29 -30 31 -32 33 -34 -35 -36 -37 -38 39 40 41 -42 43 -44 45 46 47 -48 49 50 0
uf50-0379 8832 -1 2 -3 4 -5 -6 -7 -8 9 10 -11 12 -13 -14 -15 -16 -17 18 -19 -20 21 -22 23 -24 25 -26 27 -28 29 -30 31 -32 33 -34 -35 -36 -37 -38 39 40 41 -42 43 -44 45 46 47 -48 49 50 0
uf50-0379 7107 -1 2 -3 4 5 6 7 -8 -9 10 -11 -12 -13 14 -15 -16 -17 18 -19 -20 -21 22 23 -24 -25 26 -27 -28 29 30 -31 32 -33 -34 35 36 37 38 39 -40 41 -42 43 44 45 46 47 48 49 50 0
uf50-0379 7107 -1 2 -3 4 5 6 7 -8 -9 10 -11 -12 -13 14 -15 -16 -17 18 -19 -20 -21 22 23 -24 -25 26 -27 -28 29 30 -31 32 -33 -34 35 36 37 38 39 -40 41 -42 43 44 45 46 47 48 49 50 0
uf50-0379 6534 -1 2 -3 4 5 6 7 -8 -9 10 -11 -12 -13 14 -15 -16 -17 18 -19 -20 -21 22 -23 -24 -25 26 -27 -28 29 30 -31 32 -33 -34 35 36 37 38 39 -40 41 -42 43 -44 45 46 47 48 49 50 0
uf50-0379 7107 -1 2 -3 4 5 6 7 -8 -9 10 -11 -12 -13 14 -15 -16 -17 18 -19 -20 -21 22 23 -24 -25 26 -27 -28 29 30 -31 32 -33 -34 35 36 37 38 39 -40 41 -42 43 44 45 46 47 48 49 50 0
uf50-0379 7107 -1 2 -3 4 5 6 7 -8 -9 10 -11 -12 -13 14 -15 -16 -17 18 -19 -20 -21 22 23 -24 -25 26 -27 -28 29 30 -31 32 -33 -34 35 36 37 38 39 -40 41 -42 43 44 45 46 47 48 49 50 0
uf50-0379 7107 -1 2 -3 4 5 6 7 -8 -9 10 -11 -12 -13 14 -15 -16 -17 18 -19 -20 -21 22 23 -24 -25 26 -27 -28 29 30 -31 32 -33 -34 35 36 37 38 39 -40 41 -42 43 44 45 46 47 48 49 50 0
uf50-0379 7107 -1 2 -3 4 5 6 7 -8 -9 10 -11 -12 -13 14 -15 -16 -17 18 -19 -20 -21 22 23 -24 -25 26 -27 -28 29 30 -31 32 -33 -34 35 36 37 38 39 -40 41 -42 43 44 45 46 47 48 49 50 0
uf50-0379 6916 -1 2 -3 4 5 6 7 -8 -9 10 -11 -12 -13 14 -15 -16 -17 18 -19 -20 -21 22 -23 -24 -25 26 -27 -28 29 30 -31 32 -33 -34 35 36 37 38 39 40 41 -42 43 -44 45 46 47 48 49 50 0
uf50-0379 7107 -1 2 -3 4 5 6 7 -8 -9 10 -11 -12 -13 14 -15 -16 -17 18 -19 -20 -21 22 23 -24 -25 26 -27 -28 29 30 -31 32 -33 -34 35 36 37 38 39 -40 41 -42 43 44 45 46 47 48 49 50 0
uf50-0379 7107 -1 2 -3 4 5 6 7 -8 -9 10 -11 -12 -13 14 -15 -16 -17 18 -19 -20 -21 22 23 -24 -25 26 -27 -28 29 30 -31 32 -33 -34 35 36 37 38 39 -40 41 -42 43 44 45 46 47 48 49 50 0
uf50-0379 7107 -1 2 -3 4 5 6 7 -8 -9 10 -11 -12 -13 14 -15 -16 -17 18 -19 -20 -21 22 23 -24 -25 26 -27 -28 29 30 -31 32 -33 -34 35 36 37 38 39 -40 41 -42 43 44 45 46 47 48 49 50 0
