uf20-0880 4381 -1 2 -3 4 5 6 -7 -8 9 10 11 12 -13 14 15 16 -17 18 -19 -20 0
uf20-0880 4381 -1 2 -3 4 5 6 -7 -8 9 10 11 12 -13 14 15 16 -17 18 -19 -20 0
uf20-0880 4381 -1 2 -3 4 5 6 -7 -8 9 10 11 12 -13 14 15 16 -17 18 -19 -20 0
uf20-0880 4381 -1 2 -3 4 5 6 -7 -8 9 10 11 12 -13 14 15 16 -17 18 -19 -20 0
uf20-0880 4381 -1 2 -3 4 5 6 -7 -8 9 10 11 12 -13 14 15 16 -17 18 -19 -20 0
uf20-0880 4381 -1 2 -3 4 5 6 -7 -8 9 10 11 12 -13 14 15 16 -17 18 -19 -20 0
uf20-0880 4381 -1 2 -3 4 5 6 -7 -8 9 10 11 12 -13 14 15 16 -17 18 -19 -20 0
uf20-0880 4381 -1 2 -3 4 5 6 -7 -8 9 10 11 12 -13 14 15 16 -17 18 -19 -20 0
uf20-0880 4381 -1 2 -3 4 5 6 -7 -8 9 10 11 12 -13 14 15 16 -17 18 -19 -20 0
uf20-0880 4381 -1 2 -3 4 5 6 -7 -8 9 10 11 12 -13 14 15 16 -17 18 -19 -20 0
uf20-0880 4381 -1 2 -3 4 5 6 -7 -8 9 10 11 12 -13 14 15 16 -17 18 -19 -20 0
uf20-0880 4381 -1 2 -3 4 5 6 -7 -8 9 10 11 12 -13 14 15 16 -17 18 -19 -20 0
uf20-0880 4381 -1 2 -3 4 5 6 -7 -8 9 10 11 12 -13 14 15 16 -17 18 -19 -20 0
uf20-0880 4381 -1 2 -3 4 5 6 -7 -8 9 10 11 12 -13 14 15 16 -17 18 -19 -20 0
uf20-0880 4381 -1 2 -3 4 5 6 -7 -8 9 10 11 12 -13 14 15 16 -17 18 -19 -20 0
uf20-0880 4381 -1 2 -3 4 5 6 -7 -8 9 10 11 12 -13 14 15 16 -17 18 -19 -20 0
uf20-0880 4381 -1 2 -3 4 5 6 -7 -8 9 10 11 12 -13 14 15 16 -17 18 -19 -20 0
uf20-0880 4381 -1 2 -3 4 5 6 -7 -8 9 10 11 12 -13 14 15 16 -17 18 -19 -20 0
uf20-0880 4381 -1 2 -3 4 5 6 -7 -8 9 10 11 12 -13 14 15 16 -17 18 -19 -20 0
uf20-0880 4381 -1 2 -3 4 5 6 -7 -8 9 10 11 12 -13 14 15 16 -17 18 -19 -20 0
uf20-0880 4381 -1 2 -3 4 5 6 -7 -8 9 10 11 12 -13 14 15 16 -17 18 -19 -20 0
uf20-0880 4381 -1 2 -3 4 5 6 -7 -8 9 10 11 12 -13 14 15 16 -17 18 -19 -20 0
uf20-0880 4381 -1 2 -3 4 5 6 -7 -8 9 10 11 12 -13 14 15 16 -17 18 -19 -20 0
uf20-0880 4381 -1 2 -3 4 5 6 -7 -8 9 10 11 12 -13 14 15 16 -17 18 -19 -20 0
uf20-0880 4381 -1 2 -3 4 5 6 -7 -8 9 10 11 12 -13 14 15 16 -17 18 -19 -20 0
uf20-0880 4381 -1 2 -3 4 5 6 -7 -8 9 10 11 12 -13 14 15 16 -17 18 -19 -20 0
uf20-0880 4381 -1 2 -3 4 5 6 -7 -8 9 10 11 12 -13 14 15 16 -17 18 -19 -20 0
uf20-0880 4381 -1 2 -3 4 5 6 -7 -8 9 10 11 12 -13 14 15 16 -17 18 -19 -20 0
uf20-0880 4381 -1 2 -3 4 5 6 -7 -8 9 10 11 12 -13 14 15 16 -17 18 -19 -20 0
uf20-0880 4381 -1 2 -3 4 5 6 -7 -8 9 10 11 12 -13 14 15 16 -17 18 -19 -20 0
uf20-0880 4381 -1 2 -3 4 5 6 -7 -8 9 10 11 12 -13 14 15 16 -17 18 -19 -20 0
uf20-0880 4381 -1 2 -3 4 5 6 -7 -8 9 10 11 12 -13 14 15 16 -17 18 -19 -20 0
uf20-0880 4381 -1 2 -3 4 5 6 -7 -8 9 10 11 12 -13 14 15 16 -17 18 -19 -20 0
uf20-0880 4381 -1 2 -3 4 5 6 -7 -8 9 10 11 12 -13 14 15 16 -17 18 -19 -20 0
uf20-0880 4381 -1 2 -3 4 5 6 -7 -8 9 10 11 12 -13 14 15 16 -17 18 -19 -20 0
uf20-0880 4381 -1 2 -3 4 5 6 -7 -8 9 10 11 12 -13 14 15 16 -17 18 -19 -20 0
uf20-0880 4381 -1 2 -3 4 5 6 -7 -8 9 10 11 12 -13 14 15 16 -17 18 -19 -20 0
uf20-0880 4381 -1 2 -3 4 5 6 -7 -8 9 10 11 12 -13 14 15 16 -17 18 -19 -20 0
uf20-0880 4381 -1 2 -3 4 5 6 -7 -8 9 10 11 12 -13 14 15 16 -17 18 -19 -20 0
uf20-0880 4381 -1 2 -3 4 5 6 -7 -8 9 10 11 12 -13 14 15 16 -17 18 -19 -20 0
uf20-0880 4381 -1 2 -3 4 5 6 -7 -8 9 10 11 12 -13 14 15 16 -17 18 -19 -20 0
uf20-0880 4381 -1 2 -3 4 5 6 -7 -8 9 10 11 12 -13 14 15 16 -17 18 -19 -20 0
uf20-0880 4381 -1 2 -3 4 5 6 -7 -8 9 10 11 12 -13 14 15 16 -17 18 -19 -20 0
uf20-0880 4381 -1 2 -3 4 5 6 -7 -8 9 10 11 12 -13 14 15 16 -17 18 -19 -20 0
uf20-0880 4381 -1 2 -3 4 5 6 -7 -8 9 10 11 12 -13 14 15 16 -17 18 -19 -20 0
uf20-0880 4381 -1 2 -3 4 5 6 -7 -8 9 10 11 12 -13 14 15 16 -17 18 -19 -20 0
uf20-0880 4381 -1 2 -3 4 5 6 -7 -8 9 10 11 12 -13 14 15 16 -17 18 -19 -20 0
uf20-0880 4381 -1 2 -3 4 5 6 -7 -8 9 10 11 12 -13 14 15 16 -17 18 -19 -20 0
uf20-0880 4381 -1 2 -3 4 5 6 -7 -8 9 10 11 12 -13 14 15 16 -17 18 -19 -20 0
uf20-0880 4381 -1 2 -3 4 5 6 -7 -8 9 10 11 12 -13 14 15 16 -17 18 -19 -20 0
uf20-0118 4763 1 -2 -3 4 5 -6 7 8 9 10 11 -12 13 14 -15 16 17 -18 19 -20 0
uf20-0118 4763 1 -2 -3 4 5 -6 7 8 9 10 11 -12 13 14 -15 16 17 -18 19 -20 0
uf20-0118 4763 1 -2 -3 4 5 -6 7 8 9 10 11 -12 13 14 -15 16 17 -18 19 -20 0
uf20-0118 4763 1 -2 -3 4 5 -6 7 8 9 10 11 -12 13 14 -15 16 17 -18 19 -20 0
uf20-0118 4763 1 -2 -3 4 5 -6 7 8 9 10 11 -12 13 14 -15 16 17 -18 19 -20 0
uf20-0118 4763 1 -2 -3 4 5 -6 7 8 9 10 11 -12 13 14 -15 16 17 -18 19 -20 0
uf20-0118 4763 1 -2 -3 4 5 -6 7 8 9 10 11 -12 13 14 -15 16 17 -18 19 -20 0
uf20-0118 4763 1 -2 -3 4 5 -6 7 8 9 10 11 -12 13 14 -15 16 17 -18 19 -20 0
uf20-0118 4763 1 -2 -3 4 5 -6 7 8 9 10 11 -12 13 14 -15 16 17 -18 19 -20 0
uf20-0118 4763 1 -2 -3 4 5 -6 7 8 9 10 11 -12 13 14 -15 16 17 -18 19 -20 0
uf20-0118 4763 1 -2 -3 4 5 -6 7 8 9 10 11 -12 13 14 -15 16 17 -18 19 -20 0
uf20-0118 4763 1 -2 -3 4 5 -6 7 8 9 10 11 -12 13 14 -15 16 17 -18 19 -20 0
uf20-0118 4763 1 -2 -3 4 5 -6 7 8 9 10 11 -12 13 14 -15 16 17 -18 19 -20 0
uf20-0118 4763 1 -2 -3 4 5 -6 7 8 9 10 11 -12 13 14 -15 16 17 -18 19 -20 0
uf20-0118 4763 1 -2 -3 4 5 -6 7 8 9 10 11 -12 13 14 -15 16 17 -18 19 -20 0
uf20-0118 4763 1 -2 -3 4 5 -6 7 8 9 10 11 -12 13 14 -15 16 17 -18 19 -20 0
uf20-0118 4763 1 -2 -3 4 5 -6 7 8 9 10 11 -12 13 14 -15 16 17 -18 19 -20 0
uf20-0118 4763 1 -2 -3 4 5 -6 7 8 9 10 11 -12 13 14 -15 16 17 -18 19 -20 0
uf20-0118 4763 1 -2 -3 4 5 -6 7 8 9 10 11 -12 13 14 -15 16 17 -18 19 -20 0
uf20-0118 4763 1 -2 -3 4 5 -6 7 8 9 10 11 -12 13 14 -15 16 17 -18 19 -20 0
uf20-0118 4763 1 -2 -3 4 5 -6 7 8 9 10 11 -12 13 14 -15 16 17 -18 19 -20 0
uf20-0118 4763 1 -2 -3 4 5 -6 7 8 9 10 11 -12 13 14 -15 16 17 -18 19 -20 0
uf20-0118 4763 1 -2 -3 4 5 -6 7 8 9 10 11 -12 13 14 -15 16 17 -18 19 -20 0
uf20-0118 4763 1 -2 -3 4 5 -6 7 8 9 10 11 -12 13 14 -15 16 17 -18 19 -20 0
uf20-0118 4763 1 -2 -3 4 5 -6 7 8 9 10 11 -12 13 14 -15 16 17 -18 19 -20 0
uf20-0118 4763 1 -2 -3 4 5 -6 7 8 9 10 11 -12 13 14 -15 16 17 -18 19 -20 0
uf20-0118 4763 1 -2 -3 4 5 -6 7 8 9 10 11 -12 13 14 -15 16 17 -18 19 -20 0
uf20-0118 4763 1 -2 -3 4 5 -6 7 8 9 10 11 -12 13 14 -15 16 17 -18 19 -20 0
uf20-0118 4763 1 -2 -3 4 5 -6 7 8 9 10 11 -12 13 14 -15 16 17 -18 19 -20 0
uf20-0118 4763 1 -2 -3 4 5 -6 7 8 9 10 11 -12 13 14 -15 16 17 -18 19 -20 0
uf20-0118 4763 1 -2 -3 4 5 -6 7 8 9 10 11 -12 13 14 -15 16 17 -18 19 -20 0
uf20-0118 4763 1 -2 -3 4 5 -6 7 8 9 10 11 -12 13 14 -15 16 17 -18 19 -20 0
uf20-0118 4763 1 -2 -3 4 5 -6 7 8 9 10 11 -12 13 14 -15 16 17 -18 19 -20 0
uf20-0118 4763 1 -2 -3 4 5 -6 7 8 9 10 11 -12 13 14 -15 16 17 -18 19 -20 0
uf20-0118 4763 1 -2 -3 4 5 -6 7 8 9 10 11 -12 13 14 -15 16 17 -18 19 -20 0
uf20-0118 4763 1 -2 -3 4 5 -6 7 8 9 10 11 -12 13 14 -15 16 17 -18 19 -20 0
uf20-0118 4763 1 -2 -3 4 5 -6 7 8 9 10 11 -12 13 14 -15 16 17 -18 19 -20 0
uf20-0118 4763 1 -2 -3 4 5 -6 7 8 9 10 11 -12 13 14 -15 16 17 -18 19 -20 0
uf20-0118 4763 1 -2 -3 4 5 -6 7 8 9 10 11 -12 13 14 -15 16 17 -18 19 -20 0
uf20-0118 4763 1 -2 -3 4 5 -6 7 8 9 10 11 -12 13 14 -15 16 17 -18 19 -20 0
uf20-0118 4763 1 -2 -3 4 5 -6 7 8 9 10 11 -12 13 14 -15 16 17 -18 19 -20 0
uf20-0118 4763 1 -2 -3 4 5 -6 7 8 9 10 11 -12 13 14 -15 16 17 -18 19 -20 0
uf20-0118 4763 1 -2 -3 4 5 -6 7 8 9 10 11 -12 13 14 -15 16 17 -18 19 -20 0
uf20-0118 4763 1 -2 -3 4 5 -6 7 8 9 10 11 -12 13 14 -15 16 17 -18 19 -20 0
uf20-0118 4763 1 -2 -3 4 5 -6 7 8 9 10 11 -12 13 14 -15 16 17 -18 19 -20 0
uf20-0118 4763 1 -2 -3 4 5 -6 7 8 9 10 11 -12 13 14 -15 16 17 -18 19 -20 0
uf20-0118 4763 1 -2 -3 4 5 -6 7 8 9 10 11 -12 13 14 -15 16 17 -18 19 -20 0
uf20-0118 4763 1 -2 -3 4 5 -6 7 8 9 10 11 -12 13 14 -15 16 17 -18 19 -20 0
uf20-0118 4763 1 -2 -3 4 5 -6 7 8 9 10 11 -12 13 14 -15 16 17 -18 19 -20 0
uf20-0118 4763 1 -2 -3 4 5 -6 7 8 9 10 11 -12 13 14 -15 16 17 -18 19 -20 0
uf20-0327 4883 1 -2 -3 4 5 6 7 8 9 10 11 -12 13 -14 -15 16 -17 18 -19 -20 0
uf20-0327 4883 1 -2 -3 4 5 6 7 8 9 10 11 -12 13 -14 -15 16 -17 18 -19 -20 0
uf20-0327 4883 1 -2 -3 4 5 6 7 8 9 10 11 -12 13 -14 -15 16 -17 18 -19 -20 0
uf20-0327 4883 1 -2 -3 4 5 6 7 8 9 10 11 -12 13 -14 -15 16 -17 18 -19 -20 0
uf20-0327 4883 1 -2 -3 4 5 6 7 8 9 10 11 -12 13 -14 -15 16 -17 18 -19 -20 0
uf20-0327 4883 1 -2 -3 4 5 6 7 8 9 10 11 -12 13 -14 -15 16 -17 18 -19 -20 0
uf20-0327 4883 1 -2 -3 4 5 6 7 8 9 10 11 -12 13 -14 -15 16 -17 18 -19 -20 0
uf20-0327 4883 1 -2 -3 4 5 6 7 8 9 10 11 -12 13 -14 -15 16 -17 18 -19 -20 0
uf20-0327 4883 1 -2 -3 4 5 6 7 8 9 10 11 -12 13 -14 -15 16 -17 18 -19 -20 0
uf20-0327 4883 1 -2 -3 4 5 6 7 8 9 10 11 -12 13 -14 -15 16 -17 18 -19 -20 0
uf20-0327 4883 1 -2 -3 4 5 6 7 8 9 10 11 -12 13 -14 -15 16 -17 18 -19 -20 0
uf20-0327 4883 1 -2 -3 4 5 6 7 8 9 10 11 -12 13 -14 -15 16 -17 18 -19 -20 0
uf20-0327 4883 1 -2 -3 4 5 6 7 8 9 10 11 -12 13 -14 -15 16 -17 18 -19 -20 0
uf20-0327 4883 1 -2 -3 4 5 6 7 8 9 10 11 -12 13 -14 -15 16 -17 18 -19 -20 0
uf20-0327 4883 1 -2 -3 4 5 6 7 8 9 10 11 -12 13 -14 -15 16 -17 18 -19 -20 0
uf20-0327 4883 1 -2 -3 4 5 6 7 8 9 10 11 -12 13 -14 -15 16 -17 18 -19 -20 0
uf20-0327 4883 1 -2 -3 4 5 6 7 8 9 10 11 -12 13 -14 -15 16 -17 18 -19 -20 0
uf20-0327 4883 1 -2 -3 4 5 6 7 8 9 10 11 -12 13 -14 -15 16 -17 18 -19 -20 0
uf20-0327 4883 1 -2 -3 4 5 6 7 8 9 10 11 -12 13 -14 -15 16 -17 18 -19 -20 0
uf20-0327 4883 1 -2 -3 4 5 6 7 8 9 10 11 -12 13 -14 -15 16 -17 18 -19 -20 0
uf20-0327 4883 1 -2 -3 4 5 6 7 8 9 10 11 -12 13 -14 -15 16 -17 18 -19 -20 0
uf20-0327 4883 1 -2 -3 4 5 6 7 8 9 10 11 -12 13 -14 -15 16 -17 18 -19 -20 0
uf20-0327 4883 1 -2 -3 4 5 6 7 8 9 10 11 -12 13 -14 -15 16 -17 18 -19 -20 0
uf20-0327 4883 1 -2 -3 4 5 6 7 8 9 10 11 -12 13 -14 -15 16 -17 18 -19 -20 0
uf20-0327 4883 1 -2 -3 4 5 6 7 8 9 10 11 -12 13 -14 -15 16 -17 18 -19 -20 0
uf20-0327 4883 1 -2 -3 4 5 6 7 8 9 10 11 -12 13 -14 -15 16 -17 18 -19 -20 0
uf20-0327 4883 1 -2 -3 4 5 6 7 8 9 10 11 -12 13 -14 -15 16 -17 18 -19 -20 0
uf20-0327 4883 1 -2 -3 4 5 6 7 8 9 10 11 -12 13 -14 -15 16 -17 18 -19 -20 0
uf20-0327 4883 1 -2 -3 4 5 6 7 8 9 10 11 -12 13 -14 -15 16 -17 18 -19 -20 0
uf20-0327 4883 1 -2 -3 4 5 6 7 8 9 10 11 -12 13 -14 -15 16 -17 18 -19 -20 0
uf20-0327 4883 1 -2 -3 4 5 6 7 8 9 10 11 -12 13 -14 -15 16 -17 18 -19 -20 0
uf20-0327 4883 1 -2 -3 4 5 6 7 8 9 10 11 -12 13 -14 -15 16 -17 18 -19 -20 0
uf20-0327 4883 1 -2 -3 4 5 6 7 8 9 10 11 -12 13 -14 -15 16 -17 18 -19 -20 0
uf20-0327 4883 1 -2 -3 4 5 6 7 8 9 10 11 -12 13 -14 -15 16 -17 18 -19 -20 0
uf20-0327 4883 1 -2 -3 4 5 6 7 8 9 10 11 -12 13 -14 -15 16 -17 18 -19 -20 0
uf20-0327 4883 1 -2 -3 4 5 6 7 8 9 10 11 -12 13 -14 -15 16 -17 18 -19 -20 0
uf20-0327 4883 1 -2 -3 4 5 6 7 8 9 10 11 -12 13 -14 -15 16 -17 18 -19 -20 0
uf20-0327 4883 1 -2 -3 4 5 6 7 8 9 10 11 -12 13 -14 -15 16 -17 18 -19 -20 0
uf20-0327 4883 1 -2 -3 4 5 6 7 8 9 10 11 -12 13 -14 -15 16 -17 18 -19 -20 0
uf20-0327 4883 1 -2 -3 4 5 6 7 8 9 10 11 -12 13 -14 -15 16 -17 18 -19 -20 0
uf20-0327 4883 1 -2 -3 4 5 6 7 8 9 10 11 -12 13 -14 -15 16 -17 18 -19 -20 0
uf20-0327 4883 1 -2 -3 4 5 6 7 8 9 10 11 -12 13 -14 -15 16 -17 18 -19 -20 0
uf20-0327 4883 1 -2 -3 4 5 6 7 8 9 10 11 -12 13 -14 -15 16 -17 18 -19 -20 0
uf20-0327 4883 1 -2 -3 4 5 6 7 8 9 10 11 -12 13 -14 -15 16 -17 18 -19 -20 0
uf20-0327 4883 1 -2 -3 4 5 6 7 8 9 10 11 -12 13 -14 -15 16 -17 18 -19 -20 0
uf20-0327 4883 1 -2 -3 4 5 6 7 8 9 10 11 -12 13 -14 -15 16 -17 18 -19 -20 0
uf20-0327 4883 1 -2 -3 4 5 6 7 8 9 10 11 -12 13 -14 -15 16 -17 18 -19 -20 0
uf20-0327 4883 1 -2 -3 4 5 6 7 8 9 10 11 -12 13 -14 -15 16 -17 18 -19 -20 0
uf20-0327 4883 1 -2 -3 4 5 6 7 8 9 10 11 -12 13 -14 -15 16 -17 18 -19 -20 0
uf20-0327 4883 1 -2 -3 4 5 6 7 8 9 10 11 -12 13 -14 -15 16 -17 18 -19 -20 0
uf20-0772 3818 -1 2 -3 4 -5 6 -7 8 9 10 -11 12 13 14 15 -16 17 18 -19 -20 0
uf20-0772 3818 -1 2 -3 4 -5 6 -7 8 9 10 -11 12 13 14 15 -16 17 18 -19 -20 0
uf20-0772 3818 -1 2 -3 4 -5 6 -7 8 9 10 -11 12 13 14 15 -16 17 18 -19 -20 0
uf20-0772 3818 -1 2 -3 4 -5 6 -7 8 9 10 -11 12 13 14 15 -16 17 18 -19 -20 0
uf20-0772 3818 -1 2 -3 4 -5 6 -7 8 9 10 -11 12 13 14 15 -16 17 18 -19 -20 0
uf20-0772 3818 -1 2 -3 4 -5 6 -7 8 9 10 -11 12 13 14 15 -16 17 18 -19 -20 0
uf20-0772 3818 -1 2 -3 4 -5 6 -7 8 9 10 -11 12 13 14 15 -16 17 18 -19 -20 0
uf20-0772 3818 -1 2 -3 4 -5 6 -7 8 9 10 -11 12 13 14 15 -16 17 18 -19 -20 0
uf20-0772 3818 -1 2 -3 4 -5 6 -7 8 9 10 -11 12 13 14 15 -16 17 18 -19 -20 0
uf20-0772 3818 -1 2 -3 4 -5 6 -7 8 9 10 -11 12 13 14 15 -16 17 18 -19 -20 0
uf20-0772 3818 -1 2 -3 4 -5 6 -7 8 9 10 -11 12 13 14 15 -16 17 18 -19 -20 0
uf20-0772 3818 -1 2 -3 4 -5 6 -7 8 9 10 -11 12 13 14 15 -16 17 18 -19 -20 0
uf20-0772 3818 -1 2 -3 4 -5 6 -7 8 9 10 -11 12 13 14 15 -16 17 18 -19 -20 0
uf20-0772 3818 -1 2 -3 4 -5 6 -7 8 9 10 -11 12 13 14 15 -16 17 18 -19 -20 0
uf20-0772 3818 -1 2 -3 4 -5 6 -7 8 9 10 -11 12 13 14 15 -16 17 18 -19 -20 0
uf20-0772 3818 -1 2 -3 4 -5 6 -7 8 9 10 -11 12 13 14 15 -16 17 18 -19 -20 0
uf20-0772 3818 -1 2 -3 4 -5 6 -7 8 9 10 -11 12 13 14 15 -16 17 18 -19 -20 0
uf20-0772 3818 -1 2 -3 4 -5 6 -7 8 9 10 -11 12 13 14 15 -16 17 18 -19 -20 0
uf20-0772 3818 -1 2 -3 4 -5 6 -7 8 9 10 -11 12 13 14 15 -16 17 18 -19 -20 0
uf20-0772 3818 -1 2 -3 4 -5 6 -7 8 9 10 -11 12 13 14 15 -16 17 18 -19 -20 0
uf20-0772 3818 -1 2 -3 4 -5 6 -7 8 9 10 -11 12 13 14 15 -16 17 18 -19 -20 0
uf20-0772 3818 -1 2 -3 4 -5 6 -7 8 9 10 -11 12 13 14 15 -16 17 18 -19 -20 0
uf20-0772 3818 -1 2 -3 4 -5 6 -7 8 9 10 -11 12 13 14 15 -16 17 18 -19 -20 0
uf20-0772 3818 -1 2 -3 4 -5 6 -7 8 9 10 -11 12 13 14 15 -16 17 18 -19 -20 0
uf20-0772 3818 -1 2 -3 4 -5 6 -7 8 9 10 -11 12 13 14 15 -16 17 18 -19 -20 0
uf20-0772 3818 -1 2 -3 4 -5 6 -7 8 9 10 -11 12 13 14 15 -16 17 18 -19 -20 0
uf20-0772 3818 -1 2 -3 4 -5 6 -7 8 9 10 -11 12 13 14 15 -16 17 18 -19 -20 0
uf20-0772 3818 -1 2 -3 4 -5 6 -7 8 9 10 -11 12 13 14 15 -16 17 18 -19 -20 0
uf20-0772 3818 -1 2 -3 4 -5 6 -7 8 9 10 -11 12 13 14 15 -16 17 18 -19 -20 0
uf20-0772 3818 -1 2 -3 4 -5 6 -7 8 9 10 -11 12 13 14 15 -16 17 18 -19 -20 0
uf20-0772 3818 -1 2 -3 4 -5 6 -7 8 9 10 -11 12 13 14 15 -16 17 18 -19 -20 0
uf20-0772 3818 -1 2 -3 4 -5 6 -7 8 9 10 -11 12 13 14 15 -16 17 18 -19 -20 0
uf20-0772 3818 -1 2 -3 4 -5 6 -7 8 9 10 -11 12 13 14 15 -16 17 18 -19 -20 0
uf20-0772 3818 -1 2 -3 4 -5 6 -7 8 9 10 -11 12 13 14 15 -16 17 18 -19 -20 0
uf20-0772 3818 -1 2 -3 4 -5 6 -7 8 9 10 -11 12 13 14 15 -16 17 18 -19 -20 0
uf20-0772 3818 -1 2 -3 4 -5 6 -7 8 9 10 -11 12 13 14 15 -16 17 18 -19 -20 0
uf20-0772 3818 -1 2 -3 4 -5 6 -7 8 9 10 -11 12 13 14 15 -16 17 18 -19 -20 0
uf20-0772 3818 -1 2 -3 4 -5 6 -7 8 9 10 -11 12 13 14 15 -16 17 18 -19 -20 0
uf20-0772 3818 -1 2 -3 4 -5 6 -7 8 9 10 -11 12 13 14 15 -16 17 18 -19 -20 0
uf20-0772 3818 -1 2 -3 4 -5 6 -7 8 9 10 -11 12 13 14 15 -16 17 18 -19 -20 0
uf20-0772 3818 -1 2 -3 4 -5 6 -7 8 9 10 -11 12 13 14 15 -16 17 18 -19 -20 0
uf20-0772 3818 -1 2 -3 4 -5 6 -7 8 9 10 -11 12 13 14 15 -16 17 18 -19 -20 0
uf20-0772 3818 -1 2 -3 4 -5 6 -7 8 9 10 -11 12 13 14 15 -16 17 18 -19 -20 0
uf20-0772 3818 -1 2 -3 4 -5 6 -7 8 9 10 -11 12 13 14 15 -16 17 18 -19 -20 0
uf20-0772 3818 -1 2 -3 4 -5 6 -7 8 9 10 -11 12 13 14 15 -16 17 18 -19 -20 0
uf20-0772 3818 -1 2 -3 4 -5 6 -7 8 9 10 -11 12 13 14 15 -16 17 18 -19 -20 0
uf20-0772 3818 -1 2 -3 4 -5 6 -7 8 9 10 -11 12 13 14 15 -16 17 18 -19 -20 0
uf20-0772 3818 -1 2 -3 4 -5 6 -7 8 9 10 -11 12 13 14 15 -16 17 18 -19 -20 0
uf20-0772 3818 -1 2 -3 4 -5 6 -7 8 9 10 -11 12 13 14 15 -16 17 18 -19 -20 0
uf20-0772 3818 -1 2 -3 4 -5 6 -7 8 9 10 -11 12 13 14 15 -16 17 18 -19 -20 0
uf20-021 4457 1 2 -3 -4 5 6 7 -8 -9 10 11 12 -13 -14 15 16 -17 18 -19 -20 0
uf20-021 4457 1 2 -3 -4 5 6 7 -8 -9 10 11 12 -13 -14 15 16 -17 18 -19 -20 0
uf20-021 4457 1 2 3 -4 -5 6 -7 8 -9 -10 11 12 13 14 15 -16 -17 18 -19 -20 0
uf20-021 4457 1 2 3 -4 -5 6 -7 8 -9 -10 11 12 13 14 15 -16 -17 18 -19 -20 0
uf20-021 4457 1 2 -3 -4 5 6 7 -8 -9 10 11 12 -13 -14 15 16 -17 18 -19 -20 0
uf20-021 4457 1 2 3 -4 -5 6 -7 8 -9 -10 11 12 13 14 15 -16 -17 18 -19 -20 0
uf20-021 4457 1 2 -3 -4 5 6 7 -8 -9 10 11 12 -13 -14 15 16 -17 18 -19 -20 0
uf20-021 4457 1 2 -3 -4 5 6 7 -8 -9 10 11 12 -13 -14 15 16 -17 18 -19 -20 0
uf20-021 4457 1 2 -3 -4 5 6 7 -8 -9 10 11 12 -13 -14 15 16 -17 18 -19 -20 0
uf20-021 4457 1 2 -3 -4 5 6 7 -8 -9 10 11 12 -13 -14 15 16 -17 18 -19 -20 0
uf20-021 4457 1 2 -3 -4 5 6 7 -8 -9 10 11 12 -13 -14 15 16 -17 18 -19 -20 0
uf20-021 4457 1 2 3 -4 -5 6 -7 8 -9 -10 11 12 13 14 15 -16 -17 18 -19 -20 0
uf20-021 4457 1 2 3 -4 -5 6 -7 8 -9 -10 11 12 13 14 15 -16 -17 18 -19 -20 0
uf20-021 4457 1 2 3 -4 -5 6 -7 8 -9 -10 11 12 13 14 15 -16 -17 18 -19 -20 0
uf20-021 4457 1 2 -3 -4 5 6 7 -8 -9 10 11 12 -13 -14 15 16 -17 18 -19 -20 0
uf20-021 4457 1 2 3 -4 -5 6 -7 8 -9 -10 11 12 13 14 15 -16 -17 18 -19 -20 0
uf20-021 4457 1 2 3 -4 -5 6 -7 8 -9 -10 11 12 13 14 15 -16 -17 18 -19 -20 0
uf20-021 4457 1 2 3 -4 -5 6 -7 8 -9 -10 11 12 13 14 15 -16 -17 18 -19 -20 0
uf20-021 4457 1 2 3 -4 -5 6 -7 8 -9 -10 11 12 13 14 15 -16 -17 18 -19 -20 0
uf20-021 4457 1 2 -3 -4 5 6 7 -8 -9 10 11 12 -13 -14 15 16 -17 18 -19 -20 0
uf20-021 4457 1 2 -3 -4 5 6 7 -8 -9 10 11 12 -13 -14 15 16 -17 18 -19 -20 0
uf20-021 4457 1 2 3 -4 -5 6 -7 8 -9 -10 11 12 13 14 15 -16 -17 18 -19 -20 0
uf20-021 4457 1 2 3 -4 -5 6 -7 8 -9 -10 11 12 13 14 15 -16 -17 18 -19 -20 0
uf20-021 4457 1 2 3 -4 -5 6 -7 8 -9 -10 11 12 13 14 15 -16 -17 18 -19 -20 0
uf20-021 4457 1 2 3 -4 -5 6 -7 8 -9 -10 11 12 13 14 15 -16 -17 18 -19 -20 0
uf20-021 4457 1 2 -3 -4 5 6 7 -8 -9 10 11 12 -13 -14 15 16 -17 18 -19 -20 0
uf20-021 4457 1 2 3 -4 -5 6 -7 8 -9 -10 11 12 13 14 15 -16 -17 18 -19 -20 0
uf20-021 4457 1 2 3 -4 -5 6 -7 8 -9 -10 11 12 13 14 15 -16 -17 18 -19 -20 0
uf20-021 4457 1 2 -3 -4 5 6 7 -8 -9 10 11 12 -13 -14 15 16 -17 18 -19 -20 0
uf20-021 4457 1 2 3 -4 -5 6 -7 8 -9 -10 11 12 13 14 15 -16 -17 18 -19 -20 0
uf20-021 4457 1 2 3 -4 -5 6 -7 8 -9 -10 11 12 13 14 15 -16 -17 18 -19 -20 0
uf20-021 4457 1 2 -3 -4 5 6 7 -8 -9 10 11 12 -13 -14 15 16 -17 18 -19 -20 0
uf20-021 4457 1 2 3 -4 -5 6 -7 8 -9 -10 11 12 13 14 15 -16 -17 18 -19 -20 0
uf20-021 4457 1 2 -3 -4 5 6 7 -8 -9 10 11 12 -13 -14 15 16 -17 18 -19 -20 0
uf20-021 4457 1 2 -3 -4 5 6 7 -8 -9 10 11 12 -13 -14 15 16 -17 18 -19 -20 0
uf20-021 4457 1 2 -3 -4 5 6 7 -8 -9 10 11 12 -13 -14 15 16 -17 18 -19 -20 0
uf20-021 4457 1 2 -3 -4 5 6 7 -8 -9 10 11 12 -13 -14 15 16 -17 18 -19 -20 0
uf20-021 4457 1 2 3 -4 -5 6 -7 8 -9 -10 11 12 13 14 15 -16 -17 18 -19 -20 0
uf20-021 4457 1 2 3 -4 -5 6 -7 8 -9 -10 11 12 13 14 15 -16 -17 18 -19 -20 0
uf20-021 4457 1 2 3 -4 -5 6 -7 8 -9 -10 11 12 13 14 15 -16 -17 18 -19 -20 0
uf20-021 4457 1 2 3 -4 -5 6 -7 8 -9 -10 11 12 13 14 15 -16 -17 18 -19 -20 0
uf20-021 4457 1 2 -3 -4 5 6 7 -8 -9 10 11 12 -13 -14 15 16 -17 18 -19 -20 0
uf20-021 4457 1 2 3 -4 -5 6 -7 8 -9 -10 11 12 13 14 15 -16 -17 18 -19 -20 0
uf20-021 4457 1 2 -3 -4 5 6 7 -8 -9 10 11 12 -13 -14 15 16 -17 18 -19 -20 0
uf20-021 4457 1 2 3 -4 -5 6 -7 8 -9 -10 11 12 13 14 15 -16 -17 18 -19 -20 0
uf20-021 4457 1 2 -3 -4 5 6 7 -8 -9 10 11 12 -13 -14 15 16 -17 18 -19 -20 0
uf20-021 4457 1 2 3 -4 -5 6 -7 8 -9 -10 11 12 13 14 15 -16 -17 18 -19 -20 0
uf20-021 4457 1 2 3 -4 -5 6 -7 8 -9 -10 11 12 13 14 15 -16 -17 18 -19 -20 0
uf20-021 4457 1 2 -3 -4 5 6 7 -8 -9 10 11 12 -13 -14 15 16 -17 18 -19 -20 0
uf20-021 4457 1 2 -3 -4 5 6 7 -8 -9 10 11 12 -13 -14 15 16 -17 18 -19 -20 0
uf20-0987 3840 -1 2 -3 4 5 -6 7 8 9 10 11 -12 13 -14 -15 16 -17 18 -19 -20 0
uf20-0987 3840 -1 2 -3 4 5 -6 7 8 9 10 11 -12 13 -14 -15 16 -17 18 -19 -20 0
uf20-0987 3840 -1 2 -3 4 5 -6 7 8 9 10 11 -12 13 -14 -15 16 -17 18 -19 -20 0
uf20-0987 3840 -1 2 -3 4 5 -6 7 8 9 10 11 -12 13 -14 -15 16 -17 18 -19 -20 0
uf20-0987 3840 -1 2 -3 4 5 -6 7 8 9 10 11 -12 13 -14 -15 16 -17 18 -19 -20 0
uf20-0987 3840 -1 2 -3 4 5 -6 7 8 9 10 11 -12 13 -14 -15 16 -17 18 -19 -20 0
uf20-0987 3840 -1 2 -3 4 5 -6 7 8 9 10 11 -12 13 -14 -15 16 -17 18 -19 -20 0
uf20-0987 3840 -1 2 -3 4 5 -6 7 8 9 10 11 -12 13 -14 -15 16 -17 18 -19 -20 0
uf20-0987 3840 -1 2 -3 4 5 -6 7 8 9 10 11 -12 13 -14 -15 16 -17 18 -19 -20 0
uf20-0987 3840 -1 2 -3 4 5 -6 7 8 9 10 11 -12 13 -14 -15 16 -17 18 -19 -20 0
uf20-0987 3840 -1 2 -3 4 5 -6 7 8 9 10 11 -12 13 -14 -15 16 -17 18 -19 -20 0
uf20-0987 3840 -1 2 -3 4 5 -6 7 8 9 10 11 -12 13 -14 -15 16 -17 18 -19 -20 0
uf20-0987 3840 -1 2 -3 4 5 -6 7 8 9 10 11 -12 13 -14 -15 16 -17 18 -19 -20 0
uf20-0987 3840 -1 2 -3 4 5 -6 7 8 9 10 11 -12 13 -14 -15 16 -17 18 -19 -20 0
uf20-0987 3840 -1 2 -3 4 5 -6 7 8 9 10 11 -12 13 -14 -15 16 -17 18 -19 -20 0
uf20-0987 3840 -1 2 -3 4 5 -6 7 8 9 10 11 -12 13 -14 -15 16 -17 18 -19 -20 0
uf20-0987 3840 -1 2 -3 4 5 -6 7 8 9 10 11 -12 13 -14 -15 16 -17 18 -19 -20 0
uf20-0987 3840 -1 2 -3 4 5 -6 7 8 9 10 11 -12 13 -14 -15 16 -17 18 -19 -20 0
uf20-0987 3840 -1 2 -3 4 5 -6 7 8 9 10 11 -12 13 -14 -15 16 -17 18 -19 -20 0
uf20-0987 3840 -1 2 -3 4 5 -6 7 8 9 10 11 -12 13 -14 -15 16 -17 18 -19 -20 0
uf20-0987 3840 -1 2 -3 4 5 -6 7 8 9 10 11 -12 13 -14 -15 16 -17 18 -19 -20 0
uf20-0987 3840 -1 2 -3 4 5 -6 7 8 9 10 11 -12 13 -14 -15 16 -17 18 -19 -20 0
uf20-0987 3840 -1 2 -3 4 5 -6 7 8 9 10 11 -12 13 -14 -15 16 -17 18 -19 -20 0
uf20-0987 3840 -1 2 -3 4 5 -6 7 8 9 10 11 -12 13 -14 -15 16 -17 18 -19 -20 0
uf20-0987 3840 -1 2 -3 4 5 -6 7 8 9 10 11 -12 13 -14 -15 16 -17 18 -19 -20 0
uf20-0987 3840 -1 2 -3 4 5 -6 7 8 9 10 11 -12 13 -14 -15 16 -17 18 -19 -20 0
uf20-0987 3840 -1 2 -3 4 5 -6 7 8 9 10 11 -12 13 -14 -15 16 -17 18 -19 -20 0
uf20-0987 3840 -1 2 -3 4 5 -6 7 8 9 10 11 -12 13 -14 -15 16 -17 18 -19 -20 0
uf20-0987 3840 -1 2 -3 4 5 -6 7 8 9 10 11 -12 13 -14 -15 16 -17 18 -19 -20 0
uf20-0987 3840 -1 2 -3 4 5 -6 7 8 9 10 11 -12 13 -14 -15 16 -17 18 -19 -20 0
uf20-0987 3840 -1 2 -3 4 5 -6 7 8 9 10 11 -12 13 -14 -15 16 -17 18 -19 -20 0
uf20-0987 3840 -1 2 -3 4 5 -6 7 8 9 10 11 -12 13 -14 -15 16 -17 18 -19 -20 0
uf20-0987 3840 -1 2 -3 4 5 -6 7 8 9 10 11 -12 13 -14 -15 16 -17 18 -19 -20 0
uf20-0987 3840 -1 2 -3 4 5 -6 7 8 9 10 11 -12 13 -14 -15 16 -17 18 -19 -20 0
uf20-0987 3840 -1 2 -3 4 5 -6 7 8 9 10 11 -12 13 -14 -15 16 -17 18 -19 -20 0
uf20-0987 3840 -1 2 -3 4 5 -6 7 8 9 10 11 -12 13 -14 -15 16 -17 18 -19 -20 0
uf20-0987 3840 -1 2 -3 4 5 -6 7 8 9 10 11 -12 13 -14 -15 16 -17 18 -19 -20 0
uf20-0987 3840 -1 2 -3 4 5 -6 7 8 9 10 11 -12 13 -14 -15 16 -17 18 -19 -20 0
uf20-0987 3840 -1 2 -3 4 5 -6 7 8 9 10 11 -12 13 -14 -15 16 -17 18 -19 -20 0
uf20-0987 3840 -1 2 -3 4 5 -6 7 8 9 10 11 -12 13 -14 -15 16 -17 18 -19 -20 0
uf20-0987 3840 -1 2 -3 4 5 -6 7 8 9 10 11 -12 13 -14 -15 16 -17 18 -19 -20 0
uf20-0987 3840 -1 2 -3 4 5 -6 7 8 9 10 11 -12 13 -14 -15 16 -17 18 -19 -20 0
uf20-0987 3840 -1 2 -3 4 5 -6 7 8 9 10 11 -12 13 -14 -15 16 -17 18 -19 -20 0
uf20-0987 3840 -1 2 -3 4 5 -6 7 8 9 10 11 -12 13 -14 -15 16 -17 18 -19 -20 0
uf20-0987 3840 -1 2 -3 4 5 -6 7 8 9 10 11 -12 13 -14 -15 16 -17 18 -19 -20 0
uf20-0987 3840 -1 2 -3 4 5 -6 7 8 9 10 11 -12 13 -14 -15 16 -17 18 -19 -20 0
uf20-0987 3840 -1 2 -3 4 5 -6 7 8 9 10 11 -12 13 -14 -15 16 -17 18 -19 -20 0
uf20-0987 3840 -1 2 -3 4 5 -6 7 8 9 10 11 -12 13 -14 -15 16 -17 18 -19 -20 0
uf20-0987 3840 -1 2 -3 4 5 -6 7 8 9 10 11 -12 13 -14 -15 16 -17 18 -19 -20 0
uf20-0987 3840 -1 2 -3 4 5 -6 7 8 9 10 11 -12 13 -14 -15 16 -17 18 -19 -20 0
uf20-0528 4068 -1 -2 -3 4 -5 6 -7 8 -9 10 11 -12 13 -14 -15 16 17 -18 19 -20 0
uf20-0528 4068 -1 -2 -3 4 -5 6 -7 8 -9 10 11 -12 13 -14 -15 16 17 -18 19 -20 0
uf20-0528 4068 -1 -2 -3 4 -5 6 -7 8 -9 10 11 -12 13 -14 -15 16 17 -18 19 -20 0
uf20-0528 4068 -1 -2 -3 4 -5 6 -7 8 -9 10 11 -12 13 -14 -15 16 17 -18 19 -20 0
uf20-0528 4068 -1 -2 -3 4 -5 6 -7 8 -9 10 11 -12 13 -14 -15 16 17 -18 19 -20 0
uf20-0528 4068 -1 -2 -3 4 -5 6 -7 8 -9 10 11 -12 13 -14 -15 16 17 -18 19 -20 0
uf20-0528 4068 -1 -2 -3 4 -5 6 -7 8 -9 10 11 -12 13 -14 -15 16 17 -18 19 -20 0
uf20-0528 4068 -1 -2 -3 4 -5 6 -7 8 -9 10 11 -12 13 -14 -15 16 17 -18 19 -20 0
uf20-0528 4068 -1 -2 -3 4 -5 6 -7 8 -9 10 11 -12 13 -14 -15 16 17 -18 19 -20 0
uf20-0528 4068 -1 -2 -3 4 -5 6 -7 8 -9 10 11 -12 13 -14 -15 16 17 -18 19 -20 0
uf20-0528 4068 -1 -2 -3 4 -5 6 -7 8 -9 10 11 -12 13 -14 -15 16 17 -18 19 -20 0
uf20-0528 4068 -1 -2 -3 4 -5 6 -7 8 -9 10 11 -12 13 -14 -15 16 17 -18 19 -20 0
uf20-0528 4068 -1 -2 -3 4 -5 6 -7 8 -9 10 11 -12 13 -14 -15 16 17 -18 19 -20 0
uf20-0528 4068 -1 -2 -3 4 -5 6 -7 8 -9 10 11 -12 13 -14 -15 16 17 -18 19 -20 0
uf20-0528 4068 -1 -2 -3 4 -5 6 -7 8 -9 10 11 -12 13 -14 -15 16 17 -18 19 -20 0
uf20-0528 4068 -1 -2 -3 4 -5 6 -7 8 -9 10 11 -12 13 -14 -15 16 17 -18 19 -20 0
uf20-0528 4068 -1 -2 -3 4 -5 6 -7 8 -9 10 11 -12 13 -14 -15 16 17 -18 19 -20 0
uf20-0528 4068 -1 -2 -3 4 -5 6 -7 8 -9 10 11 -12 13 -14 -15 16 17 -18 19 -20 0
uf20-0528 4068 -1 -2 -3 4 -5 6 -7 8 -9 10 11 -12 13 -14 -15 16 17 -18 19 -20 0
uf20-0528 4068 -1 -2 -3 4 -5 6 -7 8 -9 10 11 -12 13 -14 -15 16 17 -18 19 -20 0
uf20-0528 4068 -1 -2 -3 4 -5 6 -7 8 -9 10 11 -12 13 -14 -15 16 17 -18 19 -20 0
uf20-0528 4068 -1 -2 -3 4 -5 6 -7 8 -9 10 11 -12 13 -14 -15 16 17 -18 19 -20 0
uf20-0528 4068 -1 -2 -3 4 -5 6 -7 8 -9 10 11 -12 13 -14 -15 16 17 -18 19 -20 0
uf20-0528 4068 -1 -2 -3 4 -5 6 -7 8 -9 10 11 -12 13 -14 -15 16 17 -18 19 -20 0
uf20-0528 4068 -1 -2 -3 4 -5 6 -7 8 -9 10 11 -12 13 -14 -15 16 17 -18 19 -20 0
uf20-0528 4068 -1 -2 -3 4 -5 6 -7 8 -9 10 11 -12 13 -14 -15 16 17 -18 19 -20 0
uf20-0528 4068 -1 -2 -3 4 -5 6 -7 8 -9 10 11 -12 13 -14 -15 16 17 -18 19 -20 0
uf20-0528 4068 -1 -2 -3 4 -5 6 -7 8 -9 10 11 -12 13 -14 -15 16 17 -18 19 -20 0
uf20-0528 4068 -1 -2 -3 4 -5 6 -7 8 -9 10 11 -12 13 -14 -15 16 17 -18 19 -20 0
uf20-0528 4068 -1 -2 -3 4 -5 6 -7 8 -9 10 11 -12 13 -14 -15 16 17 -18 19 -20 0
uf20-0528 4068 -1 -2 -3 4 -5 6 -7 8 -9 10 11 -12 13 -14 -15 16 17 -18 19 -20 0
uf20-0528 4068 -1 -2 -3 4 -5 6 -7 8 -9 10 11 -12 13 -14 -15 16 17 -18 19 -20 0
uf20-0528 4068 -1 -2 -3 4 -5 6 -7 8 -9 10 11 -12 13 -14 -15 16 17 -18 19 -20 0
uf20-0528 4068 -1 -2 -3 4 -5 6 -7 8 -9 10 11 -12 13 -14 -15 16 17 -18 19 -20 0
uf20-0528 4068 -1 -2 -3 4 -5 6 -7 8 -9 10 11 -12 13 -14 -15 16 17 -18 19 -20 0
uf20-0528 4068 -1 -2 -3 4 -5 6 -7 8 -9 10 11 -12 13 -14 -15 16 17 -18 19 -20 0
uf20-0528 4068 -1 -2 -3 4 -5 6 -7 8 -9 10 11 -12 13 -14 -15 16 17 -18 19 -20 0
uf20-0528 4068 -1 -2 -3 4 -5 6 -7 8 -9 10 11 -12 13 -14 -15 16 17 -18 19 -20 0
uf20-0528 4068 -1 -2 -3 4 -5 6 -7 8 -9 10 11 -12 13 -14 -15 16 17 -18 19 -20 0
uf20-0528 4068 -1 -2 -3 4 -5 6 -7 8 -9 10 11 -12 13 -14 -15 16 17 -18 19 -20 0
uf20-0528 4068 -1 -2 -3 4 -5 6 -7 8 -9 10 11 -12 13 -14 -15 16 17 -18 19 -20 0
uf20-0528 4068 -1 -2 -3 4 -5 6 -7 8 -9 10 11 -12 13 -14 -15 16 17 -18 19 -20 0
uf20-0528 4068 -1 -2 -3 4 -5 6 -7 8 -9 10 11 -12 13 -14 -15 16 17 -18 19 -20 0
uf20-0528 4068 -1 -2 -3 4 -5 6 -7 8 -9 10 11 -12 13 -14 -15 16 17 -18 19 -20 0
uf20-0528 4068 -1 -2 -3 4 -5 6 -7 8 -9 10 11 -12 13 -14 -15 16 17 -18 19 -20 0
uf20-0528 4068 -1 -2 -3 4 -5 6 -7 8 -9 10 11 -12 13 -14 -15 16 17 -18 19 -20 0
uf20-0528 4068 -1 -2 -3 4 -5 6 -7 8 -9 10 11 -12 13 -14 -15 16 17 -18 19 -20 0
uf20-0528 4068 -1 -2 -3 4 -5 6 -7 8 -9 10 11 -12 13 -14 -15 16 17 -18 19 -20 0
uf20-0528 4068 -1 -2 -3 4 -5 6 -7 8 -9 10 11 -12 13 -14 -15 16 17 -18 19 -20 0
uf20-0528 4068 -1 -2 -3 4 -5 6 -7 8 -9 10 11 -12 13 -14 -15 16 17 -18 19 -20 0
uf20-0262 4208 1 -2 -3 4 -5 -6 -7 8 9 -10 -11 12 -13 -14 15 -16 17 18 -19 20 0
uf20-0262 4208 1 -2 -3 4 -5 -6 -7 -8 9 -10 -11 12 -13 -14 15 16 17 18 -19 20 0
uf20-0262 4208 1 -2 -3 4 -5 -6 -7 -8 9 -10 -11 12 -13 -14 15 16 17 18 -19 20 0
uf20-0262 4208 1 -2 -3 4 -5 -6 -7 -8 9 -10 -11 12 -13 -14 15 16 17 18 -19 20 0
uf20-0262 4208 1 -2 -3 4 -5 -6 -7 -8 9 -10 -11 12 -13 -14 15 16 17 18 -19 20 0
uf20-0262 4208 1 -2 -3 4 -5 -6 -7 8 9 -10 -11 12 -13 -14 15 -16 17 18 -19 20 0
uf20-0262 4208 1 -2 -3 4 -5 -6 -7 -8 9 -10 -11 12 -13 -14 15 16 17 18 -19 20 0
uf20-0262 4208 1 -2 -3 4 -5 -6 -7 8 9 -10 -11 12 -13 -14 15 -16 17 18 -19 20 0
uf20-0262 4208 1 -2 -3 4 -5 -6 -7 8 9 -10 -11 12 -13 -14 15 -16 17 18 -19 20 0
uf20-0262 4208 1 -2 -3 4 -5 -6 -7 -8 9 -10 -11 12 -13 -14 15 16 17 18 -19 20 0
uf20-0262 4208 1 -2 -3 4 -5 -6 -7 8 9 -10 -11 12 -13 -14 15 -16 17 18 -19 20 0
uf20-0262 4208 1 -2 -3 4 -5 -6 -7 -8 9 -10 -11 12 -13 -14 15 16 17 18 -19 20 0
uf20-0262 4208 1 -2 -3 4 -5 -6 -7 -8 9 -10 -11 12 -13 -14 15 16 17 18 -19 20 0
uf20-0262 4208 1 -2 -3 4 -5 -6 -7 -8 9 -10 -11 12 -13 -14 15 16 17 18 -19 20 0
uf20-0262 4208 1 -2 -3 4 -5 -6 -7 8 9 -10 -11 12 -13 -14 15 -16 17 18 -19 20 0
uf20-0262 4208 1 -2 -3 4 -5 -6 -7 -8 9 -10 -11 12 -13 -14 15 16 17 18 -19 20 0
uf20-0262 4208 1 -2 -3 4 -5 -6 -7 -8 9 -10 -11 12 -13 -14 15 16 17 18 -19 20 0
uf20-0262 4208 1 -2 -3 4 -5 -6 -7 -8 9 -10 -11 12 -13 -14 15 16 17 18 -19 20 0
uf20-0262 4208 1 -2 -3 4 -5 -6 -7 -8 9 -10 -11 12 -13 -14 15 16 17 18 -19 20 0
uf20-0262 4208 1 -2 -3 4 -5 -6 -7 -8 9 -10 -11 12 -13 -14 15 16 17 18 -19 20 0
uf20-0262 4208 1 -2 -3 4 -5 -6 -7 -8 9 -10 -11 12 -13 -14 15 16 17 18 -19 20 0
uf20-0262 4208 1 -2 -3 4 -5 -6 -7 -8 9 -10 -11 12 -13 -14 15 16 17 18 -19 20 0
uf20-0262 4208 1 -2 -3 4 -5 -6 -7 -8 9 -10 -11 12 -13 -14 15 16 17 18 -19 20 0
uf20-0262 4208 1 -2 -3 4 -5 -6 -7 -8 9 -10 -11 12 -13 -14 15 16 17 18 -19 20 0
uf20-0262 4208 1 -2 -3 4 -5 -6 -7 -8 9 -10 -11 12 -13 -14 15 16 17 18 -19 20 0
uf20-0262 4208 1 -2 -3 4 -5 -6 -7 -8 9 -10 -11 12 -13 -14 15 16 17 18 -19 20 0
uf20-0262 4208 1 -2 -3 4 -5 -6 -7 -8 9 -10 -11 12 -13 -14 15 16 17 18 -19 20 0
uf20-0262 4208 1 -2 -3 4 -5 -6 -7 8 9 -10 -11 12 -13 -14 15 -16 17 18 -19 20 0
uf20-0262 4208 1 -2 -3 4 -5 -6 -7 -8 9 -10 -11 12 -13 -14 15 16 17 18 -19 20 0
uf20-0262 4208 1 -2 -3 4 -5 -6 -7 -8 9 -10 -11 12 -13 -14 15 16 17 18 -19 20 0
uf20-0262 4208 1 -2 -3 4 -5 -6 -7 8 9 -10 -11 12 -13 -14 15 -16 17 18 -19 20 0
uf20-0262 4208 1 -2 -3 4 -5 -6 -7 -8 9 -10 -11 12 -13 -14 15 16 17 18 -19 20 0
uf20-0262 4208 1 -2 -3 4 -5 -6 -7 8 9 -10 -11 12 -13 -14 15 -16 17 18 -19 20 0
uf20-0262 4208 1 -2 -3 4 -5 -6 -7 -8 9 -10 -11 12 -13 -14 15 16 17 18 -19 20 0
uf20-0262 4208 1 -2 -3 4 -5 -6 -7 -8 9 -10 -11 12 -13 -14 15 16 17 18 -19 20 0
uf20-0262 4208 1 -2 -3 4 -5 -6 -7 -8 9 -10 -11 12 -13 -14 15 16 17 18 -19 20 0
uf20-0262 4208 1 -2 -3 4 -5 -6 -7 -8 9 -10 -11 12 -13 -14 15 16 17 18 -19 20 0
uf20-0262 4208 1 -2 -3 4 -5 -6 -7 8 9 -10 -11 12 -13 -14 15 -16 17 18 -19 20 0
uf20-0262 4208 1 -2 -3 4 -5 -6 -7 -8 9 -10 -11 12 -13 -14 15 16 17 18 -19 20 0
uf20-0262 4208 1 -2 -3 4 -5 -6 -7 8 9 -10 -11 12 -13 -14 15 -16 17 18 -19 20 0
uf20-0262 4208 1 -2 -3 4 -5 -6 -7 -8 9 -10 -11 12 -13 -14 15 16 17 18 -19 20 0
uf20-0262 4208 1 -2 -3 4 -5 -6 -7 -8 9 -10 -11 12 -13 -14 15 16 17 18 -19 20 0
uf20-0262 4208 1 -2 -3 4 -5 -6 -7 -8 9 -10 -11 12 -13 -14 15 16 17 18 -19 20 0
uf20-0262 4208 1 -2 -3 4 -5 -6 -7 -8 9 -10 -11 12 -13 -14 15 16 17 18 -19 20 0
uf20-0262 4208 1 -2 -3 4 -5 -6 -7 8 9 -10 -11 12 -13 -14 15 -16 17 18 -19 20 0
uf20-0262 4208 1 -2 -3 4 -5 -6 -7 -8 9 -10 -11 12 -13 -14 15 16 17 18 -19 20 0
uf20-0262 4208 1 -2 -3 4 -5 -6 -7 8 9 -10 -11 12 -13 -14 15 -16 17 18 -19 20 0
uf20-0262 4208 1 -2 -3 4 -5 -6 -7 8 9 -10 -11 12 -13 -14 15 -16 17 18 -19 20 0
uf20-0262 4208 1 -2 -3 4 -5 -6 -7 -8 9 -10 -11 12 -13 -14 15 16 17 18 -19 20 0
uf20-0262 4208 1 -2 -3 4 -5 -6 -7 8 9 -10 -11 12 -13 -14 15 -16 17 18 -19 20 0
uf20-0433 3880 -1 2 3 4 5 -6 -7 8 9 10 -11 -12 13 -14 15 -16 17 18 -19 -20 0
uf20-0433 3880 -1 2 3 4 5 -6 -7 8 9 10 -11 -12 13 -14 15 -16 17 18 -19 -20 0
uf20-0433 3880 -1 2 3 4 5 -6 -7 8 9 10 -11 -12 13 -14 15 -16 17 18 -19 -20 0
uf20-0433 3880 -1 2 3 4 5 -6 -7 8 9 10 -11 -12 13 -14 15 -16 17 18 -19 -20 0
uf20-0433 3880 -1 2 3 4 5 -6 -7 8 9 10 -11 -12 13 -14 15 -16 17 18 -19 -20 0
uf20-0433 3880 -1 2 3 4 5 -6 -7 8 9 10 -11 -12 13 -14 15 -16 17 18 -19 -20 0
uf20-0433 3880 -1 2 3 4 5 -6 -7 8 9 10 -11 -12 13 -14 15 -16 17 18 -19 -20 0
uf20-0433 3880 -1 2 3 4 5 -6 -7 8 9 10 -11 -12 13 -14 15 -16 17 18 -19 -20 0
uf20-0433 3880 -1 2 3 4 5 -6 -7 8 9 10 -11 -12 13 -14 15 -16 17 18 -19 -20 0
uf20-0433 3880 -1 2 3 4 5 -6 -7 8 9 10 -11 -12 13 -14 15 -16 17 18 -19 -20 0
uf20-0433 3880 -1 2 3 4 5 -6 -7 8 9 10 -11 -12 13 -14 15 -16 17 18 -19 -20 0
uf20-0433 3880 -1 2 3 4 5 -6 -7 8 9 10 -11 -12 13 -14 15 -16 17 18 -19 -20 0
uf20-0433 3880 -1 2 3 4 5 -6 -7 8 9 10 -11 -12 13 -14 15 -16 17 18 -19 -20 0
uf20-0433 3880 -1 2 3 4 5 -6 -7 8 9 10 -11 -12 13 -14 15 -16 17 18 -19 -20 0
uf20-0433 3880 -1 2 3 4 5 -6 -7 8 9 10 -11 -12 13 -14 15 -16 17 18 -19 -20 0
uf20-0433 3880 -1 2 3 4 5 -6 -7 8 9 10 -11 -12 13 -14 15 -16 17 18 -19 -20 0
uf20-0433 3880 -1 2 3 4 5 -6 -7 8 9 10 -11 -12 13 -14 15 -16 17 18 -19 -20 0
uf20-0433 3880 -1 2 3 4 5 -6 -7 8 9 10 -11 -12 13 -14 15 -16 17 18 -19 -20 0
uf20-0433 3880 -1 2 3 4 5 -6 -7 8 9 10 -11 -12 13 -14 15 -16 17 18 -19 -20 0
uf20-0433 3880 -1 2 3 4 5 -6 -7 8 9 10 -11 -12 13 -14 15 -16 17 18 -19 -20 0
uf20-0433 3880 -1 2 3 4 5 -6 -7 8 9 10 -11 -12 13 -14 15 -16 17 18 -19 -20 0
uf20-0433 3880 -1 2 3 4 5 -6 -7 8 9 10 -11 -12 13 -14 15 -16 17 18 -19 -20 0
uf20-0433 3880 -1 2 3 4 5 -6 -7 8 9 10 -11 -12 13 -14 15 -16 17 18 -19 -20 0
uf20-0433 3880 -1 2 3 4 5 -6 -7 8 9 10 -11 -12 13 -14 15 -16 17 18 -19 -20 0
uf20-0433 3880 -1 2 3 4 5 -6 -7 8 9 10 -11 -12 13 -14 15 -16 17 18 -19 -20 0
uf20-0433 3880 -1 2 3 4 5 -6 -7 8 9 10 -11 -12 13 -14 15 -16 17 18 -19 -20 0
uf20-0433 3880 -1 2 3 4 5 -6 -7 8 9 10 -11 -12 13 -14 15 -16 17 18 -19 -20 0
uf20-0433 3880 -1 2 3 4 5 -6 -7 8 9 10 -11 -12 13 -14 15 -16 17 18 -19 -20 0
uf20-0433 3880 -1 2 3 4 5 -6 -7 8 9 10 -11 -12 13 -14 15 -16 17 18 -19 -20 0
uf20-0433 3880 -1 2 3 4 5 -6 -7 8 9 10 -11 -12 13 -14 15 -16 17 18 -19 -20 0
uf20-0433 3880 -1 2 3 4 5 -6 -7 8 9 10 -11 -12 13 -14 15 -16 17 18 -19 -20 0
uf20-0433 3880 -1 2 3 4 5 -6 -7 8 9 10 -11 -12 13 -14 15 -16 17 18 -19 -20 0
uf20-0433 3880 -1 2 3 4 5 -6 -7 8 9 10 -11 -12 13 -14 15 -16 17 18 -19 -20 0
uf20-0433 3880 -1 2 3 4 5 -6 -7 8 9 10 -11 -12 13 -14 15 -16 17 18 -19 -20 0
uf20-0433 3880 -1 2 3 4 5 -6 -7 8 9 10 -11 -12 13 -14 15 -16 17 18 -19 -20 0
uf20-0433 3880 -1 2 3 4 5 -6 -7 8 9 10 -11 -12 13 -14 15 -16 17 18 -19 -20 0
uf20-0433 3880 -1 2 3 4 5 -6 -7 8 9 10 -11 -12 13 -14 15 -16 17 18 -19 -20 0
uf20-0433 3880 -1 2 3 4 5 -6 -7 8 9 10 -11 -12 13 -14 15 -16 17 18 -19 -20 0
uf20-0433 3880 -1 2 3 4 5 -6 -7 8 9 10 -11 -12 13 -14 15 -16 17 18 -19 -20 0
uf20-0433 3880 -1 2 3 4 5 -6 -7 8 9 10 -11 -12 13 -14 15 -16 17 18 -19 -20 0
uf20-0433 3880 -1 2 3 4 5 -6 -7 8 9 10 -11 -12 13 -14 15 -16 17 18 -19 -20 0
uf20-0433 3880 -1 2 3 4 5 -6 -7 8 9 10 -11 -12 13 -14 15 -16 17 18 -19 -20 0
uf20-0433 3880 -1 2 3 4 5 -6 -7 8 9 10 -11 -12 13 -14 15 -16 17 18 -19 -20 0
uf20-0433 3880 -1 2 3 4 5 -6 -7 8 9 10 -11 -12 13 -14 15 -16 17 18 -19 -20 0
uf20-0433 3880 -1 2 3 4 5 -6 -7 8 9 10 -11 -12 13 -14 15 -16 17 18 -19 -20 0
uf20-0433 3880 -1 2 3 4 5 -6 -7 8 9 10 -11 -12 13 -14 15 -16 17 18 -19 -20 0
uf20-0433 3880 -1 2 3 4 5 -6 -7 8 9 10 -11 -12 13 -14 15 -16 17 18 -19 -20 0
uf20-0433 3880 -1 2 3 4 5 -6 -7 8 9 10 -11 -12 13 -14 15 -16 17 18 -19 -20 0
uf20-0433 3880 -1 2 3 4 5 -6 -7 8 9 10 -11 -12 13 -14 15 -16 17 18 -19 -20 0
uf20-0433 3880 -1 2 3 4 5 -6 -7 8 9 10 -11 -12 13 -14 15 -16 17 18 -19 -20 0
uf20-0634 3542 -1 2 -3 -4 5 -6 7 -8 -9 10 11 12 -13 -14 -15 16 17 18 19 20 0
uf20-0634 3542 -1 2 -3 -4 5 -6 7 -8 -9 10 11 12 -13 -14 -15 16 17 18 19 20 0
uf20-0634 3542 -1 2 -3 -4 5 -6 7 -8 -9 10 11 12 -13 -14 -15 16 17 18 19 20 0
uf20-0634 3542 -1 2 -3 -4 5 -6 7 -8 -9 10 11 12 -13 -14 -15 16 17 18 19 20 0
uf20-0634 3542 -1 2 -3 -4 5 -6 7 -8 -9 10 11 12 -13 -14 -15 16 17 18 19 20 0
uf20-0634 3542 -1 2 -3 -4 5 -6 7 -8 -9 10 11 12 -13 -14 -15 16 17 18 19 20 0
uf20-0634 3542 -1 2 -3 -4 5 -6 7 -8 -9 10 11 12 -13 -14 -15 16 17 18 19 20 0
uf20-0634 3542 -1 2 -3 -4 5 -6 7 -8 -9 10 11 12 -13 -14 -15 16 17 18 19 20 0
uf20-0634 3542 -1 2 -3 -4 5 -6 7 -8 -9 10 11 12 -13 -14 -15 16 17 18 19 20 0
uf20-0634 3542 -1 2 -3 -4 5 -6 7 -8 -9 10 11 12 -13 -14 -15 16 17 18 19 20 0
uf20-0634 3542 -1 2 -3 -4 5 -6 7 -8 -9 10 11 12 -13 -14 -15 16 17 18 19 20 0
uf20-0634 3542 -1 2 -3 -4 5 -6 7 -8 -9 10 11 12 -13 -14 -15 16 17 18 19 20 0
uf20-0634 3542 -1 2 -3 -4 5 -6 7 -8 -9 10 11 12 -13 -14 -15 16 17 18 19 20 0
uf20-0634 3542 -1 2 -3 -4 5 -6 7 -8 -9 10 11 12 -13 -14 -15 16 17 18 19 20 0
uf20-0634 3542 -1 2 -3 -4 5 -6 7 -8 -9 10 11 12 -13 -14 -15 16 17 18 19 20 0
uf20-0634 3542 -1 2 -3 -4 5 -6 7 -8 -9 10 11 12 -13 -14 -15 16 17 18 19 20 0
uf20-0634 3542 -1 2 -3 -4 5 -6 7 -8 -9 10 11 12 -13 -14 -15 16 17 18 19 20 0
uf20-0634 3542 -1 2 -3 -4 5 -6 7 -8 -9 10 11 12 -13 -14 -15 16 17 18 19 20 0
uf20-0634 3542 -1 2 -3 -4 5 -6 7 -8 -9 10 11 12 -13 -14 -15 16 17 18 19 20 0
uf20-0634 3542 -1 2 -3 -4 5 -6 7 -8 -9 10 11 12 -13 -14 -15 16 17 18 19 20 0
uf20-0634 3542 -1 2 -3 -4 5 -6 7 -8 -9 10 11 12 -13 -14 -15 16 17 18 19 20 0
uf20-0634 3542 -1 2 -3 -4 5 -6 7 -8 -9 10 11 12 -13 -14 -15 16 17 18 19 20 0
uf20-0634 3542 -1 2 -3 -4 5 -6 7 -8 -9 10 11 12 -13 -14 -15 16 17 18 19 20 0
uf20-0634 3542 -1 2 -3 -4 5 -6 7 -8 -9 10 11 12 -13 -14 -15 16 17 18 19 20 0
uf20-0634 3542 -1 2 -3 -4 5 -6 7 -8 -9 10 11 12 -13 -14 -15 16 17 18 19 20 0
uf20-0634 3542 -1 2 -3 -4 5 -6 7 -8 -9 10 11 12 -13 -14 -15 16 17 18 19 20 0
uf20-0634 3542 -1 2 -3 -4 5 -6 7 -8 -9 10 11 12 -13 -14 -15 16 17 18 19 20 0
uf20-0634 3542 -1 2 -3 -4 5 -6 7 -8 -9 10 11 12 -13 -14 -15 16 17 18 19 20 0
uf20-0634 3542 -1 2 -3 -4 5 -6 7 -8 -9 10 11 12 -13 -14 -15 16 17 18 19 20 0
uf20-0634 3542 -1 2 -3 -4 5 -6 7 -8 -9 10 11 12 -13 -14 -15 16 17 18 19 20 0
uf20-0634 3542 -1 2 -3 -4 5 -6 7 -8 -9 10 11 12 -13 -14 -15 16 17 18 19 20 0
uf20-0634 3542 -1 2 -3 -4 5 -6 7 -8 -9 10 11 12 -13 -14 -15 16 17 18 19 20 0
uf20-0634 3542 -1 2 -3 -4 5 -6 7 -8 -9 10 11 12 -13 -14 -15 16 17 18 19 20 0
uf20-0634 3542 -1 2 -3 -4 5 -6 7 -8 -9 10 11 12 -13 -14 -15 16 17 18 19 20 0
uf20-0634 3542 -1 2 -3 -4 5 -6 7 -8 -9 10 11 12 -13 -14 -15 16 17 18 19 20 0
uf20-0634 3542 -1 2 -3 -4 5 -6 7 -8 -9 10 11 12 -13 -14 -15 16 17 18 19 20 0
uf20-0634 3542 -1 2 -3 -4 5 -6 7 -8 -9 10 11 12 -13 -14 -15 16 17 18 19 20 0
uf20-0634 3542 -1 2 -3 -4 5 -6 7 -8 -9 10 11 12 -13 -14 -15 16 17 18 19 20 0
uf20-0634 3542 -1 2 -3 -4 5 -6 7 -8 -9 10 11 12 -13 -14 -15 16 17 18 19 20 0
uf20-0634 3542 -1 2 -3 -4 5 -6 7 -8 -9 10 11 12 -13 -14 -15 16 17 18 19 20 0
uf20-0634 3542 -1 2 -3 -4 5 -6 7 -8 -9 10 11 12 -13 -14 -15 16 17 18 19 20 0
uf20-0634 3542 -1 2 -3 -4 5 -6 7 -8 -9 10 11 12 -13 -14 -15 16 17 18 19 20 0
uf20-0634 3542 -1 2 -3 -4 5 -6 7 -8 -9 10 11 12 -13 -14 -15 16 17 18 19 20 0
uf20-0634 3542 -1 2 -3 -4 5 -6 7 -8 -9 10 11 12 -13 -14 -15 16 17 18 19 20 0
uf20-0634 3542 -1 2 -3 -4 5 -6 7 -8 -9 10 11 12 -13 -14 -15 16 17 18 19 20 0
uf20-0634 3542 -1 2 -3 -4 5 -6 7 -8 -9 10 11 12 -13 -14 -15 16 17 18 19 20 0
uf20-0634 3542 -1 2 -3 -4 5 -6 7 -8 -9 10 11 12 -13 -14 -15 16 17 18 19 20 0
uf20-0634 3542 -1 2 -3 -4 5 -6 7 -8 -9 10 11 12 -13 -14 -15 16 17 18 19 20 0
uf20-0634 3542 -1 2 -3 -4 5 -6 7 -8 -9 10 11 12 -13 -14 -15 16 17 18 19 20 0
uf20-0634 3542 -1 2 -3 -4 5 -6 7 -8 -9 10 11 12 -13 -14 -15 16 17 18 19 20 0
