uf50-098 216 0
uf50-098 217 0
uf50-098 217 0
uf50-098 217 0
uf50-098 216 0
uf50-098 216 0
uf50-098 217 0
uf50-098 4566 -1 -2 3 -4 -5 -6 -7 8 -9 -10 -11 12 -13 -14 15 -16 -17 -18 19 20 -21 22 23 24 25 26 -27 28 -29 30 -31 -32 -33 34 -35 36 -37 38 39 -40 -41 42 -43 44 45 46 47 48 49 -50 0
uf50-098 217 0
uf50-098 217 0
uf50-098 5362 1 -2 3 4 -5 -6 -7 8 -9 -10 -11 12 -13 -14 15 -16 -17 -18 19 -20 21 22 23 24 -25 26 -27 28 -29 30 -31 -32 -33 34 35 36 -37 38 39 -40 -41 42 -43 44 45 46 47 -48 49 -50 0
uf50-098 217 0
uf50-098 217 0
uf50-098 217 0
uf50-098 217 0
uf50-098 217 0
uf50-098 217 0
uf50-098 217 0
uf50-098 5885 1 -2 3 4 5 -6 -7 8 -9 -10 -11 12 -13 -14 15 -16 -17 -18 19 -20 21 22 23 24 -25 26 -27 28 -29 30 -31 -32 -33 34 35 36 -37 38 39 -40 -41 42 -43 44 45 46 47 -48 49 -50 0
uf50-098 217 0
uf50-098 217 0
uf50-098 217 0
uf50-098 217 0
uf50-098 4513 -1 -2 3 -4 5 -6 -7 8 -9 -10 -11 12 -13 -14 15 -16 -17 -18 19 -20 -21 22 23 24 -25 26 -27 28 -29 30 -31 -32 -33 34 35 36 -37 38 39 -40 -41 42 -43 44 45 46 47 48 49 -50 0
uf50-098 216 0
uf50-098 216 0
uf50-098 217 0
uf50-098 217 0
uf50-098 216 0
uf50-098 217 0
uf50-098 217 0
uf50-098 217 0
uf50-098 217 0
uf50-098 5178 -1 -2 3 4 5 -6 -7 8 -9 10 -11 12 -13 -14 15 -16 -17 -18 19 -20 21 22 23 24 -25 26 -27 28 -29 30 -31 -32 -33 34 -35 36 -37 38 39 -40 -41 42 -43 44 45 46 47 48 49 -50 0
uf50-098 217 0
uf50-098 216 0
uf50-098 217 0
uf50-098 217 0
uf50-098 217 0
uf50-098 217 0
uf50-098 217 0
uf50-098 5760 1 -2 3 4 5 -6 -7 8 -9 -10 -11 12 -13 -14 15 -16 -17 -18 19 -20 21 22 23 24 -25 26 -27 28 -29 30 -31 -32 -33 34 35 36 -37 38 -39 -40 -41 42 -43 44 45 46 47 -48 49 -50 0
uf50-098 217 0
uf50-098 217 0
uf50-098 217 0
uf50-098 217 0
uf50-098 217 0
uf50-098 6179 1 -2 -3 -4 -5 -6 -7 8 -9 10 -11 12 -13 -14 15 -16 17 -18 19 -20 -21 22 -23 24 -25 26 -27 28 -29 30 -31 -32 33 34 35 36 -37 38 -39 40 41 42 -43 -44 45 -46 47 48 49 -50 0
uf50-098 216 0
uf50-098 217 0
uf50-0537 3403 -1 2 3 -4 -5 6 7 8 -9 10 11 -12 -13 -14 15 16 17 18 19 -20 21 22 -23 -24 -25 26 27 -28 -29 30 31 -32 -33 34 35 36 37 38 39 40 -41 42 -43 44 -45 -46 47 -48 -49 -50 0
uf50-0537 3654 -1 2 3 -4 5 6 7 8 -9 10 11 -12 -13 -14 15 16 17 18 19 -20 -21 22 -23 24 -25 26 27 -28 -29 -30 31 -32 -33 34 35 36 37 38 39 40 -41 42 -43 44 45 -46 47 -48 -49 -50 0
uf50-0537 217 0
uf50-0537 3270 -1 2 3 -4 5 6 7 8 -9 10 11 -12 -13 -14 15 16 17 18 19 -20 -21 22 -23 24 -25 26 27 -28 -29 -30 31 -32 -33 34 35 36 37 38 39 40 -41 42 -43 44 -45 -46 47 -48 -49 -50 0
uf50-0537 217 0
uf50-0537 2645 -1 2 3 -4 -5 6 7 -8 -9 10 11 12 -13 -14 15 16 17 18 19 -20 21 22 -23 24 -25 -26 27 28 -29 30 31 -32 -33 34 35 36 37 38 -39 40 -41 42 -43 44 -45 -46 47 -48 -49 -50 0
uf50-0537 2951 -1 2 3 -4 5 6 7 -8 -9 10 11 12 -13 -14 15 16 17 18 19 -20 -21 22 -23 24 -25 -26 27 28 29 30 31 -32 -33 34 35 36 37 38 -39 40 -41 42 -43 44 -45 -46 47 -48 -49 -50 0
uf50-0537 217 0
uf50-0537 2935 -1 2 3 -4 -5 6 7 8 -9 10 11 12 -13 -14 15 16 17 18 19 -20 21 22 -23 24 -25 -26 27 28 -29 30 31 -32 -33 34 35 36 37 38 -39 40 -41 42 -43 44 -45 -46 47 -48 -49 -50 0
uf50-0537 2951 -1 2 3 -4 5 6 7 -8 -9 10 11 12 -13 -14 15 16 17 18 19 -20 -21 22 -23 24 -25 -26 27 28 29 30 31 -32 -33 34 35 36 37 38 -39 40 -41 42 -43 44 -45 -46 47 -48 -49 -50 0
uf50-0537 2935 -1 2 3 -4 -5 6 7 8 -9 10 11 12 -13 -14 15 16 17 18 19 -20 21 22 -23 24 -25 -26 27 28 -29 30 31 -32 -33 34 35 36 37 38 -39 40 -41 42 -43 44 -45 -46 47 -48 -49 -50 0
uf50-0537 217 0
uf50-0537 2834 -1 2 3 -4 5 6 7 -8 -9 10 11 12 -13 -14 15 16 17 18 19 -20 -21 22 -23 24 -25 -26 27 28 -29 30 31 -32 -33 34 35 36 37 38 -39 40 -41 42 -43 44 -45 -46 47 -48 -49 -50 0
uf50-0537 217 0
uf50-0537 2935 -1 2 3 -4 -5 6 7 8 -9 10 11 12 -13 -14 15 16 17 18 19 -20 21 22 -23 24 -25 -26 27 28 -29 30 31 -32 -33 34 35 36 37 38 -39 40 -41 42 -43 44 -45 -46 47 -48 -49 -50 0
uf50-0537 3437 -1 2 3 -4 -5 6 7 8 -9 10 11 -12 -13 -14 15 16 17 18 19 -20 21 22 -23 24 -25 26 27 -28 -29 30 31 -32 -33 34 35 36 37 38 39 40 -41 42 -43 44 -45 -46 47 -48 -49 -50 0
uf50-0537 2444 -1 2 3 -4 -5 6 7 -8 -9 10 11 12 -13 -14 15 16 17 18 19 -20 -21 22 -23 24 -25 -26 27 28 -29 30 31 -32 -33 34 35 36 37 38 -39 40 -41 42 -43 44 -45 -46 47 -48 -49 -50 0
uf50-0537 3303 -1 2 3 -4 -5 6 7 8 -9 10 11 -12 -13 -14 15 16 17 18 19 -20 21 22 -23 -24 -25 26 27 -28 -29 -30 31 -32 -33 34 35 36 37 38 39 40 -41 42 -43 44 -45 -46 47 -48 49 -50 0
uf50-0537 2951 -1 2 3 -4 5 6 7 -8 -9 10 11 12 -13 -14 15 16 17 18 19 -20 -21 22 -23 24 -25 -26 27 28 29 30 31 -32 -33 34 35 36 37 38 -39 40 -41 42 -43 44 -45 -46 47 -48 -49 -50 0
uf50-0537 3264 -1 2 3 -4 -5 6 7 8 -9 10 11 -12 -13 -14 15 16 17 18 19 -20 -21 22 -23 24 -25 26 27 -28 -29 -30 31 -32 -33 34 35 36 37 38 39 40 -41 42 -43 44 45 -46 47 -48 -49 -50 0
uf50-0537 3303 -1 2 3 -4 -5 6 7 8 -9 10 11 -12 -13 -14 15 16 17 18 19 -20 21 22 -23 -24 -25 26 27 -28 -29 -30 31 -32 -33 34 35 36 37 38 39 40 -41 42 -43 44 -45 -46 47 -48 49 -50 0
uf50-0537 3337 -1 2 3 -4 -5 6 7 8 -9 10 11 -12 -13 -14 15 16 17 18 19 -20 21 22 -23 24 -25 26 27 -28 -29 -30 31 -32 -33 34 35 36 37 38 39 40 -41 42 -43 44 -45 -46 47 -48 49 -50 0
uf50-0537 2951 -1 2 3 -4 5 6 7 -8 -9 10 11 12 -13 -14 15 16 17 18 19 -20 -21 22 -23 24 -25 -26 27 28 29 30 31 -32 -33 34 35 36 37 38 -39 40 -41 42 -43 44 -45 -46 47 -48 -49 -50 0
uf50-0537 217 0
uf50-0537 2951 -1 2 3 -4 5 6 7 -8 -9 10 11 12 -13 -14 15 16 17 18 19 -20 -21 22 -23 24 -25 -26 27 28 29 30 31 -32 -33 34 35 36 37 38 -39 40 -41 42 -43 44 -45 -46 47 -48 -49 -50 0
uf50-0537 3337 -1 2 3 -4 -5 6 7 8 -9 10 11 -12 -13 -14 15 16 17 18 19 -20 21 22 -23 24 -25 26 27 -28 -29 -30 31 -32 -33 34 35 36 37 38 39 40 -41 42 -43 44 -45 -46 47 -48 49 -50 0
uf50-0537 2951 -1 2 3 -4 5 6 7 -8 -9 10 11 12 -13 -14 15 16 17 18 19 -20 -21 22 -23 24 -25 -26 27 28 29 30 31 -32 -33 34 35 36 37 38 -39 40 -41 42 -43 44 -45 -46 47 -48 -49 -50 0
uf50-0537 217 0
uf50-0537 2951 -1 2 3 -4 5 6 7 -8 -9 10 11 12 -13 -14 15 16 17 18 19 -20 -21 22 -23 24 -25 -26 27 28 29 30 31 -32 -33 34 35 36 37 38 -39 40 -41 42 -43 44 -45 -46 47 -48 -49 -50 0
uf50-0537 217 0
uf50-0537 2951 -1 2 3 -4 5 6 7 -8 -9 10 11 12 -13 -14 15 16 17 18 19 -20 -21 22 -23 24 -25 -26 27 28 29 30 31 -32 -33 34 35 36 37 38 -39 40 -41 42 -43 44 -45 -46 47 -48 -49 -50 0
uf50-0537 3337 -1 2 3 -4 -5 6 7 8 -9 10 11 -12 -13 -14 15 16 17 18 19 -20 21 22 -23 24 -25 26 27 -28 -29 -30 31 -32 -33 34 35 36 37 38 39 40 -41 42 -43 44 -45 -46 47 -48 49 -50 0
uf50-0537 4769 -1 2 -3 -4 -5 6 7 8 -9 10 -11 -12 -13 -14 15 16 17 18 -19 -20 21 22 23 -24 -25 26 27 -28 -29 30 31 -32 33 34 35 36 37 38 39 40 41 42 43 44 -45 -46 47 -48 -49 -50 0
uf50-0537 3465 -1 2 3 -4 -5 6 7 8 -9 10 11 -12 -13 -14 15 16 17 18 19 -20 21 22 -23 24 -25 26 27 -28 -29 -30 31 -32 -33 34 35 36 37 38 39 40 -41 42 -43 44 45 -46 47 -48 -49 -50 0
uf50-0537 217 0
uf50-0537 3654 -1 2 3 -4 5 6 7 8 -9 10 11 -12 -13 -14 15 16 17 18 19 -20 -21 22 -23 24 -25 26 27 -28 -29 -30 31 -32 -33 34 35 36 37 38 39 40 -41 42 -43 44 45 -46 47 -48 -49 -50 0
uf50-0537 3270 -1 2 3 -4 5 6 7 8 -9 10 11 -12 -13 -14 15 16 17 18 19 -20 -21 22 -23 24 -25 26 27 -28 -29 -30 31 -32 -33 34 35 36 37 38 39 40 -41 42 -43 44 -45 -46 47 -48 -49 -50 0
uf50-0537 2951 -1 2 3 -4 5 6 7 -8 -9 10 11 12 -13 -14 15 16 17 18 19 -20 -21 22 -23 24 -25 -26 27 28 29 30 31 -32 -33 34 35 36 37 38 -39 40 -41 42 -43 44 -45 -46 47 -48 -49 -50 0
uf50-0537 2935 -1 2 3 -4 -5 6 7 8 -9 10 11 12 -13 -14 15 16 17 18 19 -20 21 22 -23 24 -25 -26 27 28 -29 30 31 -32 -33 34 35 36 37 38 -39 40 -41 42 -43 44 -45 -46 47 -48 -49 -50 0
uf50-0537 1508 -1 2 3 4 -5 6 7 -8 9 -10 11 12 -13 14 15 16 17 18 19 -20 -21 22 -23 24 -25 -26 27 28 29 -30 31 -32 -33 -34 35 36 -37 -38 -39 -40 -41 42 43 44 -45 -46 47 -48 -49 -50 0
uf50-0537 4769 -1 2 -3 -4 -5 6 7 8 -9 10 -11 -12 -13 -14 15 16 17 18 -19 -20 21 22 23 -24 -25 26 27 -28 -29 30 31 -32 33 34 35 36 37 38 39 40 41 42 43 44 -45 -46 47 -48 -49 -50 0
uf50-0537 3465 -1 2 3 -4 -5 6 7 8 -9 10 11 -12 -13 -14 15 16 17 18 19 -20 21 22 -23 24 -25 26 27 -28 -29 -30 31 -32 -33 34 35 36 37 38 39 40 -41 42 -43 44 45 -46 47 -48 -49 -50 0
uf50-0537 2951 -1 2 3 -4 5 6 7 -8 -9 10 11 12 -13 -14 15 16 17 18 19 -20 -21 22 -23 24 -25 -26 27 28 29 30 31 -32 -33 34 35 36 37 38 -39 40 -41 42 -43 44 -45 -46 47 -48 -49 -50 0
uf50-0537 3437 -1 2 3 -4 -5 6 7 8 -9 10 11 -12 -13 -14 15 16 17 18 19 -20 21 22 -23 24 -25 26 27 -28 -29 30 31 -32 -33 34 35 36 37 38 39 40 -41 42 -43 44 -45 -46 47 -48 -49 -50 0
uf50-0537 4769 -1 2 -3 -4 -5 6 7 8 -9 10 -11 -12 -13 -14 15 16 17 18 -19 -20 21 22 23 -24 -25 26 27 -28 -29 30 31 -32 33 34 35 36 37 38 39 40 41 42 43 44 -45 -46 47 -48 -49 -50 0
uf50-0537 2762 -1 2 3 -4 -5 6 7 -8 -9 10 11 12 -13 -14 15 16 17 18 19 -20 21 22 -23 24 -25 -26 27 28 29 30 31 -32 -33 34 35 36 37 38 -39 40 -41 42 -43 44 -45 -46 47 -48 -49 -50 0
uf50-0537 2951 -1 2 3 -4 5 6 7 -8 -9 10 11 12 -13 -14 15 16 17 18 19 -20 -21 22 -23 24 -25 -26 27 28 29 30 31 -32 -33 34 35 36 37 38 -39 40 -41 42 -43 44 -45 -46 47 -48 -49 -50 0
uf50-0537 2951 -1 2 3 -4 5 6 7 -8 -9 10 11 12 -13 -14 15 16 17 18 19 -20 -21 22 -23 24 -25 -26 27 28 29 30 31 -32 -33 34 35 36 37 38 -39 40 -41 42 -43 44 -45 -46 47 -48 -49 -50 0
uf50-0537 2935 -1 2 3 -4 -5 6 7 8 -9 10 11 12 -13 -14 15 16 17 18 19 -20 21 22 -23 24 -25 -26 27 28 -29 30 31 -32 -33 34 35 36 37 38 -39 40 -41 42 -43 44 -45 -46 47 -48 -49 -50 0
uf50-0537 2762 -1 2 3 -4 -5 6 7 -8 -9 10 11 12 -13 -14 15 16 17 18 19 -20 21 22 -23 24 -25 -26 27 28 29 30 31 -32 -33 34 35 36 37 38 -39 40 -41 42 -43 44 -45 -46 47 -48 -49 -50 0
uf50-0472 3102 1 2 -3 4 5 -6 7 8 -9 10 11 12 -13 -14 15 -16 17 18 -19 -20 21 22 23 -24 25 -26 -27 28 29 30 31 32 -33 -34 -35 -36 37 -38 -39 -40 41 42 43 44 45 46 47 -48 -49 -50 0
uf50-0472 3165 1 2 -3 4 5 -6 7 8 -9 10 -11 12 -13 -14 15 -16 17 18 -19 -20 21 22 23 -24 25 -26 -27 28 29 30 31 32 -33 -34 -35 -36 37 -38 -39 -40 41 42 43 44 45 46 47 -48 49 -50 0
uf50-0472 217 0
uf50-0472 217 0
uf50-0472 1871 1 2 -3 -4 5 6 7 8 -9 10 -11 12 -13 -14 15 -16 17 -18 -19 20 21 -22 23 -24 -25 -26 -27 28 29 -30 31 32 -33 -34 -35 -36 37 38 -39 -40 41 42 -43 44 45 -46 47 48 -49 -50 0
uf50-0472 3110 1 2 -3 4 5 -6 7 8 -9 10 -11 12 13 -14 15 -16 17 -18 -19 -20 21 -22 23 -24 25 -26 -27 28 29 30 31 32 -33 -34 -35 -36 37 -38 -39 -40 41 42 43 44 45 46 47 -48 49 -50 0
uf50-0472 2083 1 2 -3 -4 5 -6 7 8 -9 10 -11 12 -13 -14 15 -16 17 -18 -19 20 21 -22 23 -24 25 -26 -27 28 29 -30 31 32 -33 -34 -35 -36 37 -38 39 -40 41 42 -43 44 45 46 47 48 -49 -50 0
uf50-0472 3639 1 -2 3 -4 -5 6 7 8 -9 10 -11 12 13 -14 15 -16 17 18 19 -20 -21 -22 23 -24 25 -26 -27 28 -29 -30 31 -32 -33 -34 -35 -36 37 -38 39 -40 41 42 43 -44 -45 -46 -47 48 49 -50 0
uf50-0472 1605 1 -2 -3 -4 5 -6 7 8 -9 10 -11 12 -13 -14 15 -16 17 -18 -19 20 21 -22 23 -24 25 -26 -27 28 29 -30 31 32 -33 -34 -35 -36 37 -38 -39 -40 41 42 43 44 45 46 47 -48 -49 -50 0
uf50-0472 3242 1 2 -3 -4 5 6 7 8 -9 10 11 12 -13 -14 15 -16 17 18 -19 20 21 22 23 -24 25 -26 -27 28 29 -30 31 32 -33 -34 -35 -36 37 -38 39 -40 41 42 -43 44 45 46 47 48 -49 -50 0
uf50-0472 217 0
uf50-0472 3409 1 2 -3 4 5 -6 7 8 -9 10 -11 12 13 -14 15 -16 17 18 -19 -20 21 22 23 -24 25 -26 -27 28 29 30 31 32 -33 -34 -35 -36 37 -38 -39 -40 41 42 43 44 -45 46 47 -48 49 -50 0
uf50-0472 2772 1 -2 -3 4 5 -6 7 8 -9 10 -11 12 13 -14 15 -16 17 -18 -19 -20 21 -22 23 -24 25 -26 -27 28 29 30 31 32 -33 -34 -35 -36 37 -38 -39 -40 41 42 43 44 -45 46 47 -48 49 -50 0
uf50-0472 217 0
uf50-0472 3034 1 -2 -3 4 5 -6 7 8 -9 10 -11 12 13 -14 15 -16 17 18 -19 -20 21 -22 23 -24 25 -26 -27 28 29 30 31 32 -33 -34 -35 -36 37 -38 -39 -40 41 42 43 44 -45 46 47 -48 49 -50 0
uf50-0472 217 0
uf50-0472 3409 1 2 -3 4 5 -6 7 8 -9 10 -11 12 13 -14 15 -16 17 18 -19 -20 21 22 23 -24 25 -26 -27 28 29 30 31 32 -33 -34 -35 -36 37 -38 -39 -40 41 42 43 44 -45 46 47 -48 49 -50 0
uf50-0472 3081 1 2 -3 4 5 -6 7 8 -9 10 11 12 -13 -14 15 -16 17 -18 -19 -20 21 22 23 -24 25 -26 -27 28 29 30 31 32 -33 -34 -35 -36 37 -38 -39 -40 41 42 43 44 -45 46 47 -48 49 -50 0
uf50-0472 3343 1 2 -3 4 5 -6 7 8 -9 10 11 12 -13 -14 15 -16 17 18 -19 -20 21 22 23 -24 25 -26 -27 28 29 30 31 32 -33 -34 -35 -36 37 -38 -39 -40 41 42 43 44 -45 46 47 -48 49 -50 0
uf50-0472 2420 1 2 -3 -4 5 6 7 8 -9 10 -11 12 -13 -14 15 -16 17 -18 -19 20 21 22 23 -24 25 -26 -27 28 29 -30 31 32 -33 -34 -35 -36 37 -38 -39 -40 41 42 43 44 -45 46 47 48 -49 -50 0
uf50-0472 2947 1 2 -3 4 5 -6 7 8 -9 10 -11 12 -13 -14 15 -16 17 18 -19 -20 21 -22 23 -24 25 -26 -27 28 29 30 31 32 -33 -34 -35 -36 37 -38 -39 -40 41 42 43 44 45 46 47 -48 49 -50 0
uf50-0472 3165 1 2 -3 4 5 -6 7 8 -9 10 -11 12 -13 -14 15 -16 17 18 -19 -20 21 22 23 -24 25 -26 -27 28 29 30 31 32 -33 -34 -35 -36 37 -38 -39 -40 41 42 43 44 45 46 47 -48 49 -50 0
uf50-0472 2721 1 2 -3 -4 5 -6 7 8 -9 10 11 12 -13 -14 15 -16 17 18 -19 20 21 22 23 -24 25 -26 -27 28 29 -30 31 32 -33 -34 -35 -36 37 -38 -39 -40 41 42 43 44 -45 46 47 48 -49 -50 0
uf50-0472 2791 1 -2 -3 -4 5 6 7 8 -9 10 -11 12 -13 -14 15 -16 17 -18 19 -20 21 -22 -23 -24 25 -26 -27 28 29 -30 31 32 -33 -34 -35 -36 37 -38 39 40 41 42 -43 44 45 46 47 48 -49 -50 0
uf50-0472 2657 1 2 -3 -4 5 6 7 8 -9 10 11 12 -13 -14 15 -16 17 18 -19 20 21 22 23 -24 -25 -26 -27 28 29 -30 31 32 -33 -34 -35 -36 37 -38 -39 -40 41 42 43 44 45 -46 47 48 -49 -50 0
uf50-0472 3640 1 -2 3 -4 5 6 7 8 -9 10 -11 12 13 -14 15 -16 17 18 19 -20 -21 -22 23 -24 25 -26 -27 28 -29 -30 31 -32 -33 -34 -35 -36 37 -38 39 -40 41 42 43 -44 -45 -46 -47 48 49 -50 0
uf50-0472 4067 1 -2 3 -4 -5 6 7 8 -9 10 -11 12 13 -14 15 -16 17 18 19 -20 -21 -22 23 -24 25 -26 -27 28 -29 -30 31 -32 -33 -34 -35 -36 37 -38 39 -40 41 42 43 -44 -45 -46 -47 48 49 50 0
uf50-0472 2508 1 -2 -3 -4 5 6 7 8 -9 10 -11 12 -13 -14 15 -16 17 18 -19 20 21 -22 23 -24 25 -26 -27 28 29 -30 31 32 -33 -34 -35 -36 37 -38 39 -40 41 42 -43 44 45 46 47 48 -49 -50 0
uf50-0472 4067 1 -2 3 -4 -5 6 7 8 -9 10 -11 12 13 -14 15 -16 17 18 19 -20 -21 -22 23 -24 25 -26 -27 28 -29 -30 31 -32 -33 -34 -35 -36 37 -38 39 -40 41 42 43 -44 -45 -46 -47 48 49 50 0
uf50-0472 2741 1 2 -3 -4 5 6 7 8 -9 10 11 12 -13 -14 15 -16 17 -18 -19 20 21 22 23 -24 -25 -26 -27 28 29 -30 31 32 -33 -34 -35 -36 37 38 39 -40 41 42 -43 44 45 -46 47 48 -49 -50 0
uf50-0472 217 0
uf50-0472 2483 1 -2 -3 -4 5 6 7 8 -9 10 -11 12 -13 -14 15 -16 17 -18 19 20 21 -22 -23 -24 -25 -26 -27 28 29 -30 31 32 33 -34 -35 -36 37 38 -39 -40 41 42 43 44 -45 -46 47 48 -49 -50 0
uf50-0472 2433 1 -2 -3 -4 5 6 7 8 -9 10 -11 12 -13 -14 15 -16 17 -18 19 -20 21 -22 23 -24 25 -26 -27 28 29 -30 31 32 -33 -34 -35 -36 37 -38 -39 40 41 42 43 44 -45 -46 47 48 -49 -50 0
uf50-0472 217 0
uf50-0472 3147 1 2 -3 4 5 -6 7 8 -9 10 -11 12 13 -14 15 -16 17 -18 -19 -20 21 22 23 -24 25 -26 -27 28 29 30 31 32 -33 -34 -35 -36 37 -38 -39 -40 41 42 43 44 -45 46 47 -48 49 -50 0
uf50-0472 4067 1 -2 3 -4 -5 6 7 8 -9 10 -11 12 13 -14 15 -16 17 18 19 -20 -21 -22 23 -24 25 -26 -27 28 -29 -30 31 -32 -33 -34 -35 -36 37 -38 39 -40 41 42 43 -44 -45 -46 -47 48 49 50 0
uf50-0472 2960 1 2 -3 -4 5 6 7 8 -9 10 11 12 -13 -14 15 -16 17 -18 -19 20 21 22 23 -24 25 -26 -27 28 29 -30 31 32 -33 -34 -35 -36 37 -38 -39 -40 41 42 43 44 45 46 47 48 -49 -50 0
uf50-0472 2423 1 2 -3 -4 5 6 7 8 -9 10 -11 12 -13 -14 15 -16 17 18 -19 20 21 22 23 -24 25 -26 -27 28 29 -30 31 32 -33 -34 -35 -36 37 -38 39 -40 41 42 -43 44 -45 -46 47 48 -49 -50 0
uf50-0472 2503 1 -2 -3 -4 5 6 7 8 -9 10 -11 12 -13 -14 15 -16 17 -18 19 -20 21 -22 23 -24 25 -26 -27 28 29 -30 31 32 -33 -34 -35 -36 37 -38 39 -40 41 42 -43 44 45 46 47 48 -49 -50 0
uf50-0472 3524 1 2 -3 4 5 -6 7 8 -9 10 11 12 -13 -14 15 -16 17 18 -19 -20 21 22 23 -24 25 -26 -27 28 29 30 31 32 -33 -34 -35 -36 37 -38 -39 -40 41 42 43 44 45 46 47 -48 49 -50 0
uf50-0472 1234 1 -2 -3 -4 5 -6 7 8 -9 10 -11 12 -13 -14 15 -16 17 -18 -19 20 21 -22 23 -24 -25 -26 -27 28 29 30 31 32 -33 -34 -35 -36 37 38 39 -40 41 42 -43 44 -45 -46 -47 -48 -49 -50 0
uf50-0472 217 0
uf50-0472 2015 1 2 -3 -4 5 -6 7 8 -9 10 -11 12 -13 -14 15 -16 17 -18 -19 20 21 -22 23 -24 25 -26 -27 28 29 30 31 32 -33 -34 -35 -36 37 -38 39 -40 41 42 -43 44 45 46 47 -48 -49 -50 0
uf50-0472 2702 1 2 -3 -4 5 6 7 8 -9 10 -11 12 -13 -14 15 -16 17 18 -19 20 21 22 23 -24 25 -26 -27 28 29 -30 31 32 -33 -34 -35 -36 37 -38 39 -40 41 42 -43 44 -45 46 47 48 -49 -50 0
uf50-0472 4067 1 -2 3 -4 -5 6 7 8 -9 10 -11 12 13 -14 15 -16 17 18 19 -20 -21 -22 23 -24 25 -26 -27 28 -29 -30 31 -32 -33 -34 -35 -36 37 -38 39 -40 41 42 43 -44 -45 -46 -47 48 49 50 0
uf50-0472 1659 1 -2 -3 4 5 -6 7 8 -9 10 -11 12 -13 -14 15 -16 17 -18 -19 -20 21 -22 23 -24 -25 -26 -27 28 29 30 31 32 -33 -34 -35 -36 37 -38 39 -40 41 42 -43 44 -45 46 47 -48 -49 -50 0
uf50-0472 2821 1 2 -3 -4 5 6 7 8 -9 10 -11 12 -13 -14 15 -16 17 -18 19 20 21 -22 -23 -24 -25 -26 -27 28 29 -30 31 32 33 -34 -35 -36 37 38 -39 -40 41 42 43 44 45 -46 47 48 -49 -50 0
uf50-0472 217 0
uf50-0472 2285 1 -2 -3 -4 5 6 7 8 -9 10 -11 12 -13 -14 15 -16 17 18 19 -20 21 -22 23 -24 25 -26 -27 28 29 -30 31 32 -33 -34 -35 -36 37 -38 -39 -40 41 42 43 44 -45 -46 47 48 -49 -50 0
uf50-0472 217 0
uf50-0945 217 0
uf50-0945 1117 -1 2 -3 4 5 6 -7 8 -9 -10 11 12 13 -14 15 16 17 -18 -19 20 -21 22 -23 24 -25 -26 -27 -28 29 -30 -31 -32 33 34 35 -36 -37 38 39 40 41 42 -43 44 -45 -46 47 48 49 50 0
uf50-0945 217 0
uf50-0945 217 0
uf50-0945 217 0
uf50-0945 217 0
uf50-0945 217 0
uf50-0945 217 0
uf50-0945 389 -1 2 -3 4 5 6 -7 8 -9 -10 11 12 13 -14 15 -16 17 -18 -19 20 -21 22 -23 24 -25 -26 -27 -28 29 -30 -31 -32 33 34 35 -36 -37 38 39 40 41 42 -43 -44 -45 -46 47 48 49 50 0
uf50-0945 217 0
uf50-0945 25 -1 2 -3 -4 5 6 -7 8 -9 -10 11 12 13 -14 15 -16 17 -18 -19 20 -21 22 -23 24 -25 -26 -27 -28 29 -30 -31 -32 33 34 35 -36 -37 38 39 40 41 42 -43 -44 -45 -46 47 48 49 50 0
uf50-0945 217 0
uf50-0945 217 0
uf50-0945 217 0
uf50-0945 217 0
uf50-0945 217 0
uf50-0945 217 0
uf50-0945 217 0
uf50-0945 217 0
uf50-0945 217 0
uf50-0945 217 0
uf50-0945 217 0
uf50-0945 217 0
uf50-0945 217 0
uf50-0945 217 0
uf50-0945 217 0
uf50-0945 217 0
uf50-0945 217 0
uf50-0945 389 -1 2 -3 4 5 6 -7 8 -9 -10 11 12 13 -14 15 -16 17 -18 -19 20 -21 22 -23 24 -25 -26 -27 -28 29 -30 -31 -32 33 34 35 -36 -37 38 39 40 41 42 -43 -44 -45 -46 47 48 49 50 0
uf50-0945 389 -1 2 -3 4 5 6 -7 8 -9 -10 11 12 13 -14 15 -16 17 -18 -19 20 -21 22 -23 24 -25 -26 -27 -28 29 -30 -31 -32 33 34 35 -36 -37 38 39 40 41 42 -43 -44 -45 -46 47 48 49 50 0
uf50-0945 25 -1 2 -3 -4 5 6 -7 8 -9 -10 11 12 13 -14 15 -16 17 -18 -19 20 -21 22 -23 24 -25 -26 -27 -28 29 -30 -31 -32 33 34 35 -36 -37 38 39 40 41 42 -43 -44 -45 -46 47 48 49 50 0
uf50-0945 217 0
uf50-0945 389 -1 2 -3 4 5 6 -7 8 -9 -10 11 12 13 -14 15 -16 17 -18 -19 20 -21 22 -23 24 -25 -26 -27 -28 29 -30 -31 -32 33 34 35 -36 -37 38 39 40 41 42 -43 -44 -45 -46 47 48 49 50 0
uf50-0945 217 0
uf50-0945 217 0
uf50-0945 217 0
uf50-0945 217 0
uf50-0945 217 0
uf50-0945 217 0
uf50-0945 389 -1 2 -3 -4 5 6 -7 8 -9 -10 11 12 13 -14 15 16 17 -18 -19 20 -21 22 -23 24 -25 -26 -27 -28 29 -30 -31 -32 33 34 35 -36 -37 38 39 40 41 42 -43 -44 -45 -46 47 48 49 50 0
uf50-0945 25 -1 2 -3 -4 5 6 -7 8 -9 -10 11 12 13 -14 15 -16 17 -18 -19 20 -21 22 -23 24 -25 -26 -27 -28 29 -30 -31 -32 33 34 35 -36 -37 38 39 40 41 42 -43 -44 -45 -46 47 48 49 50 0
uf50-0945 217 0
uf50-0945 217 0
uf50-0945 217 0
uf50-0945 217 0
uf50-0945 217 0
uf50-0945 217 0
uf50-0945 217 0
uf50-0945 217 0
uf50-0945 753 -1 2 -3 4 5 6 -7 8 -9 -10 11 12 13 -14 15 -16 17 -18 -19 20 -21 22 -23 24 -25 -26 -27 -28 29 -30 -31 -32 33 34 35 -36 -37 38 39 40 41 42 -43 44 -45 -46 47 48 49 50 0
uf50-0822 4696 1 -2 -3 -4 5 -6 -7 -8 -9 10 -11 12 13 -14 15 16 17 18 -19 20 -21 22 23 24 -25 26 -27 28 -29 30 31 32 -33 34 -35 36 -37 38 39 -40 41 42 43 44 45 46 47 -48 49 50 0
uf50-0822 3104 1 -2 -3 -4 -5 6 -7 -8 9 10 -11 12 13 -14 15 16 17 18 -19 20 -21 22 23 24 -25 26 -27 -28 -29 30 31 -32 33 34 -35 36 -37 38 39 40 41 42 43 44 -45 46 -47 48 49 50 0
uf50-0822 1903 1 -2 -3 -4 -5 -6 -7 -8 9 10 -11 12 13 -14 15 16 -17 18 -19 20 -21 22 23 24 -25 26 27 -28 -29 30 -31 -32 33 34 -35 36 -37 -38 -39 40 41 42 43 44 -45 -46 -47 48 49 50 0
uf50-0822 4631 1 -2 -3 -4 5 -6 -7 -8 -9 10 -11 12 13 -14 15 16 17 -18 -19 20 -21 22 23 24 -25 26 -27 28 -29 30 31 32 -33 34 -35 36 -37 38 39 -40 41 42 43 44 45 46 47 -48 49 50 0
uf50-0822 4276 1 -2 -3 -4 5 -6 -7 -8 -9 10 -11 12 13 -14 15 16 17 18 -19 20 -21 22 23 24 -25 26 -27 28 -29 30 31 32 -33 34 -35 36 -37 38 39 -40 41 42 43 44 -45 46 47 -48 49 50 0
uf50-0822 5130 1 2 3 -4 -5 -6 -7 8 9 -10 11 -12 13 14 -15 16 17 -18 -19 -20 -21 22 23 24 25 26 -27 -28 -29 30 31 -32 33 34 -35 36 -37 38 39 40 -41 42 43 44 45 46 -47 -48 49 50 0
uf50-0822 3025 1 -2 -3 -4 -5 -6 -7 -8 9 10 -11 12 13 -14 15 16 17 18 -19 20 21 22 23 24 -25 26 -27 -28 -29 30 31 -32 33 34 -35 36 -37 38 39 40 41 42 43 44 -45 46 -47 -48 49 50 0
uf50-0822 3425 1 -2 -3 -4 -5 6 -7 -8 9 10 -11 12 13 -14 15 16 17 18 -19 20 -21 22 23 24 -25 26 27 -28 -29 30 31 -32 33 34 -35 36 -37 38 39 40 41 42 43 44 -45 46 -47 48 49 50 0
uf50-0822 217 0
uf50-0822 3425 1 -2 -3 -4 -5 6 -7 -8 9 10 -11 12 13 -14 15 16 17 18 -19 20 -21 22 23 24 -25 26 27 -28 -29 30 31 -32 33 34 -35 36 -37 38 39 40 41 42 43 44 -45 46 -47 48 49 50 0
uf50-0822 2827 1 -2 -3 -4 -5 -6 -7 -8 9 10 -11 12 13 -14 15 16 17 18 -19 20 21 22 23 24 -25 26 -27 -28 -29 30 31 -32 33 34 -35 36 -37 38 39 40 41 42 43 -44 -45 46 -47 -48 49 50 0
uf50-0822 3123 1 -2 -3 -4 -5 -6 -7 -8 9 10 -11 12 13 -14 15 16 17 18 -19 20 -21 22 23 24 -25 26 27 -28 -29 30 31 -32 33 34 -35 36 -37 38 39 40 41 42 43 44 -45 46 -47 48 49 50 0
uf50-0822 4992 1 -2 -3 -4 5 -6 -7 -8 -9 10 -11 12 13 -14 15 16 17 18 -19 20 -21 22 -23 24 -25 26 27 28 -29 30 31 32 -33 34 -35 36 -37 38 39 -40 41 42 43 44 45 46 47 -48 49 50 0
uf50-0822 4772 1 -2 -3 -4 5 -6 -7 -8 -9 10 -11 12 13 -14 15 16 17 -18 -19 20 -21 22 23 24 -25 26 27 28 -29 30 31 32 -33 34 -35 36 -37 38 39 -40 41 42 43 44 45 46 47 -48 49 -50 0
uf50-0822 5130 1 2 3 -4 -5 -6 -7 8 9 -10 11 -12 13 14 -15 16 17 -18 -19 -20 -21 22 23 24 25 26 -27 -28 -29 30 31 -32 33 34 -35 36 -37 38 39 40 -41 42 43 44 45 46 -47 -48 49 50 0
uf50-0822 4631 1 -2 -3 -4 5 -6 -7 -8 -9 10 -11 12 13 -14 15 16 17 -18 -19 20 -21 22 23 24 -25 26 -27 28 -29 30 31 32 -33 34 -35 36 -37 38 39 -40 41 42 43 44 45 46 47 -48 49 50 0
uf50-0822 3425 1 -2 -3 -4 -5 6 -7 -8 9 10 -11 12 13 -14 15 16 17 18 -19 20 -21 22 23 24 -25 26 27 -28 -29 30 31 -32 33 34 -35 36 -37 38 39 40 41 42 43 44 -45 46 -47 48 49 50 0
uf50-0822 4932 1 2 3 -4 -5 -6 -7 8 9 -10 11 -12 13 14 -15 16 17 -18 -19 -20 -21 22 23 24 25 26 -27 -28 -29 30 31 -32 33 34 -35 36 -37 38 39 40 -41 42 43 -44 45 46 -47 -48 49 50 0
uf50-0822 5017 1 -2 -3 -4 5 -6 -7 -8 -9 10 -11 12 13 -14 15 16 17 18 -19 20 -21 22 23 24 -25 26 27 28 -29 30 31 32 -33 34 -35 36 -37 38 39 -40 41 42 43 44 45 46 47 -48 49 50 0
uf50-0822 5017 1 -2 -3 -4 5 -6 -7 -8 -9 10 -11 12 13 -14 15 16 17 18 -19 20 -21 22 23 24 -25 26 27 28 -29 30 31 32 -33 34 -35 36 -37 38 39 -40 41 42 43 44 45 46 47 -48 49 50 0
uf50-0822 4992 1 -2 -3 -4 5 -6 -7 -8 -9 10 -11 12 13 -14 15 16 17 18 -19 20 -21 22 -23 24 -25 26 27 28 -29 30 31 32 -33 34 -35 36 -37 38 39 -40 41 42 43 44 45 46 47 -48 49 50 0
uf50-0822 5130 1 2 3 -4 -5 -6 -7 8 9 -10 11 -12 13 14 -15 16 17 -18 -19 -20 -21 22 23 24 25 26 -27 -28 -29 30 31 -32 33 34 -35 36 -37 38 39 40 -41 42 43 44 45 46 -47 -48 49 50 0
uf50-0822 4597 1 -2 -3 -4 5 -6 -7 -8 -9 10 -11 12 13 -14 15 16 17 18 -19 20 -21 22 23 24 -25 26 27 28 -29 30 31 32 -33 34 -35 36 -37 38 39 -40 41 42 43 44 -45 46 47 -48 49 50 0
uf50-0822 2919 1 -2 -3 -4 -5 -6 -7 -8 9 10 -11 12 13 -14 15 16 17 18 -19 20 -21 22 23 24 -25 26 27 -28 -29 30 31 -32 33 34 -35 36 -37 38 -39 40 41 42 43 44 -45 46 -47 -48 49 50 0
uf50-0822 2622 1 -2 -3 -4 -5 -6 -7 -8 9 10 -11 12 13 -14 15 16 17 18 -19 20 -21 -22 23 24 -25 26 -27 -28 -29 30 31 -32 33 34 -35 36 -37 38 39 40 41 42 43 44 -45 46 -47 48 49 50 0
uf50-0822 3425 1 -2 -3 -4 -5 6 -7 -8 9 10 -11 12 13 -14 15 16 17 18 -19 20 -21 22 23 24 -25 26 27 -28 -29 30 31 -32 33 34 -35 36 -37 38 39 40 41 42 43 44 -45 46 -47 48 49 50 0
uf50-0822 4992 1 -2 -3 -4 5 -6 -7 -8 -9 10 -11 12 13 -14 15 16 17 18 -19 20 -21 22 -23 24 -25 26 27 28 -29 30 31 32 -33 34 -35 36 -37 38 39 -40 41 42 43 44 45 46 47 -48 49 50 0
uf50-0822 5130 1 2 3 -4 -5 -6 -7 8 9 -10 11 -12 13 14 -15 16 17 -18 -19 -20 -21 22 23 24 25 26 -27 -28 -29 30 31 -32 33 34 -35 36 -37 38 39 40 -41 42 43 44 45 46 -47 -48 49 50 0
uf50-0822 2925 1 -2 -3 -4 -5 -6 -7 -8 9 10 -11 12 13 -14 15 16 17 18 -19 20 -21 22 23 24 -25 26 27 -28 -29 30 31 -32 33 34 -35 36 -37 38 39 40 41 42 43 -44 -45 46 -47 48 49 50 0
uf50-0822 217 0
uf50-0822 2723 1 -2 -3 -4 -5 -6 -7 -8 9 10 -11 12 13 -14 15 16 17 18 -19 20 -21 22 23 24 -25 26 -27 -28 -29 30 31 -32 33 34 -35 36 -37 38 39 40 41 42 43 44 -45 46 -47 -48 49 50 0
uf50-0822 3425 1 -2 -3 -4 -5 6 -7 -8 9 10 -11 12 13 -14 15 16 17 18 -19 20 -21 22 23 24 -25 26 27 -28 -29 30 31 -32 33 34 -35 36 -37 38 39 40 41 42 43 44 -45 46 -47 48 49 50 0
uf50-0822 4417 1 -2 -3 -4 5 -6 -7 -8 -9 10 -11 12 13 -14 15 16 17 18 -19 20 -21 22 23 24 -25 26 27 28 -29 30 31 32 -33 34 -35 36 -37 38 39 -40 41 42 43 44 -45 46 47 -48 49 -50 0
uf50-0822 2462 1 -2 -3 -4 -5 -6 -7 -8 9 10 -11 12 13 -14 15 16 17 18 -19 20 21 22 23 24 -25 26 27 -28 -29 30 -31 -32 33 34 -35 36 -37 38 -39 40 41 42 43 44 -45 -46 -47 -48 49 50 0
uf50-0822 3638 1 -2 -3 -4 5 -6 -7 -8 -9 10 -11 12 13 -14 15 16 17 -18 -19 20 -21 22 23 24 -25 26 27 -28 -29 30 31 -32 33 34 -35 36 -37 38 -39 -40 41 42 43 44 45 46 -47 -48 49 50 0
uf50-0822 4992 1 -2 -3 -4 5 -6 -7 -8 -9 10 -11 12 13 -14 15 16 17 18 -19 20 -21 22 -23 24 -25 26 27 28 -29 30 31 32 -33 34 -35 36 -37 38 39 -40 41 42 43 44 45 46 47 -48 49 50 0
uf50-0822 5017 1 -2 -3 -4 5 -6 -7 -8 -9 10 -11 12 13 -14 15 16 17 18 -19 20 -21 22 23 24 -25 26 27 28 -29 30 31 32 -33 34 -35 36 -37 38 39 -40 41 42 43 44 45 46 47 -48 49 50 0
uf50-0822 217 0
uf50-0822 5017 1 -2 -3 -4 5 -6 -7 -8 -9 10 -11 12 13 -14 15 16 17 18 -19 20 -21 22 23 24 -25 26 27 28 -29 30 31 32 -33 34 -35 36 -37 38 39 -40 41 42 43 44 45 46 47 -48 49 50 0
uf50-0822 216 0
uf50-0822 2345 1 -2 -3 -4 -5 6 -7 -8 9 10 -11 12 13 -14 15 16 17 18 -19 20 -21 22 23 24 -25 26 -27 -28 -29 30 -31 -32 33 34 -35 36 -37 38 39 40 41 42 43 44 -45 -46 -47 48 49 50 0
uf50-0822 3104 1 -2 -3 -4 -5 -6 -7 -8 9 10 -11 12 13 -14 15 16 17 18 -19 20 21 22 23 24 -25 26 -27 -28 -29 30 31 -32 33 34 -35 36 -37 38 39 40 41 42 43 44 -45 46 -47 48 49 50 0
uf50-0822 5130 1 2 3 -4 -5 -6 -7 8 9 -10 11 -12 13 14 -15 16 17 -18 -19 -20 -21 22 23 24 25 26 -27 -28 -29 30 31 -32 33 34 -35 36 -37 38 39 40 -41 42 43 44 45 46 -47 -48 49 50 0
uf50-0822 3425 1 -2 -3 -4 -5 6 -7 -8 9 10 -11 12 13 -14 15 16 17 18 -19 20 -21 22 23 24 -25 26 27 -28 -29 30 31 -32 33 34 -35 36 -37 38 39 40 41 42 43 44 -45 46 -47 48 49 50 0
uf50-0822 5017 1 -2 -3 -4 5 -6 -7 -8 -9 10 -11 12 13 -14 15 16 17 18 -19 20 -21 22 23 24 -25 26 27 28 -29 30 31 32 -33 34 -35 36 -37 38 39 -40 41 42 43 44 45 46 47 -48 49 50 0
uf50-0822 2906 1 -2 -3 -4 -5 6 -7 -8 9 10 -11 12 13 -14 15 16 17 18 -19 20 -21 22 23 24 -25 26 -27 -28 -29 30 31 -32 33 34 -35 36 -37 38 39 40 41 42 43 -44 -45 46 -47 48 49 50 0
uf50-0822 5130 1 2 3 -4 -5 -6 -7 8 9 -10 11 -12 13 14 -15 16 17 -18 -19 -20 -21 22 23 24 25 26 -27 -28 -29 30 31 -32 33 34 -35 36 -37 38 39 40 -41 42 43 44 45 46 -47 -48 49 50 0
uf50-0822 2723 1 -2 -3 -4 -5 -6 -7 -8 9 10 -11 12 13 -14 15 16 17 18 -19 20 -21 22 23 24 -25 26 -27 -28 -29 30 31 -32 33 34 -35 36 -37 38 39 40 41 42 43 44 -45 46 -47 -48 49 50 0
uf50-0822 4952 1 -2 -3 -4 5 -6 -7 -8 -9 10 -11 12 13 -14 15 16 17 -18 -19 20 -21 22 23 24 -25 26 27 28 -29 30 31 32 -33 34 -35 36 -37 38 39 -40 41 42 43 44 45 46 47 -48 49 50 0
uf50-0822 5130 1 2 3 -4 -5 -6 -7 8 9 -10 11 -12 13 14 -15 16 17 -18 -19 -20 -21 22 23 24 25 26 -27 -28 -29 30 31 -32 33 34 -35 36 -37 38 39 40 -41 42 43 44 45 46 -47 -48 49 50 0
uf50-0746 5144 1 -2 3 -4 -5 6 7 -8 9 10 11 -12 13 14 15 16 17 18 19 -20 -21 22 23 24 -25 26 27 28 29 -30 -31 32 -33 34 35 36 -37 -38 -39 40 -41 42 43 -44 45 -46 47 48 49 50 0
uf50-0746 5255 1 -2 3 -4 -5 6 7 8 9 10 11 -12 13 14 15 16 17 18 19 -20 21 22 23 24 25 -26 27 28 29 30 -31 32 -33 34 35 -36 -37 -38 -39 40 -41 42 -43 -44 45 -46 47 48 49 -50 0
uf50-0746 5529 1 -2 3 -4 -5 6 7 8 9 10 11 -12 13 14 15 16 17 18 19 -20 21 22 23 24 -25 -26 27 28 29 -30 -31 32 -33 34 35 36 -37 -38 -39 40 -41 42 -43 -44 45 46 47 48 49 50 0
uf50-0746 6070 1 -2 3 -4 -5 6 7 -8 9 10 11 -12 13 14 15 16 17 18 19 -20 21 22 23 24 25 -26 27 28 29 -30 -31 32 -33 34 35 36 -37 38 -39 40 -41 42 -43 -44 45 46 -47 48 49 50 0
uf50-0746 5574 1 -2 3 -4 -5 6 7 -8 9 10 11 -12 13 14 15 16 17 -18 19 -20 21 22 23 24 25 -26 27 28 29 -30 -31 32 -33 34 35 -36 -37 38 -39 40 -41 42 -43 -44 45 46 47 48 49 50 0
uf50-0746 5551 1 -2 3 -4 -5 6 7 -8 9 10 11 -12 13 14 -15 16 17 -18 19 -20 21 22 23 24 25 -26 27 28 29 -30 -31 32 -33 34 35 36 -37 38 -39 40 -41 42 -43 -44 45 -46 47 48 49 50 0
uf50-0746 5566 1 -2 3 -4 -5 6 7 -8 9 10 11 -12 13 14 15 16 17 -18 19 -20 21 22 23 24 25 -26 27 28 29 -30 -31 32 -33 34 35 36 -37 38 -39 40 -41 42 -43 -44 45 -46 47 48 49 50 0
uf50-0746 5910 1 -2 3 -4 -5 6 7 -8 9 10 11 -12 13 14 15 16 17 -18 19 -20 21 22 23 24 25 -26 27 28 29 -30 -31 32 -33 34 35 36 -37 38 -39 40 -41 42 -43 -44 45 46 47 48 49 50 0
uf50-0746 5950 1 -2 3 -4 -5 6 7 -8 9 10 11 -12 13 14 15 16 17 18 19 -20 21 22 23 24 25 -26 27 28 29 -30 -31 32 -33 34 35 -36 -37 38 -39 40 -41 42 -43 -44 45 46 47 48 49 50 0
uf50-0746 5942 1 -2 3 -4 -5 6 7 -8 9 10 11 -12 13 14 15 16 17 18 19 -20 21 22 23 24 25 -26 27 28 29 -30 -31 32 -33 34 35 36 -37 38 -39 40 -41 42 -43 -44 45 -46 47 48 49 50 0
uf50-0746 5488 1 -2 3 -4 -5 6 7 -8 9 10 11 -12 13 14 15 16 17 18 19 -20 -21 22 23 24 -25 26 27 28 29 -30 -31 32 -33 34 35 36 -37 -38 -39 40 -41 42 43 -44 45 46 47 48 49 50 0
uf50-0746 5587 1 -2 3 -4 -5 6 7 8 9 10 11 -12 13 14 15 16 17 18 19 -20 21 22 23 24 25 -26 27 28 29 -30 -31 32 -33 34 35 -36 -37 -38 -39 40 -41 42 -43 -44 45 46 47 48 49 50 0
uf50-0746 5942 1 -2 3 -4 -5 6 7 -8 9 10 11 -12 13 14 15 16 17 18 19 -20 21 22 23 24 25 -26 27 28 29 -30 -31 32 -33 34 35 36 -37 38 -39 40 -41 42 -43 -44 45 -46 47 48 49 50 0
uf50-0746 5567 1 -2 3 -4 -5 6 7 8 9 10 11 -12 13 14 15 16 17 18 19 -20 21 22 23 24 -25 -26 27 28 29 30 -31 32 -33 34 35 36 -37 -38 -39 40 -41 42 -43 -44 45 46 47 48 49 50 0
uf50-0746 5566 1 -2 3 -4 -5 6 7 -8 9 10 11 -12 13 14 15 16 17 -18 19 -20 21 22 23 24 25 -26 27 28 29 -30 -31 32 -33 34 35 36 -37 38 -39 40 -41 42 -43 -44 45 -46 47 48 49 50 0
uf50-0746 5935 1 -2 3 -4 -5 6 7 8 9 10 11 -12 13 14 15 16 17 18 19 -20 21 22 23 24 25 -26 27 28 29 30 -31 32 -33 34 35 36 -37 -38 -39 40 -41 42 -43 -44 45 46 47 48 49 -50 0
uf50-0746 5243 1 -2 3 -4 -5 6 7 8 9 10 11 -12 13 14 15 16 17 18 19 -20 21 22 23 24 25 -26 27 28 29 -30 -31 32 -33 34 35 -36 -37 -38 -39 40 -41 42 -43 -44 45 -46 47 48 49 50 0
uf50-0746 5450 1 -2 3 -4 -5 6 7 -8 9 10 11 -12 13 14 15 16 17 18 19 -20 -21 22 23 24 -25 26 27 28 29 -30 -31 32 -33 34 -35 36 -37 -38 -39 40 -41 42 43 -44 45 46 47 48 49 50 0
uf50-0746 5056 -1 2 3 4 5 6 7 8 9 10 -11 12 -13 14 15 -16 -17 -18 19 20 21 22 23 24 25 -26 27 28 -29 30 31 32 -33 -34 35 -36 -37 38 39 -40 -41 42 -43 44 -45 46 47 48 49 50 0
uf50-0746 5608 1 -2 3 -4 -5 6 7 -8 9 10 -11 -12 13 14 15 16 17 18 19 -20 -21 22 23 24 25 26 27 28 29 -30 -31 32 -33 34 35 36 -37 -38 -39 40 -41 42 43 -44 45 46 -47 48 49 50 0
uf50-0746 5317 1 -2 3 -4 -5 6 7 8 9 10 -11 -12 13 14 15 16 17 18 19 -20 21 -22 23 24 25 -26 27 28 29 30 -31 32 -33 34 35 36 -37 -38 -39 40 -41 42 43 -44 45 -46 -47 48 49 50 0
uf50-0746 4931 1 -2 3 -4 -5 6 7 8 9 10 -11 -12 13 14 15 16 17 18 19 -20 21 -22 23 24 -25 -26 27 28 29 30 -31 32 -33 34 35 -36 -37 -38 -39 40 -41 42 43 -44 45 46 -47 48 49 50 0
uf50-0746 5625 1 -2 3 -4 -5 6 7 8 9 10 11 -12 13 14 15 16 17 18 19 -20 21 22 23 24 25 -26 27 28 29 30 -31 32 -33 34 35 -36 -37 -38 -39 40 -41 42 -43 -44 45 46 47 48 49 50 0
uf50-0746 4830 1 -2 3 -4 -5 6 7 -8 9 10 11 -12 13 14 15 16 17 18 19 -20 -21 22 23 24 -25 -26 27 28 29 -30 -31 32 -33 34 35 36 -37 -38 -39 40 -41 42 43 -44 45 -46 -47 48 49 50 0
uf50-0746 5749 1 -2 3 -4 -5 6 7 8 9 10 11 -12 13 14 15 16 17 18 19 -20 21 -22 23 24 25 -26 27 28 29 30 -31 32 -33 34 35 36 -37 -38 -39 40 -41 42 -43 -44 45 46 47 48 49 50 0
uf50-0746 5551 1 -2 3 -4 -5 6 7 -8 9 10 11 -12 13 14 -15 16 17 -18 19 -20 21 22 23 24 25 -26 27 28 29 -30 -31 32 -33 34 35 36 -37 38 -39 40 -41 42 -43 -44 45 -46 47 48 49 50 0
uf50-0746 5405 1 -2 3 -4 -5 6 7 8 9 10 11 -12 13 14 15 16 17 18 19 -20 21 -22 23 24 25 -26 27 28 29 30 -31 32 -33 34 35 36 -37 -38 -39 40 -41 42 -43 -44 45 -46 47 48 49 50 0
uf50-0746 5617 1 -2 3 -4 -5 6 7 8 9 10 11 -12 13 14 15 16 17 18 19 -20 21 22 23 24 25 -26 27 28 29 30 -31 32 -33 34 35 36 -37 -38 -39 40 -41 42 -43 -44 45 -46 47 48 49 50 0
uf50-0746 5617 1 -2 3 -4 -5 6 7 8 9 10 11 -12 13 14 15 16 17 18 19 -20 21 22 23 24 25 -26 27 28 29 30 -31 32 -33 34 35 36 -37 -38 -39 40 -41 42 -43 -44 45 -46 47 48 49 50 0
uf50-0746 5910 1 -2 3 -4 -5 6 7 -8 9 10 11 -12 13 14 15 16 17 -18 19 -20 21 22 23 24 25 -26 27 28 29 -30 -31 32 -33 34 35 36 -37 38 -39 40 -41 42 -43 -44 45 46 47 48 49 50 0
uf50-0746 5635 1 -2 3 -4 -5 6 7 8 9 10 -11 -12 13 14 15 16 17 18 19 -20 21 -22 23 24 25 -26 27 28 29 30 -31 32 -33 34 35 36 -37 -38 -39 40 -41 42 43 -44 45 46 -47 48 49 -50 0
uf50-0746 5536 1 -2 3 -4 -5 6 7 8 9 10 -11 -12 13 14 15 16 17 18 19 -20 -21 22 23 24 25 -26 27 28 29 -30 -31 32 -33 34 35 36 -37 -38 -39 40 -41 42 43 -44 45 46 -47 48 49 50 0
uf50-0746 5416 1 -2 3 -4 -5 6 7 8 9 10 11 -12 13 14 15 16 17 18 19 -20 -21 22 23 24 -25 -26 27 28 29 -30 -31 32 -33 34 35 36 -37 -38 -39 40 -41 42 43 -44 45 46 47 48 49 50 0
uf50-0746 5230 1 -2 3 -4 -5 6 7 8 9 10 -11 -12 13 14 15 16 17 18 19 -20 -21 22 23 24 25 -26 27 28 29 30 -31 32 -33 34 35 36 -37 -38 -39 40 -41 42 43 -44 45 -46 -47 48 49 50 0
uf50-0746 5556 1 -2 3 -4 -5 6 7 -8 9 10 11 -12 13 14 15 16 17 18 19 -20 21 22 23 24 -25 -26 27 28 29 -30 -31 32 -33 34 35 -36 -37 38 -39 40 -41 42 -43 -44 45 46 47 48 49 50 0
uf50-0746 5553 1 -2 3 -4 -5 6 7 8 9 10 11 -12 13 14 15 16 17 18 19 -20 21 22 23 24 25 -26 27 28 29 -30 -31 32 -33 34 35 36 -37 -38 -39 40 -41 42 -43 -44 45 -46 47 48 49 -50 0
uf50-0746 5281 1 -2 3 -4 -5 6 7 8 9 10 11 -12 13 14 15 16 17 18 19 -20 21 22 23 24 25 -26 27 28 29 30 -31 32 -33 34 35 -36 -37 -38 -39 40 -41 42 -43 -44 45 -46 47 48 49 50 0
uf50-0746 5587 1 -2 3 -4 -5 6 7 8 9 10 11 -12 13 14 15 16 17 18 19 -20 21 22 23 24 25 -26 27 28 29 -30 -31 32 -33 34 35 -36 -37 -38 -39 40 -41 42 -43 -44 45 46 47 48 49 50 0
uf50-0746 4678 1 2 3 -4 -5 6 7 8 9 10 11 -12 -13 14 15 -16 -17 -18 19 -20 21 22 23 24 -25 -26 27 -28 29 -30 31 32 -33 34 35 36 -37 38 39 40 -41 42 -43 -44 45 -46 47 48 49 50 0
uf50-0746 5541 1 -2 3 -4 -5 6 7 8 9 10 11 -12 13 14 15 16 17 18 19 -20 21 -22 23 24 -25 -26 27 28 29 30 -31 32 -33 34 35 36 -37 -38 -39 40 -41 42 43 -44 45 46 47 48 49 50 0
uf50-0746 5238 1 -2 3 -4 -5 6 7 8 9 10 -11 -12 13 14 15 16 17 18 19 -20 -21 22 23 24 25 -26 27 28 29 30 -31 32 -33 34 35 -36 -37 -38 -39 40 -41 42 43 -44 45 46 -47 48 49 50 0
uf50-0746 5749 1 -2 3 -4 -5 6 7 8 9 10 11 -12 13 14 15 16 17 18 19 -20 21 -22 23 24 25 -26 27 28 29 30 -31 32 -33 34 35 36 -37 -38 -39 40 -41 42 -43 -44 45 46 47 48 49 50 0
uf50-0746 5317 1 -2 3 -4 -5 6 7 8 9 10 -11 -12 13 14 15 16 17 18 19 -20 21 -22 23 24 25 -26 27 28 29 30 -31 32 -33 34 35 36 -37 -38 -39 40 -41 42 43 -44 45 -46 -47 48 49 50 0
uf50-0746 4760 -1 2 3 4 5 6 7 8 9 10 -11 12 -13 14 15 -16 -17 -18 19 20 21 22 23 24 -25 26 27 28 -29 30 31 32 -33 -34 35 -36 -37 38 39 -40 -41 42 -43 44 -45 46 47 48 49 50 0
uf50-0746 5579 1 -2 3 -4 -5 6 7 8 9 10 11 -12 13 14 15 16 17 18 19 -20 21 22 23 24 25 -26 27 28 29 -30 -31 32 -33 34 35 36 -37 -38 -39 40 -41 42 -43 -44 45 -46 47 48 49 50 0
uf50-0746 5961 1 -2 3 -4 -5 6 7 8 9 10 11 -12 13 14 15 16 17 18 19 -20 21 22 23 24 25 -26 27 28 29 30 -31 32 -33 34 35 36 -37 -38 -39 40 -41 42 -43 -44 45 46 47 48 49 50 0
uf50-0746 5566 1 -2 3 -4 -5 6 7 -8 9 10 11 -12 13 14 15 16 17 -18 19 -20 21 22 23 24 25 -26 27 28 29 -30 -31 32 -33 34 35 36 -37 38 -39 40 -41 42 -43 -44 45 -46 47 48 49 50 0
uf50-0746 5272 1 -2 3 -4 -5 6 7 -8 9 10 11 -12 13 14 15 16 17 18 19 -20 -21 22 23 24 -25 26 27 28 29 -30 -31 32 -33 34 35 36 -37 -38 -39 40 -41 42 43 -44 45 46 -47 48 49 50 0
uf50-0746 5580 1 -2 3 -4 -5 6 7 -8 9 10 11 -12 13 14 15 16 17 18 19 -20 21 22 23 24 25 -26 27 28 29 -30 -31 32 -33 34 35 -36 -37 38 -39 40 -41 42 -43 -44 45 -46 47 48 49 -50 0
uf50-0746 5617 1 -2 3 -4 -5 6 7 8 9 10 11 -12 13 14 15 16 17 18 19 -20 21 22 23 24 25 -26 27 28 29 30 -31 32 -33 34 35 36 -37 -38 -39 40 -41 42 -43 -44 45 -46 47 48 49 50 0
uf50-0237 217 0
uf50-0237 217 0
uf50-0237 216 0
uf50-0237 216 0
uf50-0237 217 0
uf50-0237 217 0
uf50-0237 4435 1 -2 -3 -4 5 -6 7 8 9 -10 -11 -12 -13 14 15 -16 17 18 19 -20 21 -22 -23 24 -25 -26 27 28 29 30 -31 32 -33 -34 -35 36 -37 38 -39 40 41 -42 -43 44 45 46 -47 -48 49 50 0
uf50-0237 217 0
uf50-0237 216 0
uf50-0237 216 0
uf50-0237 217 0
uf50-0237 217 0
uf50-0237 217 0
uf50-0237 217 0
uf50-0237 216 0
uf50-0237 217 0
uf50-0237 217 0
uf50-0237 217 0
uf50-0237 216 0
uf50-0237 217 0
uf50-0237 216 0
uf50-0237 1941 1 -2 -3 -4 5 -6 -7 8 9 10 -11 -12 -13 -14 15 -16 17 18 19 -20 21 -22 -23 24 -25 26 -27 28 29 30 -31 -32 -33 -34 -35 36 -37 38 -39 40 41 -42 -43 -44 45 -46 -47 -48 49 -50 0
uf50-0237 217 0
uf50-0237 217 0
uf50-0237 217 0
uf50-0237 217 0
uf50-0237 216 0
uf50-0237 217 0
uf50-0237 217 0
uf50-0237 217 0
uf50-0237 215 0
uf50-0237 216 0
uf50-0237 217 0
uf50-0237 216 0
uf50-0237 217 0
uf50-0237 216 0
uf50-0237 216 0
uf50-0237 217 0
uf50-0237 217 0
uf50-0237 217 0
uf50-0237 2331 1 -2 -3 -4 5 -6 -7 8 9 10 -11 -12 -13 -14 15 -16 17 18 19 -20 21 -22 23 24 -25 26 -27 28 29 30 31 -32 -33 -34 -35 36 -37 38 39 40 41 -42 -43 -44 -45 -46 -47 -48 49 -50 0
uf50-0237 217 0
uf50-0237 216 0
uf50-0237 217 0
uf50-0237 217 0
uf50-0237 217 0
uf50-0237 216 0
uf50-0237 216 0
uf50-0237 217 0
uf50-0237 217 0
uf50-0323 217 0
uf50-0323 217 0
uf50-0323 217 0
uf50-0323 1510 -1 -2 3 -4 5 6 7 -8 -9 10 11 12 -13 -14 15 -16 -17 18 19 20 21 -22 23 24 -25 -26 27 -28 29 30 -31 32 -33 34 -35 36 -37 38 -39 -40 41 -42 -43 -44 45 -46 -47 48 49 50 0
uf50-0323 217 0
uf50-0323 217 0
uf50-0323 216 0
uf50-0323 217 0
uf50-0323 216 0
uf50-0323 216 0
uf50-0323 217 0
uf50-0323 216 0
uf50-0323 1306 -1 -2 3 -4 5 6 -7 -8 -9 10 11 12 -13 -14 15 16 17 18 19 20 21 -22 23 24 -25 -26 -27 -28 29 30 -31 32 -33 34 -35 -36 -37 38 -39 -40 41 -42 -43 -44 45 -46 -47 48 49 50 0
uf50-0323 217 0
uf50-0323 1734 -1 -2 -3 -4 5 6 7 -8 -9 10 11 12 -13 -14 15 16 17 18 19 20 21 -22 -23 24 -25 -26 27 -28 29 30 -31 32 33 34 -35 -36 -37 38 -39 -40 41 -42 -43 -44 45 -46 -47 48 49 50 0
uf50-0323 217 0
uf50-0323 215 0
uf50-0323 1240 -1 -2 -3 -4 5 6 7 -8 -9 10 11 12 -13 -14 15 -16 17 18 19 20 21 -22 23 24 -25 -26 27 -28 29 30 -31 32 -33 34 -35 -36 -37 38 -39 -40 41 -42 -43 -44 45 -46 -47 48 49 50 0
uf50-0323 216 0
uf50-0323 216 0
uf50-0323 1483 -1 -2 3 -4 5 6 7 -8 -9 10 11 -12 -13 -14 15 16 -17 18 19 20 21 -22 23 24 -25 -26 27 -28 29 30 -31 32 -33 34 -35 36 -37 38 -39 -40 41 -42 -43 -44 45 -46 -47 48 49 50 0
uf50-0323 216 0
uf50-0323 217 0
uf50-0323 215 0
uf50-0323 216 0
uf50-0323 215 0
uf50-0323 217 0
uf50-0323 217 0
uf50-0323 216 0
uf50-0323 216 0
uf50-0323 215 0
uf50-0323 216 0
uf50-0323 216 0
uf50-0323 217 0
uf50-0323 217 0
uf50-0323 216 0
uf50-0323 216 0
uf50-0323 217 0
uf50-0323 216 0
uf50-0323 886 -1 -2 -3 -4 5 6 7 -8 -9 10 11 -12 -13 -14 15 -16 17 18 19 20 21 -22 23 24 -25 -26 27 -28 29 30 -31 -32 -33 34 -35 -36 -37 38 -39 -40 41 -42 -43 -44 45 -46 -47 48 49 50 0
uf50-0323 1613 -1 -2 3 -4 5 6 7 -8 -9 10 11 12 -13 -14 15 16 -17 18 19 20 21 -22 23 24 -25 -26 27 -28 29 30 -31 32 -33 34 -35 36 -37 38 -39 -40 -41 -42 -43 -44 45 -46 -47 48 49 50 0
uf50-0323 216 0
uf50-0323 216 0
uf50-0323 215 0
uf50-0323 216 0
uf50-0323 216 0
uf50-0323 217 0
uf50-0323 216 0
uf50-0323 217 0
uf50-0323 216 0
uf50-0652 807 -1 -2 -3 -4 -5 -6 7 -8 9 10 11 -12 13 14 15 16 -17 18 19 -20 21 22 23 24 -25 26 27 -28 29 -30 31 32 -33 34 -35 36 -37 38 -39 40 41 42 43 -44 45 -46 -47 48 -49 -50 0
uf50-0652 217 0
uf50-0652 217 0
uf50-0652 217 0
uf50-0652 217 0
uf50-0652 681 1 -2 -3 -4 -5 -6 7 -8 9 10 11 -12 13 14 15 16 -17 18 19 -20 21 22 23 24 -25 26 27 -28 29 -30 31 32 -33 34 -35 36 -37 38 -39 40 -41 42 43 -44 45 -46 -47 48 -49 -50 0
uf50-0652 217 0
uf50-0652 807 -1 -2 -3 -4 -5 -6 7 -8 9 10 11 -12 13 14 15 16 -17 18 19 -20 21 22 23 24 -25 26 27 -28 29 -30 31 32 -33 34 -35 36 -37 38 -39 40 41 42 43 -44 45 -46 -47 48 -49 -50 0
uf50-0652 217 0
uf50-0652 217 0
uf50-0652 217 0
uf50-0652 217 0
uf50-0652 217 0
uf50-0652 217 0
uf50-0652 217 0
uf50-0652 217 0
uf50-0652 504 1 -2 -3 -4 -5 -6 7 -8 9 10 11 -12 13 14 15 16 -17 18 19 -20 21 22 23 24 -25 26 27 -28 29 -30 31 32 -33 34 -35 36 -37 38 -39 40 -41 42 -43 -44 45 -46 -47 48 -49 -50 0
uf50-0652 217 0
uf50-0652 933 1 -2 -3 -4 -5 -6 7 -8 9 10 11 12 13 14 15 16 -17 18 19 -20 21 22 23 24 -25 26 27 -28 29 -30 31 32 -33 34 -35 36 -37 38 -39 40 -41 42 43 -44 45 -46 -47 48 -49 -50 0
uf50-0652 217 0
uf50-0652 217 0
uf50-0652 217 0
uf50-0652 217 0
uf50-0652 217 0
uf50-0652 217 0
uf50-0652 217 0
uf50-0652 217 0
uf50-0652 217 0
uf50-0652 217 0
uf50-0652 277 -1 -2 -3 -4 -5 -6 7 -8 9 10 -11 12 13 14 15 16 -17 18 19 -20 21 22 23 24 -25 26 27 -28 29 -30 31 32 -33 34 -35 36 -37 38 -39 40 -41 42 -43 -44 45 -46 -47 48 -49 -50 0
uf50-0652 217 0
uf50-0652 933 1 -2 -3 -4 -5 -6 7 -8 9 10 11 12 13 14 15 16 -17 18 19 -20 21 22 23 24 -25 26 27 -28 29 -30 31 32 -33 34 -35 36 -37 38 -39 40 -41 42 43 -44 45 -46 -47 48 -49 -50 0
uf50-0652 217 0
uf50-0652 217 0
uf50-0652 217 0
uf50-0652 681 1 -2 -3 -4 -5 -6 7 -8 9 10 -11 12 13 14 15 16 -17 18 19 -20 21 22 23 24 -25 26 27 -28 29 -30 31 32 -33 34 -35 36 -37 38 -39 40 -41 42 43 -44 45 -46 -47 48 -49 -50 0
uf50-0652 217 0
uf50-0652 217 0
uf50-0652 217 0
uf50-0652 217 0
uf50-0652 217 0
uf50-0652 217 0
uf50-0652 217 0
uf50-0652 217 0
uf50-0652 807 -1 -2 -3 -4 -5 -6 7 -8 9 10 11 -12 13 14 15 16 -17 18 19 -20 21 22 23 24 -25 26 27 -28 29 -30 31 32 -33 34 -35 36 -37 38 -39 40 41 42 43 -44 45 -46 -47 48 -49 -50 0
uf50-0652 504 1 -2 -3 -4 -5 -6 7 -8 9 10 11 -12 13 14 15 16 -17 18 19 -20 21 22 23 24 -25 26 27 -28 29 -30 31 32 -33 34 -35 36 -37 38 -39 40 -41 42 -43 -44 45 -46 -47 48 -49 -50 0
uf50-0652 217 0
uf50-0652 933 1 -2 -3 -4 -5 -6 7 -8 9 10 11 12 13 14 15 16 -17 18 19 -20 21 22 23 24 -25 26 27 -28 29 -30 31 32 -33 34 -35 36 -37 38 -39 40 -41 42 43 -44 45 -46 -47 48 -49 -50 0
uf50-0652 217 0
uf50-0652 217 0
uf50-0151 217 0
uf50-0151 216 0
uf50-0151 216 0
uf50-0151 217 0
uf50-0151 217 0
uf50-0151 216 0
uf50-0151 217 0
uf50-0151 217 0
uf50-0151 216 0
uf50-0151 347 -1 2 -3 4 -5 -6 -7 -8 -9 -10 -11 -12 13 -14 15 16 17 18 19 20 -21 22 -23 -24 25 26 -27 28 29 30 31 32 -33 34 -35 -36 37 -38 39 -40 41 -42 -43 -44 45 46 47 -48 49 50 0
uf50-0151 216 0
uf50-0151 216 0
uf50-0151 216 0
uf50-0151 669 -1 2 -3 4 -5 -6 -7 -8 -9 -10 -11 -12 13 -14 15 16 17 18 19 20 -21 22 -23 -24 25 26 -27 28 29 30 31 32 -33 34 -35 36 37 -38 39 -40 41 -42 -43 -44 45 46 47 -48 49 50 0
uf50-0151 216 0
uf50-0151 216 0
uf50-0151 217 0
uf50-0151 216 0
uf50-0151 216 0
uf50-0151 217 0
uf50-0151 216 0
uf50-0151 216 0
uf50-0151 217 0
uf50-0151 216 0
uf50-0151 216 0
uf50-0151 217 0
uf50-0151 217 0
uf50-0151 216 0
uf50-0151 216 0
uf50-0151 217 0
uf50-0151 216 0
uf50-0151 217 0
uf50-0151 217 0
uf50-0151 216 0
uf50-0151 216 0
uf50-0151 216 0
uf50-0151 216 0
uf50-0151 216 0
uf50-0151 216 0
uf50-0151 216 0
uf50-0151 216 0
uf50-0151 216 0
uf50-0151 216 0
uf50-0151 216 0
uf50-0151 216 0
uf50-0151 216 0
uf50-0151 217 0
uf50-0151 216 0
uf50-0151 216 0
uf50-0151 217 0
