uf50-0822 92893 1 2 3 -4 -5 -6 -7 8 9 -10 11 -12 13 14 -15 16 17 -18 -19 -20 -21 22 23 24 25 26 -27 -28 -29 30 31 -32 33 34 -35 36 -37 38 39 40 -41 42 43 44 45 46 -47 -48 49 50 0
uf50-0822 92893 1 2 3 -4 -5 -6 -7 8 9 -10 11 -12 13 14 -15 16 17 -18 -19 -20 -21 22 23 24 25 26 -27 -28 -29 30 31 -32 33 34 -35 36 -37 38 39 40 -41 42 43 44 45 46 -47 -48 49 50 0
uf50-0822 92893 1 2 3 -4 -5 -6 -7 8 9 -10 11 -12 13 14 -15 16 17 -18 -19 -20 -21 22 23 24 25 26 -27 -28 -29 30 31 -32 33 34 -35 36 -37 38 39 40 -41 42 43 44 45 46 -47 -48 49 50 0
uf50-0822 92893 1 2 3 -4 -5 -6 -7 8 9 -10 11 -12 13 14 -15 16 17 -18 -19 -20 -21 22 23 24 25 26 -27 -28 -29 30 31 -32 33 34 -35 36 -37 38 39 40 -41 42 43 44 45 46 -47 -48 49 50 0
uf50-0822 66973 1 -2 -3 -4 5 -6 -7 -8 -9 10 -11 12 13 -14 15 16 17 18 -19 20 -21 22 23 24 -25 26 27 -28 -29 30 31 -32 33 34 -35 36 -37 38 -39 -40 41 42 43 44 45 46 -47 -48 49 50 0
uf50-0822 90813 1 -2 -3 -4 5 -6 -7 -8 -9 10 -11 12 13 -14 15 16 17 18 -19 20 -21 22 23 24 -25 26 27 28 -29 30 31 32 -33 34 -35 36 -37 38 39 -40 41 42 43 44 45 46 47 -48 49 50 0
uf50-0822 92893 1 2 3 -4 -5 -6 -7 8 9 -10 11 -12 13 14 -15 16 17 -18 -19 -20 -21 22 23 24 25 26 -27 -28 -29 30 31 -32 33 34 -35 36 -37 38 39 40 -41 42 43 44 45 46 -47 -48 49 50 0
uf50-0822 92893 1 2 3 -4 -5 -6 -7 8 9 -10 11 -12 13 14 -15 16 17 -18 -19 -20 -21 22 23 24 25 26 -27 -28 -29 30 31 -32 33 34 -35 36 -37 38 39 40 -41 42 43 44 45 46 -47 -48 49 50 0
uf50-0822 89645 1 -2 -3 -4 5 -6 -7 -8 -9 10 -11 12 13 -14 15 16 17 -18 -19 20 -21 22 23 24 -25 26 27 28 -29 30 31 32 -33 34 -35 36 -37 38 39 -40 41 42 43 44 45 46 47 -48 49 50 0
uf50-0822 92893 1 2 3 -4 -5 -6 -7 8 9 -10 11 -12 13 14 -15 16 17 -18 -19 -20 -21 22 23 24 25 26 -27 -28 -29 30 31 -32 33 34 -35 36 -37 38 39 40 -41 42 43 44 45 46 -47 -48 49 50 0
uf50-0822 92893 1 2 3 -4 -5 -6 -7 8 9 -10 11 -12 13 14 -15 16 17 -18 -19 -20 -21 22 23 24 25 26 -27 -28 -29 30 31 -32 33 34 -35 36 -37 38 39 40 -41 42 43 44 45 46 -47 -48 49 50 0
uf50-0822 92893 1 2 3 -4 -5 -6 -7 8 9 -10 11 -12 13 14 -15 16 17 -18 -19 -20 -21 22 23 24 25 26 -27 -28 -29 30 31 -32 33 34 -35 36 -37 38 39 40 -41 42 43 44 45 46 -47 -48 49 50 0
uf50-0822 90813 1 -2 -3 -4 5 -6 -7 -8 -9 10 -11 12 13 -14 15 16 17 18 -19 20 -21 22 23 24 -25 26 27 28 -29 30 31 32 -33 34 -35 36 -37 38 39 -40 41 42 43 44 45 46 47 -48 49 50 0
uf50-0822 92893 1 2 3 -4 -5 -6 -7 8 9 -10 11 -12 13 14 -15 16 17 -18 -19 -20 -21 22 23 24 25 26 -27 -28 -29 30 31 -32 33 34 -35 36 -37 38 39 40 -41 42 43 44 45 46 -47 -48 49 50 0
uf50-0822 86001 1 2 3 -4 -5 -6 -7 8 9 -10 11 -12 13 14 -15 16 17 -18 -19 -20 -21 22 23 24 25 26 -27 -28 -29 30 31 -32 33 34 -35 36 -37 38 39 40 -41 42 43 44 45 -46 -47 -48 49 50 0
uf50-0822 89645 1 -2 -3 -4 5 -6 -7 -8 -9 10 -11 12 13 -14 15 16 17 -18 -19 20 -21 22 23 24 -25 26 27 28 -29 30 31 32 -33 34 -35 36 -37 38 39 -40 41 42 43 44 45 46 47 -48 49 50 0
uf50-0822 90813 1 -2 -3 -4 5 -6 -7 -8 -9 10 -11 12 13 -14 15 16 17 18 -19 20 -21 22 23 24 -25 26 27 28 -29 30 31 32 -33 34 -35 36 -37 38 39 -40 41 42 43 44 45 46 47 -48 49 50 0
uf50-0822 92893 1 2 3 -4 -5 -6 -7 8 9 -10 11 -12 13 14 -15 16 17 -18 -19 -20 -21 22 23 24 25 26 -27 -28 -29 30 31 -32 33 34 -35 36 -37 38 39 40 -41 42 43 44 45 46 -47 -48 49 50 0
uf50-0822 83188 1 -2 -3 -4 5 -6 -7 -8 -9 10 -11 12 13 -14 15 16 17 18 -19 20 -21 22 23 24 -25 26 27 28 -29 30 31 32 -33 34 -35 36 -37 38 39 -40 41 42 43 44 -45 46 47 -48 49 50 0
uf50-0822 89645 1 -2 -3 -4 5 -6 -7 -8 -9 10 -11 12 13 -14 15 16 17 -18 -19 20 -21 22 23 24 -25 26 27 28 -29 30 31 32 -33 34 -35 36 -37 38 39 -40 41 42 43 44 45 46 47 -48 49 50 0
uf50-0822 90813 1 -2 -3 -4 5 -6 -7 -8 -9 10 -11 12 13 -14 15 16 17 18 -19 20 -21 22 23 24 -25 26 27 28 -29 30 31 32 -33 34 -35 36 -37 38 39 -40 41 42 43 44 45 46 47 -48 49 50 0
uf50-0822 92893 1 2 3 -4 -5 -6 -7 8 9 -10 11 -12 13 14 -15 16 17 -18 -19 -20 -21 22 23 24 25 26 -27 -28 -29 30 31 -32 33 34 -35 36 -37 38 39 40 -41 42 43 44 45 46 -47 -48 49 50 0
uf50-0822 90813 1 -2 -3 -4 5 -6 -7 -8 -9 10 -11 12 13 -14 15 16 17 18 -19 20 -21 22 23 24 -25 26 27 28 -29 30 31 32 -33 34 -35 36 -37 38 39 -40 41 42 43 44 45 46 47 -48 49 50 0
uf50-0822 90813 1 -2 -3 -4 5 -6 -7 -8 -9 10 -11 12 13 -14 15 16 17 18 -19 20 -21 22 23 24 -25 26 27 28 -29 30 31 32 -33 34 -35 36 -37 38 39 -40 41 42 43 44 45 46 47 -48 49 50 0
uf50-0822 89645 1 -2 -3 -4 5 -6 -7 -8 -9 10 -11 12 13 -14 15 16 17 -18 -19 20 -21 22 23 24 -25 26 27 28 -29 30 31 32 -33 34 -35 36 -37 38 39 -40 41 42 43 44 45 46 47 -48 49 50 0
uf50-0822 92893 1 2 3 -4 -5 -6 -7 8 9 -10 11 -12 13 14 -15 16 17 -18 -19 -20 -21 22 23 24 25 26 -27 -28 -29 30 31 -32 33 34 -35 36 -37 38 39 40 -41 42 43 44 45 46 -47 -48 49 50 0
uf50-0822 92893 1 2 3 -4 -5 -6 -7 8 9 -10 11 -12 13 14 -15 16 17 -18 -19 -20 -21 22 23 24 25 26 -27 -28 -29 30 31 -32 33 34 -35 36 -37 38 39 40 -41 42 43 44 45 46 -47 -48 49 50 0
uf50-0822 89645 1 -2 -3 -4 5 -6 -7 -8 -9 10 -11 12 13 -14 15 16 17 -18 -19 20 -21 22 23 24 -25 26 27 28 -29 30 31 32 -33 34 -35 36 -37 38 39 -40 41 42 43 44 45 46 47 -48 49 50 0
uf50-0822 89309 1 2 3 -4 -5 -6 -7 8 9 -10 11 -12 13 14 -15 16 17 -18 -19 -20 -21 22 23 24 25 26 -27 -28 -29 30 31 -32 33 34 -35 36 -37 38 39 40 -41 42 43 -44 45 46 -47 -48 49 50 0
uf50-0822 87116 1 -2 -3 -4 5 -6 -7 -8 -9 10 -11 12 13 -14 15 16 17 18 -19 20 -21 22 -23 24 -25 26 27 28 -29 30 31 32 -33 34 -35 36 -37 38 39 -40 41 42 43 44 45 46 47 -48 49 -50 0
uf50-0822 92893 1 2 3 -4 -5 -6 -7 8 9 -10 11 -12 13 14 -15 16 17 -18 -19 -20 -21 22 23 24 25 26 -27 -28 -29 30 31 -32 33 34 -35 36 -37 38 39 40 -41 42 43 44 45 46 -47 -48 49 50 0
uf50-0822 92893 1 2 3 -4 -5 -6 -7 8 9 -10 11 -12 13 14 -15 16 17 -18 -19 -20 -21 22 23 24 25 26 -27 -28 -29 30 31 -32 33 34 -35 36 -37 38 39 40 -41 42 43 44 45 46 -47 -48 49 50 0
uf50-0822 90813 1 -2 -3 -4 5 -6 -7 -8 -9 10 -11 12 13 -14 15 16 17 18 -19 20 -21 22 23 24 -25 26 27 28 -29 30 31 32 -33 34 -35 36 -37 38 39 -40 41 42 43 44 45 46 47 -48 49 50 0
uf50-0822 92893 1 2 3 -4 -5 -6 -7 8 9 -10 11 -12 13 14 -15 16 17 -18 -19 -20 -21 22 23 24 25 26 -27 -28 -29 30 31 -32 33 34 -35 36 -37 38 39 40 -41 42 43 44 45 46 -47 -48 49 50 0
uf50-0822 86001 1 2 3 -4 -5 -6 -7 8 9 -10 11 -12 13 14 -15 16 17 -18 -19 -20 -21 22 23 24 25 26 -27 -28 -29 30 31 -32 33 34 -35 36 -37 38 39 40 -41 42 43 44 45 -46 -47 -48 49 50 0
uf50-0822 84999 1 -2 -3 -4 5 -6 -7 -8 -9 10 -11 12 13 -14 15 16 17 18 -19 20 -21 22 23 24 -25 26 -27 28 -29 30 31 32 -33 34 -35 36 -37 38 39 -40 41 42 43 44 45 46 47 -48 49 50 0
uf50-0822 92893 1 2 3 -4 -5 -6 -7 8 9 -10 11 -12 13 14 -15 16 17 -18 -19 -20 -21 22 23 24 25 26 -27 -28 -29 30 31 -32 33 34 -35 36 -37 38 39 40 -41 42 43 44 45 46 -47 -48 49 50 0
uf50-0822 90885 1 -2 3 -4 -5 -6 -7 -8 9 10 -11 -12 -13 -14 15 16 17 -18 -19 -20 -21 22 23 24 25 26 -27 -28 29 30 31 -32 33 -34 35 -36 37 38 39 40 -41 42 43 44 45 46 -47 -48 -49 50 0
uf50-0822 92893 1 2 3 -4 -5 -6 -7 8 9 -10 11 -12 13 14 -15 16 17 -18 -19 -20 -21 22 23 24 25 26 -27 -28 -29 30 31 -32 33 34 -35 36 -37 38 39 40 -41 42 43 44 45 46 -47 -48 49 50 0
uf50-0822 92893 1 2 3 -4 -5 -6 -7 8 9 -10 11 -12 13 14 -15 16 17 -18 -19 -20 -21 22 23 24 25 26 -27 -28 -29 30 31 -32 33 34 -35 36 -37 38 39 40 -41 42 43 44 45 46 -47 -48 49 50 0
uf50-0822 90813 1 -2 -3 -4 5 -6 -7 -8 -9 10 -11 12 13 -14 15 16 17 18 -19 20 -21 22 23 24 -25 26 27 28 -29 30 31 32 -33 34 -35 36 -37 38 39 -40 41 42 43 44 45 46 47 -48 49 50 0
uf50-0822 87558 1 -2 -3 -4 5 -6 -7 -8 -9 10 -11 12 13 -14 15 16 17 18 -19 20 -21 22 23 24 -25 26 27 28 -29 30 31 32 -33 34 -35 36 -37 38 39 -40 41 42 43 44 45 46 47 -48 49 -50 0
uf50-0822 89645 1 -2 -3 -4 5 -6 -7 -8 -9 10 -11 12 13 -14 15 16 17 -18 -19 20 -21 22 23 24 -25 26 27 28 -29 30 31 32 -33 34 -35 36 -37 38 39 -40 41 42 43 44 45 46 47 -48 49 50 0
uf50-0822 89645 1 -2 -3 -4 5 -6 -7 -8 -9 10 -11 12 13 -14 15 16 17 -18 -19 20 -21 22 23 24 -25 26 27 28 -29 30 31 32 -33 34 -35 36 -37 38 39 -40 41 42 43 44 45 46 47 -48 49 50 0
uf50-0822 90813 1 -2 -3 -4 5 -6 -7 -8 -9 10 -11 12 13 -14 15 16 17 18 -19 20 -21 22 23 24 -25 26 27 28 -29 30 31 32 -33 34 -35 36 -37 38 39 -40 41 42 43 44 45 46 47 -48 49 50 0
uf50-0822 90813 1 -2 -3 -4 5 -6 -7 -8 -9 10 -11 12 13 -14 15 16 17 18 -19 20 -21 22 23 24 -25 26 27 28 -29 30 31 32 -33 34 -35 36 -37 38 39 -40 41 42 43 44 45 46 47 -48 49 50 0
uf50-0822 90813 1 -2 -3 -4 5 -6 -7 -8 -9 10 -11 12 13 -14 15 16 17 18 -19 20 -21 22 23 24 -25 26 27 28 -29 30 31 32 -33 34 -35 36 -37 38 39 -40 41 42 43 44 45 46 47 -48 49 50 0
uf50-0822 92893 1 2 3 -4 -5 -6 -7 8 9 -10 11 -12 13 14 -15 16 17 -18 -19 -20 -21 22 23 24 25 26 -27 -28 -29 30 31 -32 33 34 -35 36 -37 38 39 40 -41 42 43 44 45 46 -47 -48 49 50 0
uf50-0822 92893 1 2 3 -4 -5 -6 -7 8 9 -10 11 -12 13 14 -15 16 17 -18 -19 -20 -21 22 23 24 25 26 -27 -28 -29 30 31 -32 33 34 -35 36 -37 38 39 40 -41 42 43 44 45 46 -47 -48 49 50 0
uf50-0822 86001 1 2 3 -4 -5 -6 -7 8 9 -10 11 -12 13 14 -15 16 17 -18 -19 -20 -21 22 23 24 25 26 -27 -28 -29 30 31 -32 33 34 -35 36 -37 38 39 40 -41 42 43 44 45 -46 -47 -48 49 50 0
uf50-0822 92893 1 2 3 -4 -5 -6 -7 8 9 -10 11 -12 13 14 -15 16 17 -18 -19 -20 -21 22 23 24 25 26 -27 -28 -29 30 31 -32 33 34 -35 36 -37 38 39 40 -41 42 43 44 45 46 -47 -48 49 50 0
uf50-0822 89645 1 -2 -3 -4 5 -6 -7 -8 -9 10 -11 12 13 -14 15 16 17 -18 -19 20 -21 22 23 24 -25 26 27 28 -29 30 31 32 -33 34 -35 36 -37 38 39 -40 41 42 43 44 45 46 47 -48 49 50 0
uf50-0822 90885 1 -2 3 -4 -5 -6 -7 -8 9 10 -11 -12 -13 -14 15 16 17 -18 -19 -20 -21 22 23 24 25 26 -27 -28 29 30 31 -32 33 -34 35 -36 37 38 39 40 -41 42 43 44 45 46 -47 -48 -49 50 0
uf50-0822 90813 1 -2 -3 -4 5 -6 -7 -8 -9 10 -11 12 13 -14 15 16 17 18 -19 20 -21 22 23 24 -25 26 27 28 -29 30 31 32 -33 34 -35 36 -37 38 39 -40 41 42 43 44 45 46 47 -48 49 50 0
uf50-0822 90813 1 -2 -3 -4 5 -6 -7 -8 -9 10 -11 12 13 -14 15 16 17 18 -19 20 -21 22 23 24 -25 26 27 28 -29 30 31 32 -33 34 -35 36 -37 38 39 -40 41 42 43 44 45 46 47 -48 49 50 0
uf50-0822 90813 1 -2 -3 -4 5 -6 -7 -8 -9 10 -11 12 13 -14 15 16 17 18 -19 20 -21 22 23 24 -25 26 27 28 -29 30 31 32 -33 34 -35 36 -37 38 39 -40 41 42 43 44 45 46 47 -48 49 50 0
uf50-0822 90813 1 -2 -3 -4 5 -6 -7 -8 -9 10 -11 12 13 -14 15 16 17 18 -19 20 -21 22 23 24 -25 26 27 28 -29 30 31 32 -33 34 -35 36 -37 38 39 -40 41 42 43 44 45 46 47 -48 49 50 0
uf50-0822 90813 1 -2 -3 -4 5 -6 -7 -8 -9 10 -11 12 13 -14 15 16 17 18 -19 20 -21 22 23 24 -25 26 27 28 -29 30 31 32 -33 34 -35 36 -37 38 39 -40 41 42 43 44 45 46 47 -48 49 50 0
uf50-0822 90813 1 -2 -3 -4 5 -6 -7 -8 -9 10 -11 12 13 -14 15 16 17 18 -19 20 -21 22 23 24 -25 26 27 28 -29 30 31 32 -33 34 -35 36 -37 38 39 -40 41 42 43 44 45 46 47 -48 49 50 0
uf50-0822 92893 1 2 3 -4 -5 -6 -7 8 9 -10 11 -12 13 14 -15 16 17 -18 -19 -20 -21 22 23 24 25 26 -27 -28 -29 30 31 -32 33 34 -35 36 -37 38 39 40 -41 42 43 44 45 46 -47 -48 49 50 0
uf50-0822 92893 1 2 3 -4 -5 -6 -7 8 9 -10 11 -12 13 14 -15 16 17 -18 -19 -20 -21 22 23 24 25 26 -27 -28 -29 30 31 -32 33 34 -35 36 -37 38 39 40 -41 42 43 44 45 46 -47 -48 49 50 0
uf50-0822 92893 1 2 3 -4 -5 -6 -7 8 9 -10 11 -12 13 14 -15 16 17 -18 -19 -20 -21 22 23 24 25 26 -27 -28 -29 30 31 -32 33 34 -35 36 -37 38 39 40 -41 42 43 44 45 46 -47 -48 49 50 0
uf50-0822 90813 1 -2 -3 -4 5 -6 -7 -8 -9 10 -11 12 13 -14 15 16 17 18 -19 20 -21 22 23 24 -25 26 27 28 -29 30 31 32 -33 34 -35 36 -37 38 39 -40 41 42 43 44 45 46 47 -48 49 50 0
uf50-0822 92893 1 2 3 -4 -5 -6 -7 8 9 -10 11 -12 13 14 -15 16 17 -18 -19 -20 -21 22 23 24 25 26 -27 -28 -29 30 31 -32 33 34 -35 36 -37 38 39 40 -41 42 43 44 45 46 -47 -48 49 50 0
uf50-0822 90813 1 -2 -3 -4 5 -6 -7 -8 -9 10 -11 12 13 -14 15 16 17 18 -19 20 -21 22 23 24 -25 26 27 28 -29 30 31 32 -33 34 -35 36 -37 38 39 -40 41 42 43 44 45 46 47 -48 49 50 0
uf50-0822 90885 1 -2 3 -4 -5 -6 -7 -8 9 10 -11 -12 -13 -14 15 16 17 -18 -19 -20 -21 22 23 24 25 26 -27 -28 29 30 31 -32 33 -34 35 -36 37 38 39 40 -41 42 43 44 45 46 -47 -48 -49 50 0
uf50-0822 92893 1 2 3 -4 -5 -6 -7 8 9 -10 11 -12 13 14 -15 16 17 -18 -19 -20 -21 22 23 24 25 26 -27 -28 -29 30 31 -32 33 34 -35 36 -37 38 39 40 -41 42 43 44 45 46 -47 -48 49 50 0
uf50-0822 92893 1 2 3 -4 -5 -6 -7 8 9 -10 11 -12 13 14 -15 16 17 -18 -19 -20 -21 22 23 24 25 26 -27 -28 -29 30 31 -32 33 34 -35 36 -37 38 39 40 -41 42 43 44 45 46 -47 -48 49 50 0
uf50-0822 92893 1 2 3 -4 -5 -6 -7 8 9 -10 11 -12 13 14 -15 16 17 -18 -19 -20 -21 22 23 24 25 26 -27 -28 -29 30 31 -32 33 34 -35 36 -37 38 39 40 -41 42 43 44 45 46 -47 -48 49 50 0
uf50-0822 90371 1 -2 -3 -4 5 -6 -7 -8 -9 10 -11 12 13 -14 15 16 17 18 -19 20 -21 22 -23 24 -25 26 27 28 -29 30 31 32 -33 34 -35 36 -37 38 39 -40 41 42 43 44 45 46 47 -48 49 50 0
uf50-0822 90813 1 -2 -3 -4 5 -6 -7 -8 -9 10 -11 12 13 -14 15 16 17 18 -19 20 -21 22 23 24 -25 26 27 28 -29 30 31 32 -33 34 -35 36 -37 38 39 -40 41 42 43 44 45 46 47 -48 49 50 0
uf50-0822 92893 1 2 3 -4 -5 -6 -7 8 9 -10 11 -12 13 14 -15 16 17 -18 -19 -20 -21 22 23 24 25 26 -27 -28 -29 30 31 -32 33 34 -35 36 -37 38 39 40 -41 42 43 44 45 46 -47 -48 49 50 0
uf50-0822 92893 1 2 3 -4 -5 -6 -7 8 9 -10 11 -12 13 14 -15 16 17 -18 -19 -20 -21 22 23 24 25 26 -27 -28 -29 30 31 -32 33 34 -35 36 -37 38 39 40 -41 42 43 44 45 46 -47 -48 49 50 0
uf50-0822 90813 1 -2 -3 -4 5 -6 -7 -8 -9 10 -11 12 13 -14 15 16 17 18 -19 20 -21 22 23 24 -25 26 27 28 -29 30 31 32 -33 34 -35 36 -37 38 39 -40 41 42 43 44 45 46 47 -48 49 50 0
uf50-0822 92893 1 2 3 -4 -5 -6 -7 8 9 -10 11 -12 13 14 -15 16 17 -18 -19 -20 -21 22 23 24 25 26 -27 -28 -29 30 31 -32 33 34 -35 36 -37 38 39 40 -41 42 43 44 45 46 -47 -48 49 50 0
uf50-0822 90371 1 -2 -3 -4 5 -6 -7 -8 -9 10 -11 12 13 -14 15 16 17 18 -19 20 -21 22 -23 24 -25 26 27 28 -29 30 31 32 -33 34 -35 36 -37 38 39 -40 41 42 43 44 45 46 47 -48 49 50 0
uf50-0822 92893 1 2 3 -4 -5 -6 -7 8 9 -10 11 -12 13 14 -15 16 17 -18 -19 -20 -21 22 23 24 25 26 -27 -28 -29 30 31 -32 33 34 -35 36 -37 38 39 40 -41 42 43 44 45 46 -47 -48 49 50 0
uf50-0822 61917 1 -2 -3 -4 -5 6 -7 -8 9 10 -11 12 13 -14 15 16 17 18 -19 20 -21 22 23 24 -25 26 27 -28 -29 30 31 -32 33 34 -35 36 -37 38 39 40 41 42 43 44 -45 46 -47 48 49 50 0
uf50-0822 92893 1 2 3 -4 -5 -6 -7 8 9 -10 11 -12 13 14 -15 16 17 -18 -19 -20 -21 22 23 24 25 26 -27 -28 -29 30 31 -32 33 34 -35 36 -37 38 39 40 -41 42 43 44 45 46 -47 -48 49 50 0
uf50-0822 90813 1 -2 -3 -4 5 -6 -7 -8 -9 10 -11 12 13 -14 15 16 17 18 -19 20 -21 22 23 24 -25 26 27 28 -29 30 31 32 -33 34 -35 36 -37 38 39 -40 41 42 43 44 45 46 47 -48 49 50 0
uf50-0822 92893 1 2 3 -4 -5 -6 -7 8 9 -10 11 -12 13 14 -15 16 17 -18 -19 -20 -21 22 23 24 25 26 -27 -28 -29 30 31 -32 33 34 -35 36 -37 38 39 40 -41 42 43 44 45 46 -47 -48 49 50 0
uf50-0822 92893 1 2 3 -4 -5 -6 -7 8 9 -10 11 -12 13 14 -15 16 17 -18 -19 -20 -21 22 23 24 25 26 -27 -28 -29 30 31 -32 33 34 -35 36 -37 38 39 40 -41 42 43 44 45 46 -47 -48 49 50 0
uf50-0822 92893 1 2 3 -4 -5 -6 -7 8 9 -10 11 -12 13 14 -15 16 17 -18 -19 -20 -21 22 23 24 25 26 -27 -28 -29 30 31 -32 33 34 -35 36 -37 38 39 40 -41 42 43 44 45 46 -47 -48 49 50 0
uf50-0822 89645 1 -2 -3 -4 5 -6 -7 -8 -9 10 -11 12 13 -14 15 16 17 -18 -19 20 -21 22 23 24 -25 26 27 28 -29 30 31 32 -33 34 -35 36 -37 38 39 -40 41 42 43 44 45 46 47 -48 49 50 0
uf50-0822 92893 1 2 3 -4 -5 -6 -7 8 9 -10 11 -12 13 14 -15 16 17 -18 -19 -20 -21 22 23 24 25 26 -27 -28 -29 30 31 -32 33 34 -35 36 -37 38 39 40 -41 42 43 44 45 46 -47 -48 49 50 0
uf50-0822 90813 1 -2 -3 -4 5 -6 -7 -8 -9 10 -11 12 13 -14 15 16 17 18 -19 20 -21 22 23 24 -25 26 27 28 -29 30 31 32 -33 34 -35 36 -37 38 39 -40 41 42 43 44 45 46 47 -48 49 50 0
uf50-0822 92893 1 2 3 -4 -5 -6 -7 8 9 -10 11 -12 13 14 -15 16 17 -18 -19 -20 -21 22 23 24 25 26 -27 -28 -29 30 31 -32 33 34 -35 36 -37 38 39 40 -41 42 43 44 45 46 -47 -48 49 50 0
uf50-0822 92893 1 2 3 -4 -5 -6 -7 8 9 -10 11 -12 13 14 -15 16 17 -18 -19 -20 -21 22 23 24 25 26 -27 -28 -29 30 31 -32 33 34 -35 36 -37 38 39 40 -41 42 43 44 45 46 -47 -48 49 50 0
uf50-0822 92893 1 2 3 -4 -5 -6 -7 8 9 -10 11 -12 13 14 -15 16 17 -18 -19 -20 -21 22 23 24 25 26 -27 -28 -29 30 31 -32 33 34 -35 36 -37 38 39 40 -41 42 43 44 45 46 -47 -48 49 50 0
uf50-0822 92893 1 2 3 -4 -5 -6 -7 8 9 -10 11 -12 13 14 -15 16 17 -18 -19 -20 -21 22 23 24 25 26 -27 -28 -29 30 31 -32 33 34 -35 36 -37 38 39 40 -41 42 43 44 45 46 -47 -48 49 50 0
uf50-0822 92893 1 2 3 -4 -5 -6 -7 8 9 -10 11 -12 13 14 -15 16 17 -18 -19 -20 -21 22 23 24 25 26 -27 -28 -29 30 31 -32 33 34 -35 36 -37 38 39 40 -41 42 43 44 45 46 -47 -48 49 50 0
uf50-0822 92893 1 2 3 -4 -5 -6 -7 8 9 -10 11 -12 13 14 -15 16 17 -18 -19 -20 -21 22 23 24 25 26 -27 -28 -29 30 31 -32 33 34 -35 36 -37 38 39 40 -41 42 43 44 45 46 -47 -48 49 50 0
uf50-0822 92893 1 2 3 -4 -5 -6 -7 8 9 -10 11 -12 13 14 -15 16 17 -18 -19 -20 -21 22 23 24 25 26 -27 -28 -29 30 31 -32 33 34 -35 36 -37 38 39 40 -41 42 43 44 45 46 -47 -48 49 50 0
uf50-0822 92893 1 2 3 -4 -5 -6 -7 8 9 -10 11 -12 13 14 -15 16 17 -18 -19 -20 -21 22 23 24 25 26 -27 -28 -29 30 31 -32 33 34 -35 36 -37 38 39 40 -41 42 43 44 45 46 -47 -48 49 50 0
uf50-0822 90813 1 -2 -3 -4 5 -6 -7 -8 -9 10 -11 12 13 -14 15 16 17 18 -19 20 -21 22 23 24 -25 26 27 28 -29 30 31 32 -33 34 -35 36 -37 38 39 -40 41 42 43 44 45 46 47 -48 49 50 0
uf50-0822 84999 1 -2 -3 -4 5 -6 -7 -8 -9 10 -11 12 13 -14 15 16 17 18 -19 20 -21 22 23 24 -25 26 -27 28 -29 30 31 32 -33 34 -35 36 -37 38 39 -40 41 42 43 44 45 46 47 -48 49 50 0
uf50-0822 92893 1 2 3 -4 -5 -6 -7 8 9 -10 11 -12 13 14 -15 16 17 -18 -19 -20 -21 22 23 24 25 26 -27 -28 -29 30 31 -32 33 34 -35 36 -37 38 39 40 -41 42 43 44 45 46 -47 -48 49 50 0
uf50-0822 92893 1 2 3 -4 -5 -6 -7 8 9 -10 11 -12 13 14 -15 16 17 -18 -19 -20 -21 22 23 24 25 26 -27 -28 -29 30 31 -32 33 34 -35 36 -37 38 39 40 -41 42 43 44 45 46 -47 -48 49 50 0
uf50-0822 92893 1 2 3 -4 -5 -6 -7 8 9 -10 11 -12 13 14 -15 16 17 -18 -19 -20 -21 22 23 24 25 26 -27 -28 -29 30 31 -32 33 34 -35 36 -37 38 39 40 -41 42 43 44 45 46 -47 -48 49 50 0
uf50-0822 90813 1 -2 -3 -4 5 -6 -7 -8 -9 10 -11 12 13 -14 15 16 17 18 -19 20 -21 22 23 24 -25 26 27 28 -29 30 31 32 -33 34 -35 36 -37 38 39 -40 41 42 43 44 45 46 47 -48 49 50 0
