uf50-0824 70860 1 -2 3 4 5 -6 7 -8 -9 10 11 -12 -13 14 15 16 17 -18 -19 20 -21 22 -23 24 -25 26 27 -28 29 -30 31 -32 33 34 -35 36 -37 -38 39 -40 41 -42 43 44 -45 46 47 48 -49 50 0
uf50-0824 75522 1 -2 3 4 5 -6 7 -8 -9 10 11 -12 -13 14 15 16 -17 -18 -19 20 -21 22 -23 24 -25 26 27 -28 29 30 31 -32 33 34 -35 36 -37 -38 39 -40 41 -42 43 44 -45 46 47 48 -49 50 0
uf50-0824 75522 1 -2 3 4 5 -6 7 -8 -9 10 11 -12 -13 14 15 16 -17 -18 -19 20 -21 22 -23 24 -25 26 27 -28 29 30 31 -32 33 34 -35 36 -37 -38 39 -40 41 -42 43 44 -45 46 47 48 -49 50 0
uf50-0824 75522 1 -2 3 4 5 -6 7 -8 -9 10 11 -12 -13 14 15 16 -17 -18 -19 20 -21 22 -23 24 -25 26 27 -28 29 30 31 -32 33 34 -35 36 -37 -38 39 -40 41 -42 43 44 -45 46 47 48 -49 50 0
uf50-0824 75522 1 -2 3 4 5 -6 7 -8 -9 10 11 -12 -13 14 15 16 -17 -18 -19 20 -21 22 -23 24 -25 26 27 -28 29 30 31 -32 33 34 -35 36 -37 -38 39 -40 41 -42 43 44 -45 46 47 48 -49 50 0
uf50-0824 75522 1 -2 3 4 5 -6 7 -8 -9 10 11 -12 -13 14 15 16 -17 -18 -19 20 -21 22 -23 24 -25 26 27 -28 29 30 31 -32 33 34 -35 36 -37 -38 39 -40 41 -42 43 44 -45 46 47 48 -49 50 0
uf50-0824 70159 1 -2 -3 4 5 -6 7 -8 -9 10 11 -12 -13 14 15 16 -17 -18 -19 20 -21 22 -23 24 -25 26 27 -28 29 30 31 -32 33 34 -35 36 -37 -38 39 -40 41 -42 43 44 -45 46 47 48 -49 50 0
uf50-0824 65497 1 -2 -3 4 5 -6 7 -8 -9 10 11 -12 -13 14 15 16 17 -18 -19 20 -21 22 -23 24 -25 26 27 -28 29 -30 31 -32 33 34 -35 36 -37 -38 39 -40 41 -42 43 44 -45 46 47 48 -49 50 0
uf50-0824 67279 1 -2 3 4 5 -6 7 -8 -9 10 11 -12 -13 14 15 16 17 -18 -19 20 -21 22 -23 24 -25 26 27 -28 29 -30 31 -32 33 34 -35 36 -37 -38 39 -40 41 -42 -43 44 -45 46 47 48 -49 50 0
uf50-0824 75522 1 -2 3 4 5 -6 7 -8 -9 10 11 -12 -13 14 15 16 -17 -18 -19 20 -21 22 -23 24 -25 26 27 -28 29 30 31 -32 33 34 -35 36 -37 -38 39 -40 41 -42 43 44 -45 46 47 48 -49 50 0
uf50-0824 60178 1 -2 -3 4 5 -6 -7 -8 -9 10 11 -12 -13 14 15 16 -17 -18 -19 20 -21 22 -23 24 -25 26 27 -28 29 30 31 -32 33 34 -35 36 -37 -38 39 -40 41 -42 -43 44 45 46 47 48 -49 50 0
uf50-0824 75522 1 -2 3 4 5 -6 7 -8 -9 10 11 -12 -13 14 15 16 -17 -18 -19 20 -21 22 -23 24 -25 26 27 -28 29 30 31 -32 33 34 -35 36 -37 -38 39 -40 41 -42 43 44 -45 46 47 48 -49 50 0
uf50-0824 75522 1 -2 3 4 5 -6 7 -8 -9 10 11 -12 -13 14 15 16 -17 -18 -19 20 -21 22 -23 24 -25 26 27 -28 29 30 31 -32 33 34 -35 36 -37 -38 39 -40 41 -42 43 44 -45 46 47 48 -49 50 0
uf50-0824 59097 1 -2 -3 4 5 -6 -7 -8 -9 10 11 -12 -13 14 15 16 17 -18 -19 20 -21 22 -23 24 -25 26 27 -28 29 -30 31 -32 33 34 -35 36 -37 -38 39 -40 41 -42 43 44 45 46 47 48 -49 50 0
uf50-0824 57565 1 -2 3 4 5 6 -7 -8 9 10 11 12 -13 14 -15 -16 17 18 19 20 -21 -22 -23 24 25 -26 27 28 29 -30 31 32 33 34 -35 -36 -37 -38 39 -40 -41 42 43 44 45 -46 47 48 -49 -50 0
uf50-0824 75522 1 -2 3 4 5 -6 7 -8 -9 10 11 -12 -13 14 15 16 -17 -18 -19 20 -21 22 -23 24 -25 26 27 -28 29 30 31 -32 33 34 -35 36 -37 -38 39 -40 41 -42 43 44 -45 46 47 48 -49 50 0
uf50-0824 57565 1 -2 3 4 5 6 -7 -8 9 10 11 12 -13 14 -15 -16 17 18 19 20 -21 -22 -23 24 25 -26 27 28 29 -30 31 32 33 34 -35 -36 -37 -38 39 -40 -41 42 43 44 45 -46 47 48 -49 -50 0
uf50-0824 57565 1 -2 3 4 5 6 -7 -8 9 10 11 12 -13 14 -15 -16 17 18 19 20 -21 -22 -23 24 25 -26 27 28 29 -30 31 32 33 34 -35 -36 -37 -38 39 -40 -41 42 43 44 45 -46 47 48 -49 -50 0
uf50-0824 75522 1 -2 3 4 5 -6 7 -8 -9 10 11 -12 -13 14 15 16 -17 -18 -19 20 -21 22 -23 24 -25 26 27 -28 29 30 31 -32 33 34 -35 36 -37 -38 39 -40 41 -42 43 44 -45 46 47 48 -49 50 0
uf50-0824 70860 1 -2 3 4 5 -6 7 -8 -9 10 11 -12 -13 14 15 16 17 -18 -19 20 -21 22 -23 24 -25 26 27 -28 29 -30 31 -32 33 34 -35 36 -37 -38 39 -40 41 -42 43 44 -45 46 47 48 -49 50 0
uf50-0824 75522 1 -2 3 4 5 -6 7 -8 -9 10 11 -12 -13 14 15 16 -17 -18 -19 20 -21 22 -23 24 -25 26 27 -28 29 30 31 -32 33 34 -35 36 -37 -38 39 -40 41 -42 43 44 -45 46 47 48 -49 50 0
uf50-0824 70860 1 -2 3 4 5 -6 7 -8 -9 10 11 -12 -13 14 15 16 17 -18 -19 20 -21 22 -23 24 -25 26 27 -28 29 -30 31 -32 33 34 -35 36 -37 -38 39 -40 41 -42 43 44 -45 46 47 48 -49 50 0
uf50-0824 52157 1 -2 3 4 5 -6 -7 -8 9 10 11 12 -13 14 -15 16 17 -18 -19 20 -21 22 -23 24 -25 26 27 -28 29 -30 31 -32 33 34 -35 36 -37 -38 39 -40 -41 -42 43 -44 45 46 47 48 -49 50 0
uf50-0824 70159 1 -2 -3 4 5 -6 7 -8 -9 10 11 -12 -13 14 15 16 -17 -18 -19 20 -21 22 -23 24 -25 26 27 -28 29 30 31 -32 33 34 -35 36 -37 -38 39 -40 41 -42 43 44 -45 46 47 48 -49 50 0
uf50-0824 75522 1 -2 3 4 5 -6 7 -8 -9 10 11 -12 -13 14 15 16 -17 -18 -19 20 -21 22 -23 24 -25 26 27 -28 29 30 31 -32 33 34 -35 36 -37 -38 39 -40 41 -42 43 44 -45 46 47 48 -49 50 0
uf50-0824 65497 1 -2 -3 4 5 -6 7 -8 -9 10 11 -12 -13 14 15 16 17 -18 -19 20 -21 22 -23 24 -25 26 27 -28 29 -30 31 -32 33 34 -35 36 -37 -38 39 -40 41 -42 43 44 -45 46 47 48 -49 50 0
uf50-0824 75522 1 -2 3 4 5 -6 7 -8 -9 10 11 -12 -13 14 15 16 -17 -18 -19 20 -21 22 -23 24 -25 26 27 -28 29 30 31 -32 33 34 -35 36 -37 -38 39 -40 41 -42 43 44 -45 46 47 48 -49 50 0
uf50-0824 75522 1 -2 3 4 5 -6 7 -8 -9 10 11 -12 -13 14 15 16 -17 -18 -19 20 -21 22 -23 24 -25 26 27 -28 29 30 31 -32 33 34 -35 36 -37 -38 39 -40 41 -42 43 44 -45 46 47 48 -49 50 0
uf50-0824 75522 1 -2 3 4 5 -6 7 -8 -9 10 11 -12 -13 14 15 16 -17 -18 -19 20 -21 22 -23 24 -25 26 27 -28 29 30 31 -32 33 34 -35 36 -37 -38 39 -40 41 -42 43 44 -45 46 47 48 -49 50 0
uf50-0824 75522 1 -2 3 4 5 -6 7 -8 -9 10 11 -12 -13 14 15 16 -17 -18 -19 20 -21 22 -23 24 -25 26 27 -28 29 30 31 -32 33 34 -35 36 -37 -38 39 -40 41 -42 43 44 -45 46 47 48 -49 50 0
uf50-0824 75522 1 -2 3 4 5 -6 7 -8 -9 10 11 -12 -13 14 15 16 -17 -18 -19 20 -21 22 -23 24 -25 26 27 -28 29 30 31 -32 33 34 -35 36 -37 -38 39 -40 41 -42 43 44 -45 46 47 48 -49 50 0
uf50-0824 63232 1 -2 -3 4 5 -6 7 -8 -9 10 11 -12 -13 14 15 16 -17 -18 -19 20 -21 22 -23 24 -25 26 27 -28 29 30 31 -32 33 34 -35 36 -37 -38 39 -40 -41 -42 43 44 -45 46 47 48 -49 50 0
uf50-0824 75522 1 -2 3 4 5 -6 7 -8 -9 10 11 -12 -13 14 15 16 -17 -18 -19 20 -21 22 -23 24 -25 26 27 -28 29 30 31 -32 33 34 -35 36 -37 -38 39 -40 41 -42 43 44 -45 46 47 48 -49 50 0
uf50-0824 75522 1 -2 3 4 5 -6 7 -8 -9 10 11 -12 -13 14 15 16 -17 -18 -19 20 -21 22 -23 24 -25 26 27 -28 29 30 31 -32 33 34 -35 36 -37 -38 39 -40 41 -42 43 44 -45 46 47 48 -49 50 0
uf50-0824 64256 1 -2 -3 4 5 -6 -7 -8 -9 10 11 -12 -13 14 15 16 17 -18 19 20 -21 22 -23 24 -25 26 27 -28 29 -30 31 -32 33 34 -35 36 -37 -38 39 -40 41 -42 43 44 45 46 47 48 -49 50 0
uf50-0824 75522 1 -2 3 4 5 -6 7 -8 -9 10 11 -12 -13 14 15 16 -17 -18 -19 20 -21 22 -23 24 -25 26 27 -28 29 30 31 -32 33 34 -35 36 -37 -38 39 -40 41 -42 43 44 -45 46 47 48 -49 50 0
uf50-0824 70700 1 -2 3 4 5 -6 -7 -8 -9 10 11 -12 -13 14 15 16 -17 -18 19 20 -21 22 -23 24 -25 26 27 -28 29 30 31 -32 33 34 -35 36 -37 -38 39 -40 41 -42 -43 44 45 46 47 48 -49 50 0
uf50-0824 75522 1 -2 3 4 5 -6 7 -8 -9 10 11 -12 -13 14 15 16 -17 -18 -19 20 -21 22 -23 24 -25 26 27 -28 29 30 31 -32 33 34 -35 36 -37 -38 39 -40 41 -42 43 44 -45 46 47 48 -49 50 0
uf50-0824 75522 1 -2 3 4 5 -6 7 -8 -9 10 11 -12 -13 14 15 16 -17 -18 -19 20 -21 22 -23 24 -25 26 27 -28 29 30 31 -32 33 34 -35 36 -37 -38 39 -40 41 -42 43 44 -45 46 47 48 -49 50 0
uf50-0824 75522 1 -2 3 4 5 -6 7 -8 -9 10 11 -12 -13 14 15 16 -17 -18 -19 20 -21 22 -23 24 -25 26 27 -28 29 30 31 -32 33 34 -35 36 -37 -38 39 -40 41 -42 43 44 -45 46 47 48 -49 50 0
uf50-0824 57565 1 -2 3 4 5 6 -7 -8 9 10 11 12 -13 14 -15 -16 17 18 19 20 -21 -22 -23 24 25 -26 27 28 29 -30 31 32 33 34 -35 -36 -37 -38 39 -40 -41 42 43 44 45 -46 47 48 -49 -50 0
uf50-0824 75522 1 -2 3 4 5 -6 7 -8 -9 10 11 -12 -13 14 15 16 -17 -18 -19 20 -21 22 -23 24 -25 26 27 -28 29 30 31 -32 33 34 -35 36 -37 -38 39 -40 41 -42 43 44 -45 46 47 48 -49 50 0
uf50-0824 75522 1 -2 3 4 5 -6 7 -8 -9 10 11 -12 -13 14 15 16 -17 -18 -19 20 -21 22 -23 24 -25 26 27 -28 29 30 31 -32 33 34 -35 36 -37 -38 39 -40 41 -42 43 44 -45 46 47 48 -49 50 0
uf50-0824 75522 1 -2 3 4 5 -6 7 -8 -9 10 11 -12 -13 14 15 16 -17 -18 -19 20 -21 22 -23 24 -25 26 27 -28 29 30 31 -32 33 34 -35 36 -37 -38 39 -40 41 -42 43 44 -45 46 47 48 -49 50 0
uf50-0824 57565 1 -2 3 4 5 6 -7 -8 9 10 11 12 -13 14 -15 -16 17 18 19 20 -21 -22 -23 24 25 -26 27 28 29 -30 31 32 33 34 -35 -36 -37 -38 39 -40 -41 42 43 44 45 -46 47 48 -49 -50 0
uf50-0824 65497 1 -2 -3 4 5 -6 7 -8 -9 10 11 -12 -13 14 15 16 17 -18 -19 20 -21 22 -23 24 -25 26 27 -28 29 -30 31 -32 33 34 -35 36 -37 -38 39 -40 41 -42 43 44 -45 46 47 48 -49 50 0
uf50-0824 75522 1 -2 3 4 5 -6 7 -8 -9 10 11 -12 -13 14 15 16 -17 -18 -19 20 -21 22 -23 24 -25 26 27 -28 29 30 31 -32 33 34 -35 36 -37 -38 39 -40 41 -42 43 44 -45 46 47 48 -49 50 0
uf50-0824 57565 1 -2 3 4 5 6 -7 -8 9 10 11 12 -13 14 -15 -16 17 18 19 20 -21 -22 -23 24 25 -26 27 28 29 -30 31 32 33 34 -35 -36 -37 -38 39 -40 -41 42 43 44 45 -46 47 48 -49 -50 0
uf50-0824 75522 1 -2 3 4 5 -6 7 -8 -9 10 11 -12 -13 14 15 16 -17 -18 -19 20 -21 22 -23 24 -25 26 27 -28 29 30 31 -32 33 34 -35 36 -37 -38 39 -40 41 -42 43 44 -45 46 47 48 -49 50 0
uf50-0824 75522 1 -2 3 4 5 -6 7 -8 -9 10 11 -12 -13 14 15 16 -17 -18 -19 20 -21 22 -23 24 -25 26 27 -28 29 30 31 -32 33 34 -35 36 -37 -38 39 -40 41 -42 43 44 -45 46 47 48 -49 50 0
uf50-0824 70159 1 -2 -3 4 5 -6 7 -8 -9 10 11 -12 -13 14 15 16 -17 -18 -19 20 -21 22 -23 24 -25 26 27 -28 29 30 31 -32 33 34 -35 36 -37 -38 39 -40 41 -42 43 44 -45 46 47 48 -49 50 0
uf50-0824 75522 1 -2 3 4 5 -6 7 -8 -9 10 11 -12 -13 14 15 16 -17 -18 -19 20 -21 22 -23 24 -25 26 27 -28 29 30 31 -32 33 34 -35 36 -37 -38 39 -40 41 -42 43 44 -45 46 47 48 -49 50 0
uf50-0824 75522 1 -2 3 4 5 -6 7 -8 -9 10 11 -12 -13 14 15 16 -17 -18 -19 20 -21 22 -23 24 -25 26 27 -28 29 30 31 -32 33 34 -35 36 -37 -38 39 -40 41 -42 43 44 -45 46 47 48 -49 50 0
uf50-0824 72407 1 -2 -3 4 5 -6 7 -8 -9 10 11 -12 -13 14 15 -16 -17 -18 -19 20 21 -22 -23 24 -25 -26 27 -28 29 30 31 32 -33 -34 -35 36 37 -38 -39 -40 41 -42 -43 44 -45 46 47 48 -49 50 0
uf50-0824 70860 1 -2 3 4 5 -6 7 -8 -9 10 11 -12 -13 14 15 16 17 -18 -19 20 -21 22 -23 24 -25 26 27 -28 29 -30 31 -32 33 34 -35 36 -37 -38 39 -40 41 -42 43 44 -45 46 47 48 -49 50 0
uf50-0824 75522 1 -2 3 4 5 -6 7 -8 -9 10 11 -12 -13 14 15 16 -17 -18 -19 20 -21 22 -23 24 -25 26 27 -28 29 30 31 -32 33 34 -35 36 -37 -38 39 -40 41 -42 43 44 -45 46 47 48 -49 50 0
uf50-0824 65497 1 -2 -3 4 5 -6 7 -8 -9 10 11 -12 -13 14 15 16 17 -18 -19 20 -21 22 -23 24 -25 26 27 -28 29 -30 31 -32 33 34 -35 36 -37 -38 39 -40 41 -42 43 44 -45 46 47 48 -49 50 0
uf50-0824 75522 1 -2 3 4 5 -6 7 -8 -9 10 11 -12 -13 14 15 16 -17 -18 -19 20 -21 22 -23 24 -25 26 27 -28 29 30 31 -32 33 34 -35 36 -37 -38 39 -40 41 -42 43 44 -45 46 47 48 -49 50 0
uf50-0824 65497 1 -2 -3 4 5 -6 7 -8 -9 10 11 -12 -13 14 15 16 17 -18 -19 20 -21 22 -23 24 -25 26 27 -28 29 -30 31 -32 33 34 -35 36 -37 -38 39 -40 41 -42 43 44 -45 46 47 48 -49 50 0
uf50-0824 75522 1 -2 3 4 5 -6 7 -8 -9 10 11 -12 -13 14 15 16 -17 -18 -19 20 -21 22 -23 24 -25 26 27 -28 29 30 31 -32 33 34 -35 36 -37 -38 39 -40 41 -42 43 44 -45 46 47 48 -49 50 0
uf50-0824 75522 1 -2 3 4 5 -6 7 -8 -9 10 11 -12 -13 14 15 16 -17 -18 -19 20 -21 22 -23 24 -25 26 27 -28 29 30 31 -32 33 34 -35 36 -37 -38 39 -40 41 -42 43 44 -45 46 47 48 -49 50 0
uf50-0824 66578 1 -2 -3 4 5 -6 7 -8 -9 10 11 -12 -13 14 15 16 -17 -18 -19 20 -21 22 -23 24 -25 26 27 -28 29 30 31 -32 33 34 -35 36 -37 -38 39 -40 41 -42 -43 44 -45 46 47 48 -49 50 0
uf50-0824 75522 1 -2 3 4 5 -6 7 -8 -9 10 11 -12 -13 14 15 16 -17 -18 -19 20 -21 22 -23 24 -25 26 27 -28 29 30 31 -32 33 34 -35 36 -37 -38 39 -40 41 -42 43 44 -45 46 47 48 -49 50 0
uf50-0824 75522 1 -2 3 4 5 -6 7 -8 -9 10 11 -12 -13 14 15 16 -17 -18 -19 20 -21 22 -23 24 -25 26 27 -28 29 30 31 -32 33 34 -35 36 -37 -38 39 -40 41 -42 43 44 -45 46 47 48 -49 50 0
uf50-0824 75522 1 -2 3 4 5 -6 7 -8 -9 10 11 -12 -13 14 15 16 -17 -18 -19 20 -21 22 -23 24 -25 26 27 -28 29 30 31 -32 33 34 -35 36 -37 -38 39 -40 41 -42 43 44 -45 46 47 48 -49 50 0
uf50-0824 75522 1 -2 3 4 5 -6 7 -8 -9 10 11 -12 -13 14 15 16 -17 -18 -19 20 -21 22 -23 24 -25 26 27 -28 29 30 31 -32 33 34 -35 36 -37 -38 39 -40 41 -42 43 44 -45 46 47 48 -49 50 0
uf50-0824 75522 1 -2 3 4 5 -6 7 -8 -9 10 11 -12 -13 14 15 16 -17 -18 -19 20 -21 22 -23 24 -25 26 27 -28 29 30 31 -32 33 34 -35 36 -37 -38 39 -40 41 -42 43 44 -45 46 47 48 -49 50 0
uf50-0824 65497 1 -2 -3 4 5 -6 7 -8 -9 10 11 -12 -13 14 15 16 17 -18 -19 20 -21 22 -23 24 -25 26 27 -28 29 -30 31 -32 33 34 -35 36 -37 -38 39 -40 41 -42 43 44 -45 46 47 48 -49 50 0
uf50-0824 75522 1 -2 3 4 5 -6 7 -8 -9 10 11 -12 -13 14 15 16 -17 -18 -19 20 -21 22 -23 24 -25 26 27 -28 29 30 31 -32 33 34 -35 36 -37 -38 39 -40 41 -42 43 44 -45 46 47 48 -49 50 0
uf50-0824 75522 1 -2 3 4 5 -6 7 -8 -9 10 11 -12 -13 14 15 16 -17 -18 -19 20 -21 22 -23 24 -25 26 27 -28 29 30 31 -32 33 34 -35 36 -37 -38 39 -40 41 -42 43 44 -45 46 47 48 -49 50 0
uf50-0824 57565 1 -2 3 4 5 6 -7 -8 9 10 11 12 -13 14 -15 -16 17 18 19 20 -21 -22 -23 24 25 -26 27 28 29 -30 31 32 33 34 -35 -36 -37 -38 39 -40 -41 42 43 44 45 -46 47 48 -49 -50 0
uf50-0824 57565 1 -2 3 4 5 6 -7 -8 9 10 11 12 -13 14 -15 -16 17 18 19 20 -21 -22 -23 24 25 -26 27 28 29 -30 31 32 33 34 -35 -36 -37 -38 39 -40 -41 42 43 44 45 -46 47 48 -49 -50 0
uf50-0824 69122 1 -2 3 4 5 -6 -7 -8 -9 10 11 -12 -13 14 15 16 -17 -18 -19 20 -21 22 -23 24 -25 26 27 -28 29 30 31 -32 33 34 -35 36 -37 -38 39 -40 41 -42 43 44 45 46 47 48 -49 50 0
uf50-0824 75522 1 -2 3 4 5 -6 7 -8 -9 10 11 -12 -13 14 15 16 -17 -18 -19 20 -21 22 -23 24 -25 26 27 -28 29 30 31 -32 33 34 -35 36 -37 -38 39 -40 41 -42 43 44 -45 46 47 48 -49 50 0
uf50-0824 65497 1 -2 -3 4 5 -6 7 -8 -9 10 11 -12 -13 14 15 16 17 -18 -19 20 -21 22 -23 24 -25 26 27 -28 29 -30 31 -32 33 34 -35 36 -37 -38 39 -40 41 -42 43 44 -45 46 47 48 -49 50 0
uf50-0824 67279 1 -2 3 4 5 -6 7 -8 -9 10 11 -12 -13 14 15 16 17 -18 -19 20 -21 22 -23 24 -25 26 27 -28 29 -30 31 -32 33 34 -35 36 -37 -38 39 -40 41 -42 -43 44 -45 46 47 48 -49 50 0
uf50-0824 75522 1 -2 3 4 5 -6 7 -8 -9 10 11 -12 -13 14 15 16 -17 -18 -19 20 -21 22 -23 24 -25 26 27 -28 29 30 31 -32 33 34 -35 36 -37 -38 39 -40 41 -42 43 44 -45 46 47 48 -49 50 0
uf50-0824 70159 1 -2 -3 4 5 -6 7 -8 -9 10 11 -12 -13 14 15 16 -17 -18 -19 20 -21 22 -23 24 -25 26 27 -28 29 30 31 -32 33 34 -35 36 -37 -38 39 -40 41 -42 43 44 -45 46 47 48 -49 50 0
uf50-0824 75522 1 -2 3 4 5 -6 7 -8 -9 10 11 -12 -13 14 15 16 -17 -18 -19 20 -21 22 -23 24 -25 26 27 -28 29 30 31 -32 33 34 -35 36 -37 -38 39 -40 41 -42 43 44 -45 46 47 48 -49 50 0
uf50-0824 75522 1 -2 3 4 5 -6 7 -8 -9 10 11 -12 -13 14 15 16 -17 -18 -19 20 -21 22 -23 24 -25 26 27 -28 29 30 31 -32 33 34 -35 36 -37 -38 39 -40 41 -42 43 44 -45 46 47 48 -49 50 0
uf50-0824 75522 1 -2 3 4 5 -6 7 -8 -9 10 11 -12 -13 14 15 16 -17 -18 -19 20 -21 22 -23 24 -25 26 27 -28 29 30 31 -32 33 34 -35 36 -37 -38 39 -40 41 -42 43 44 -45 46 47 48 -49 50 0
uf50-0824 75522 1 -2 3 4 5 -6 7 -8 -9 10 11 -12 -13 14 15 16 -17 -18 -19 20 -21 22 -23 24 -25 26 27 -28 29 30 31 -32 33 34 -35 36 -37 -38 39 -40 41 -42 43 44 -45 46 47 48 -49 50 0
uf50-0824 75522 1 -2 3 4 5 -6 7 -8 -9 10 11 -12 -13 14 15 16 -17 -18 -19 20 -21 22 -23 24 -25 26 27 -28 29 30 31 -32 33 34 -35 36 -37 -38 39 -40 41 -42 43 44 -45 46 47 48 -49 50 0
uf50-0824 75522 1 -2 3 4 5 -6 7 -8 -9 10 11 -12 -13 14 15 16 -17 -18 -19 20 -21 22 -23 24 -25 26 27 -28 29 30 31 -32 33 34 -35 36 -37 -38 39 -40 41 -42 43 44 -45 46 47 48 -49 50 0
uf50-0824 65497 1 -2 -3 4 5 -6 7 -8 -9 10 11 -12 -13 14 15 16 17 -18 -19 20 -21 22 -23 24 -25 26 27 -28 29 -30 31 -32 33 34 -35 36 -37 -38 39 -40 41 -42 43 44 -45 46 47 48 -49 50 0
uf50-0824 75522 1 -2 3 4 5 -6 7 -8 -9 10 11 -12 -13 14 15 16 -17 -18 -19 20 -21 22 -23 24 -25 26 27 -28 29 30 31 -32 33 34 -35 36 -37 -38 39 -40 41 -42 43 44 -45 46 47 48 -49 50 0
uf50-0824 69122 1 -2 3 4 5 -6 -7 -8 -9 10 11 -12 -13 14 15 16 -17 -18 -19 20 -21 22 -23 24 -25 26 27 -28 29 30 31 -32 33 34 -35 36 -37 -38 39 -40 41 -42 43 44 45 46 47 48 -49 50 0
uf50-0824 64168 1 -2 -3 4 5 -6 -7 -8 -9 10 11 -12 -13 14 15 16 17 -18 19 -20 -21 22 -23 24 -25 26 27 -28 29 -30 31 -32 33 34 -35 36 -37 -38 39 -40 41 -42 43 44 45 46 47 48 -49 50 0
uf50-0824 75522 1 -2 3 4 5 -6 7 -8 -9 10 11 -12 -13 14 15 16 -17 -18 -19 20 -21 22 -23 24 -25 26 27 -28 29 30 31 -32 33 34 -35 36 -37 -38 39 -40 41 -42 43 44 -45 46 47 48 -49 50 0
uf50-0824 75522 1 -2 3 4 5 -6 7 -8 -9 10 11 -12 -13 14 15 16 -17 -18 -19 20 -21 22 -23 24 -25 26 27 -28 29 30 31 -32 33 34 -35 36 -37 -38 39 -40 41 -42 43 44 -45 46 47 48 -49 50 0
uf50-0824 75522 1 -2 3 4 5 -6 7 -8 -9 10 11 -12 -13 14 15 16 -17 -18 -19 20 -21 22 -23 24 -25 26 27 -28 29 30 31 -32 33 34 -35 36 -37 -38 39 -40 41 -42 43 44 -45 46 47 48 -49 50 0
uf50-0824 60675 1 -2 -3 4 5 -6 -7 -8 -9 10 11 -12 -13 14 15 16 17 -18 19 20 -21 22 -23 24 -25 26 27 -28 29 -30 31 -32 33 34 -35 36 -37 -38 39 -40 41 -42 -43 44 45 46 47 48 -49 50 0
uf50-0824 75522 1 -2 3 4 5 -6 7 -8 -9 10 11 -12 -13 14 15 16 -17 -18 -19 20 -21 22 -23 24 -25 26 27 -28 29 30 31 -32 33 34 -35 36 -37 -38 39 -40 41 -42 43 44 -45 46 47 48 -49 50 0
uf50-0824 75522 1 -2 3 4 5 -6 7 -8 -9 10 11 -12 -13 14 15 16 -17 -18 -19 20 -21 22 -23 24 -25 26 27 -28 29 30 31 -32 33 34 -35 36 -37 -38 39 -40 41 -42 43 44 -45 46 47 48 -49 50 0
uf50-0824 75522 1 -2 3 4 5 -6 7 -8 -9 10 11 -12 -13 14 15 16 -17 -18 -19 20 -21 22 -23 24 -25 26 27 -28 29 30 31 -32 33 34 -35 36 -37 -38 39 -40 41 -42 43 44 -45 46 47 48 -49 50 0
uf50-0824 70159 1 -2 -3 4 5 -6 7 -8 -9 10 11 -12 -13 14 15 16 -17 -18 -19 20 -21 22 -23 24 -25 26 27 -28 29 30 31 -32 33 34 -35 36 -37 -38 39 -40 41 -42 43 44 -45 46 47 48 -49 50 0
uf50-0824 75522 1 -2 3 4 5 -6 7 -8 -9 10 11 -12 -13 14 15 16 -17 -18 -19 20 -21 22 -23 24 -25 26 27 -28 29 30 31 -32 33 34 -35 36 -37 -38 39 -40 41 -42 43 44 -45 46 47 48 -49 50 0
uf50-0824 69531 1 -2 3 4 5 -6 -7 -8 -9 10 11 -12 -13 14 15 16 17 -18 19 -20 -21 22 -23 24 -25 26 27 -28 29 -30 31 -32 33 34 -35 36 -37 -38 39 -40 41 -42 43 44 45 46 47 48 -49 50 0
uf50-0824 65497 1 -2 -3 4 5 -6 7 -8 -9 10 11 -12 -13 14 15 16 17 -18 -19 20 -21 22 -23 24 -25 26 27 -28 29 -30 31 -32 33 34 -35 36 -37 -38 39 -40 41 -42 43 44 -45 46 47 48 -49 50 0
uf50-0824 75522 1 -2 3 4 5 -6 7 -8 -9 10 11 -12 -13 14 15 16 -17 -18 -19 20 -21 22 -23 24 -25 26 27 -28 29 30 31 -32 33 34 -35 36 -37 -38 39 -40 41 -42 43 44 -45 46 47 48 -49 50 0
