uf50-0188 101483 1 -2 3 4 5 -6 -7 -8 -9 10 -11 12 -13 -14 15 -16 17 -18 19 20 21 -22 23 -24 25 -26 27 28 29 30 31 -32 -33 34 -35 -36 37 -38 39 40 -41 42 43 44 -45 46 -47 48 49 50 0
uf50-0188 101483 1 -2 3 4 5 -6 -7 -8 -9 10 -11 12 -13 -14 15 -16 17 -18 19 20 21 -22 23 -24 25 -26 27 28 29 30 31 -32 -33 34 -35 -36 37 -38 39 40 -41 42 43 44 -45 46 -47 48 49 50 0
uf50-0188 101483 1 -2 3 4 5 -6 -7 -8 -9 10 -11 12 -13 -14 15 -16 17 -18 19 20 21 -22 23 -24 25 -26 27 28 29 30 31 -32 -33 34 -35 -36 37 -38 39 40 -41 42 43 44 -45 46 -47 48 49 50 0
uf50-0188 101483 1 -2 3 4 5 -6 -7 -8 -9 10 -11 12 -13 -14 15 -16 17 -18 19 20 21 -22 23 -24 25 -26 27 28 29 30 31 -32 -33 34 -35 -36 37 -38 39 40 -41 42 43 44 -45 46 -47 48 49 50 0
uf50-0188 101483 1 -2 3 4 5 -6 -7 -8 -9 10 -11 12 -13 -14 15 -16 17 -18 19 20 21 -22 23 -24 25 -26 27 28 29 30 31 -32 -33 34 -35 -36 37 -38 39 40 -41 42 43 44 -45 46 -47 48 49 50 0
uf50-0188 92346 1 -2 3 4 5 -6 -7 -8 -9 10 -11 12 -13 -14 15 -16 17 -18 19 20 21 -22 -23 -24 25 -26 27 28 29 30 31 -32 -33 34 -35 36 37 -38 39 40 -41 42 43 44 -45 46 -47 -48 49 50 0
uf50-0188 101483 1 -2 3 4 5 -6 -7 -8 -9 10 -11 12 -13 -14 15 -16 17 -18 19 20 21 -22 23 -24 25 -26 27 28 29 30 31 -32 -33 34 -35 -36 37 -38 39 40 -41 42 43 44 -45 46 -47 48 49 50 0
uf50-0188 101483 1 -2 3 4 5 -6 -7 -8 -9 10 -11 12 -13 -14 15 -16 17 -18 19 20 21 -22 23 -24 25 -26 27 28 29 30 31 -32 -33 34 -35 -36 37 -38 39 40 -41 42 43 44 -45 46 -47 48 49 50 0
uf50-0188 101483 1 -2 3 4 5 -6 -7 -8 -9 10 -11 12 -13 -14 15 -16 17 -18 19 20 21 -22 23 -24 25 -26 27 28 29 30 31 -32 -33 34 -35 -36 37 -38 39 40 -41 42 43 44 -45 46 -47 48 49 50 0
uf50-0188 101483 1 -2 3 4 5 -6 -7 -8 -9 10 -11 12 -13 -14 15 -16 17 -18 19 20 21 -22 23 -24 25 -26 27 28 29 30 31 -32 -33 34 -35 -36 37 -38 39 40 -41 42 43 44 -45 46 -47 48 49 50 0
uf50-0188 86035 -1 -2 3 4 5 -6 -7 -8 -9 10 -11 12 -13 -14 15 -16 17 -18 19 20 21 -22 -23 -24 25 26 27 28 29 30 31 -32 -33 34 -35 36 37 -38 39 40 -41 42 43 -44 -45 46 -47 -48 49 50 0
uf50-0188 101483 1 -2 3 4 5 -6 -7 -8 -9 10 -11 12 -13 -14 15 -16 17 -18 19 20 21 -22 23 -24 25 -26 27 28 29 30 31 -32 -33 34 -35 -36 37 -38 39 40 -41 42 43 44 -45 46 -47 48 49 50 0
uf50-0188 92346 1 -2 3 4 5 -6 -7 -8 -9 10 -11 12 -13 -14 15 -16 17 -18 19 20 21 -22 -23 -24 25 -26 27 28 29 30 31 -32 -33 34 -35 36 37 -38 39 40 -41 42 43 44 -45 46 -47 -48 49 50 0
uf50-0188 101483 1 -2 3 4 5 -6 -7 -8 -9 10 -11 12 -13 -14 15 -16 17 -18 19 20 21 -22 23 -24 25 -26 27 28 29 30 31 -32 -33 34 -35 -36 37 -38 39 40 -41 42 43 44 -45 46 -47 48 49 50 0
uf50-0188 76391 -1 2 3 -4 -5 6 7 -8 9 -10 11 -12 13 14 -15 16 -17 -18 19 -20 21 22 -23 -24 25 26 -27 28 29 -30 31 32 33 34 35 -36 -37 38 -39 40 -41 -42 43 44 45 -46 47 -48 -49 -50 0
uf50-0188 74373 -1 -2 3 4 5 -6 -7 -8 -9 10 -11 12 -13 -14 15 -16 17 -18 19 20 21 -22 -23 -24 25 -26 27 28 29 30 31 -32 -33 34 -35 36 -37 -38 39 40 41 42 43 -44 -45 -46 -47 -48 49 50 0
uf50-0188 101483 1 -2 3 4 5 -6 -7 -8 -9 10 -11 12 -13 -14 15 -16 17 -18 19 20 21 -22 23 -24 25 -26 27 28 29 30 31 -32 -33 34 -35 -36 37 -38 39 40 -41 42 43 44 -45 46 -47 48 49 50 0
uf50-0188 101483 1 -2 3 4 5 -6 -7 -8 -9 10 -11 12 -13 -14 15 -16 17 -18 19 20 21 -22 23 -24 25 -26 27 28 29 30 31 -32 -33 34 -35 -36 37 -38 39 40 -41 42 43 44 -45 46 -47 48 49 50 0
uf50-0188 76948 -1 -2 3 4 -5 -6 -7 -8 -9 10 -11 12 -13 -14 15 -16 17 -18 19 20 21 -22 23 -24 25 26 27 28 29 30 31 -32 -33 34 -35 36 -37 -38 39 40 41 42 43 -44 -45 -46 -47 -48 49 50 0
uf50-0188 101483 1 -2 3 4 5 -6 -7 -8 -9 10 -11 12 -13 -14 15 -16 17 -18 19 20 21 -22 23 -24 25 -26 27 28 29 30 31 -32 -33 34 -35 -36 37 -38 39 40 -41 42 43 44 -45 46 -47 48 49 50 0
uf50-0188 101483 1 -2 3 4 5 -6 -7 -8 -9 10 -11 12 -13 -14 15 -16 17 -18 19 20 21 -22 23 -24 25 -26 27 28 29 30 31 -32 -33 34 -35 -36 37 -38 39 40 -41 42 43 44 -45 46 -47 48 49 50 0
uf50-0188 92346 1 -2 3 4 5 -6 -7 -8 -9 10 -11 12 -13 -14 15 -16 17 -18 19 20 21 -22 -23 -24 25 -26 27 28 29 30 31 -32 -33 34 -35 36 37 -38 39 40 -41 42 43 44 -45 46 -47 -48 49 50 0
uf50-0188 92346 1 -2 3 4 5 -6 -7 -8 -9 10 -11 12 -13 -14 15 -16 17 -18 19 20 21 -22 -23 -24 25 -26 27 28 29 30 31 -32 -33 34 -35 36 37 -38 39 40 -41 42 43 44 -45 46 -47 -48 49 50 0
uf50-0188 85278 1 -2 3 4 5 -6 -7 -8 -9 10 -11 12 -13 -14 15 -16 17 -18 19 20 21 -22 -23 -24 25 -26 27 28 29 30 31 -32 -33 34 -35 36 37 -38 39 40 -41 42 43 44 -45 -46 -47 -48 49 50 0
uf50-0188 101483 1 -2 3 4 5 -6 -7 -8 -9 10 -11 12 -13 -14 15 -16 17 -18 19 20 21 -22 23 -24 25 -26 27 28 29 30 31 -32 -33 34 -35 -36 37 -38 39 40 -41 42 43 44 -45 46 -47 48 49 50 0
uf50-0188 101483 1 -2 3 4 5 -6 -7 -8 -9 10 -11 12 -13 -14 15 -16 17 -18 19 20 21 -22 23 -24 25 -26 27 28 29 30 31 -32 -33 34 -35 -36 37 -38 39 40 -41 42 43 44 -45 46 -47 48 49 50 0
uf50-0188 101483 1 -2 3 4 5 -6 -7 -8 -9 10 -11 12 -13 -14 15 -16 17 -18 19 20 21 -22 23 -24 25 -26 27 28 29 30 31 -32 -33 34 -35 -36 37 -38 39 40 -41 42 43 44 -45 46 -47 48 49 50 0
uf50-0188 101483 1 -2 3 4 5 -6 -7 -8 -9 10 -11 12 -13 -14 15 -16 17 -18 19 20 21 -22 23 -24 25 -26 27 28 29 30 31 -32 -33 34 -35 -36 37 -38 39 40 -41 42 43 44 -45 46 -47 48 49 50 0
uf50-0188 86035 -1 -2 3 4 5 -6 -7 -8 -9 10 -11 12 -13 -14 15 -16 17 -18 19 20 21 -22 -23 -24 25 26 27 28 29 30 31 -32 -33 34 -35 36 37 -38 39 40 -41 42 43 -44 -45 46 -47 -48 49 50 0
uf50-0188 94415 1 -2 3 4 5 -6 -7 -8 -9 10 -11 12 -13 -14 15 -16 17 -18 19 20 21 -22 23 -24 25 -26 27 28 29 30 31 -32 -33 34 -35 -36 37 -38 39 40 -41 42 43 44 -45 -46 -47 48 49 50 0
uf50-0188 101483 1 -2 3 4 5 -6 -7 -8 -9 10 -11 12 -13 -14 15 -16 17 -18 19 20 21 -22 23 -24 25 -26 27 28 29 30 31 -32 -33 34 -35 -36 37 -38 39 40 -41 42 43 44 -45 46 -47 48 49 50 0
uf50-0188 101483 1 -2 3 4 5 -6 -7 -8 -9 10 -11 12 -13 -14 15 -16 17 -18 19 20 21 -22 23 -24 25 -26 27 28 29 30 31 -32 -33 34 -35 -36 37 -38 39 40 -41 42 43 44 -45 46 -47 48 49 50 0
uf50-0188 101483 1 -2 3 4 5 -6 -7 -8 -9 10 -11 12 -13 -14 15 -16 17 -18 19 20 21 -22 23 -24 25 -26 27 28 29 30 31 -32 -33 34 -35 -36 37 -38 39 40 -41 42 43 44 -45 46 -47 48 49 50 0
uf50-0188 101483 1 -2 3 4 5 -6 -7 -8 -9 10 -11 12 -13 -14 15 -16 17 -18 19 20 21 -22 23 -24 25 -26 27 28 29 30 31 -32 -33 34 -35 -36 37 -38 39 40 -41 42 43 44 -45 46 -47 48 49 50 0
uf50-0188 70031 1 2 3 -4 -5 6 7 -8 9 -10 11 -12 -13 14 -15 16 -17 -18 19 -20 21 22 -23 -24 25 26 -27 28 29 -30 31 32 33 34 35 -36 -37 38 -39 40 -41 -42 43 44 -45 -46 47 -48 -49 -50 0
uf50-0188 91084 1 -2 3 4 5 -6 -7 -8 -9 10 -11 12 -13 -14 15 -16 17 -18 19 20 21 -22 -23 -24 25 26 27 28 29 30 31 -32 -33 34 -35 36 37 -38 39 40 -41 42 43 -44 -45 46 -47 -48 49 50 0
uf50-0188 101483 1 -2 3 4 5 -6 -7 -8 -9 10 -11 12 -13 -14 15 -16 17 -18 19 20 21 -22 23 -24 25 -26 27 28 29 30 31 -32 -33 34 -35 -36 37 -38 39 40 -41 42 43 44 -45 46 -47 48 49 50 0
uf50-0188 101483 1 -2 3 4 5 -6 -7 -8 -9 10 -11 12 -13 -14 15 -16 17 -18 19 20 21 -22 23 -24 25 -26 27 28 29 30 31 -32 -33 34 -35 -36 37 -38 39 40 -41 42 43 44 -45 46 -47 48 49 50 0
uf50-0188 87297 -1 -2 3 4 5 -6 -7 -8 -9 10 -11 12 -13 -14 15 -16 17 -18 19 20 21 -22 -23 -24 25 -26 27 28 29 30 31 -32 -33 34 -35 36 37 -38 39 40 -41 42 43 44 -45 46 -47 -48 49 50 0
uf50-0188 76241 -1 -2 3 4 -5 -6 7 -8 -9 10 -11 12 -13 -14 15 -16 -17 -18 19 20 21 -22 -23 -24 25 26 27 28 29 30 31 32 -33 34 -35 36 -37 -38 39 40 41 42 43 -44 -45 -46 -47 48 49 50 0
uf50-0188 76948 -1 -2 3 4 -5 -6 -7 -8 -9 10 -11 12 -13 -14 15 -16 17 -18 19 20 21 -22 23 -24 25 26 27 28 29 30 31 -32 -33 34 -35 36 -37 -38 39 40 41 42 43 -44 -45 -46 -47 -48 49 50 0
uf50-0188 76948 -1 -2 3 4 -5 -6 -7 -8 -9 10 -11 12 -13 -14 15 -16 17 -18 19 20 21 -22 23 -24 25 26 27 28 29 30 31 -32 -33 34 -35 36 -37 -38 39 40 41 42 43 -44 -45 -46 -47 -48 49 50 0
uf50-0188 101483 1 -2 3 4 5 -6 -7 -8 -9 10 -11 12 -13 -14 15 -16 17 -18 19 20 21 -22 23 -24 25 -26 27 28 29 30 31 -32 -33 34 -35 -36 37 -38 39 40 -41 42 43 44 -45 46 -47 48 49 50 0
uf50-0188 91084 1 -2 3 4 5 -6 -7 -8 -9 10 -11 12 -13 -14 15 -16 17 -18 19 20 21 -22 -23 -24 25 26 27 28 29 30 31 -32 -33 34 -35 36 37 -38 39 40 -41 42 43 -44 -45 46 -47 -48 49 50 0
uf50-0188 101483 1 -2 3 4 5 -6 -7 -8 -9 10 -11 12 -13 -14 15 -16 17 -18 19 20 21 -22 23 -24 25 -26 27 28 29 30 31 -32 -33 34 -35 -36 37 -38 39 40 -41 42 43 44 -45 46 -47 48 49 50 0
uf50-0188 101483 1 -2 3 4 5 -6 -7 -8 -9 10 -11 12 -13 -14 15 -16 17 -18 19 20 21 -22 23 -24 25 -26 27 28 29 30 31 -32 -33 34 -35 -36 37 -38 39 40 -41 42 43 44 -45 46 -47 48 49 50 0
uf50-0188 101483 1 -2 3 4 5 -6 -7 -8 -9 10 -11 12 -13 -14 15 -16 17 -18 19 20 21 -22 23 -24 25 -26 27 28 29 30 31 -32 -33 34 -35 -36 37 -38 39 40 -41 42 43 44 -45 46 -47 48 49 50 0
uf50-0188 101483 1 -2 3 4 5 -6 -7 -8 -9 10 -11 12 -13 -14 15 -16 17 -18 19 20 21 -22 23 -24 25 -26 27 28 29 30 31 -32 -33 34 -35 -36 37 -38 39 40 -41 42 43 44 -45 46 -47 48 49 50 0
uf50-0188 101483 1 -2 3 4 5 -6 -7 -8 -9 10 -11 12 -13 -14 15 -16 17 -18 19 20 21 -22 23 -24 25 -26 27 28 29 30 31 -32 -33 34 -35 -36 37 -38 39 40 -41 42 43 44 -45 46 -47 48 49 50 0
uf50-0188 101483 1 -2 3 4 5 -6 -7 -8 -9 10 -11 12 -13 -14 15 -16 17 -18 19 20 21 -22 23 -24 25 -26 27 28 29 30 31 -32 -33 34 -35 -36 37 -38 39 40 -41 42 43 44 -45 46 -47 48 49 50 0
uf50-0188 76948 -1 -2 3 4 -5 -6 -7 -8 -9 10 -11 12 -13 -14 15 -16 17 -18 19 20 21 -22 23 -24 25 26 27 28 29 30 31 -32 -33 34 -35 36 -37 -38 39 40 41 42 43 -44 -45 -46 -47 -48 49 50 0
uf50-0188 101483 1 -2 3 4 5 -6 -7 -8 -9 10 -11 12 -13 -14 15 -16 17 -18 19 20 21 -22 23 -24 25 -26 27 28 29 30 31 -32 -33 34 -35 -36 37 -38 39 40 -41 42 43 44 -45 46 -47 48 49 50 0
uf50-0188 76948 -1 -2 3 4 -5 -6 -7 -8 -9 10 -11 12 -13 -14 15 -16 17 -18 19 20 21 -22 23 -24 25 26 27 28 29 30 31 -32 -33 34 -35 36 -37 -38 39 40 41 42 43 -44 -45 -46 -47 -48 49 50 0
uf50-0188 92346 1 -2 3 4 5 -6 -7 -8 -9 10 -11 12 -13 -14 15 -16 17 -18 19 20 21 -22 -23 -24 25 -26 27 28 29 30 31 -32 -33 34 -35 36 37 -38 39 40 -41 42 43 44 -45 46 -47 -48 49 50 0
uf50-0188 84016 1 -2 3 4 5 -6 -7 -8 -9 10 -11 12 -13 -14 15 -16 17 -18 19 20 21 -22 -23 -24 25 26 27 28 29 30 31 -32 -33 34 -35 36 37 -38 39 40 -41 42 43 -44 -45 -46 -47 -48 49 50 0
uf50-0188 101483 1 -2 3 4 5 -6 -7 -8 -9 10 -11 12 -13 -14 15 -16 17 -18 19 20 21 -22 23 -24 25 -26 27 28 29 30 31 -32 -33 34 -35 -36 37 -38 39 40 -41 42 43 44 -45 46 -47 48 49 50 0
uf50-0188 92346 1 -2 3 4 5 -6 -7 -8 -9 10 -11 12 -13 -14 15 -16 17 -18 19 20 21 -22 -23 -24 25 -26 27 28 29 30 31 -32 -33 34 -35 36 37 -38 39 40 -41 42 43 44 -45 46 -47 -48 49 50 0
uf50-0188 101483 1 -2 3 4 5 -6 -7 -8 -9 10 -11 12 -13 -14 15 -16 17 -18 19 20 21 -22 23 -24 25 -26 27 28 29 30 31 -32 -33 34 -35 -36 37 -38 39 40 -41 42 43 44 -45 46 -47 48 49 50 0
uf50-0188 83813 -1 -2 3 4 5 -6 -7 -8 -9 10 -11 12 -13 -14 15 -16 17 -18 19 20 21 -22 -23 -24 25 26 27 28 29 30 -31 -32 -33 34 -35 36 37 -38 39 40 -41 42 43 -44 -45 46 -47 -48 49 50 0
uf50-0188 101483 1 -2 3 4 5 -6 -7 -8 -9 10 -11 12 -13 -14 15 -16 17 -18 19 20 21 -22 23 -24 25 -26 27 28 29 30 31 -32 -33 34 -35 -36 37 -38 39 40 -41 42 43 44 -45 46 -47 48 49 50 0
uf50-0188 101483 1 -2 3 4 5 -6 -7 -8 -9 10 -11 12 -13 -14 15 -16 17 -18 19 20 21 -22 23 -24 25 -26 27 28 29 30 31 -32 -33 34 -35 -36 37 -38 39 40 -41 42 43 44 -45 46 -47 48 49 50 0
uf50-0188 101483 1 -2 3 4 5 -6 -7 -8 -9 10 -11 12 -13 -14 15 -16 17 -18 19 20 21 -22 23 -24 25 -26 27 28 29 30 31 -32 -33 34 -35 -36 37 -38 39 40 -41 42 43 44 -45 46 -47 48 49 50 0
uf50-0188 101483 1 -2 3 4 5 -6 -7 -8 -9 10 -11 12 -13 -14 15 -16 17 -18 19 20 21 -22 23 -24 25 -26 27 28 29 30 31 -32 -33 34 -35 -36 37 -38 39 40 -41 42 43 44 -45 46 -47 48 49 50 0
uf50-0188 101483 1 -2 3 4 5 -6 -7 -8 -9 10 -11 12 -13 -14 15 -16 17 -18 19 20 21 -22 23 -24 25 -26 27 28 29 30 31 -32 -33 34 -35 -36 37 -38 39 40 -41 42 43 44 -45 46 -47 48 49 50 0
uf50-0188 101483 1 -2 3 4 5 -6 -7 -8 -9 10 -11 12 -13 -14 15 -16 17 -18 19 20 21 -22 23 -24 25 -26 27 28 29 30 31 -32 -33 34 -35 -36 37 -38 39 40 -41 42 43 44 -45 46 -47 48 49 50 0
uf50-0188 76948 -1 -2 3 4 -5 -6 -7 -8 -9 10 -11 12 -13 -14 15 -16 17 -18 19 20 21 -22 23 -24 25 26 27 28 29 30 31 -32 -33 34 -35 36 -37 -38 39 40 41 42 43 -44 -45 -46 -47 -48 49 50 0
uf50-0188 101483 1 -2 3 4 5 -6 -7 -8 -9 10 -11 12 -13 -14 15 -16 17 -18 19 20 21 -22 23 -24 25 -26 27 28 29 30 31 -32 -33 34 -35 -36 37 -38 39 40 -41 42 43 44 -45 46 -47 48 49 50 0
uf50-0188 92346 1 -2 3 4 5 -6 -7 -8 -9 10 -11 12 -13 -14 15 -16 17 -18 19 20 21 -22 -23 -24 25 -26 27 28 29 30 31 -32 -33 34 -35 36 37 -38 39 40 -41 42 43 44 -45 46 -47 -48 49 50 0
uf50-0188 101483 1 -2 3 4 5 -6 -7 -8 -9 10 -11 12 -13 -14 15 -16 17 -18 19 20 21 -22 23 -24 25 -26 27 28 29 30 31 -32 -33 34 -35 -36 37 -38 39 40 -41 42 43 44 -45 46 -47 48 49 50 0
uf50-0188 76948 -1 -2 3 4 -5 -6 -7 -8 -9 10 -11 12 -13 -14 15 -16 17 -18 19 20 21 -22 23 -24 25 26 27 28 29 30 31 -32 -33 34 -35 36 -37 -38 39 40 41 42 43 -44 -45 -46 -47 -48 49 50 0
uf50-0188 101483 1 -2 3 4 5 -6 -7 -8 -9 10 -11 12 -13 -14 15 -16 17 -18 19 20 21 -22 23 -24 25 -26 27 28 29 30 31 -32 -33 34 -35 -36 37 -38 39 40 -41 42 43 44 -45 46 -47 48 49 50 0
uf50-0188 101483 1 -2 3 4 5 -6 -7 -8 -9 10 -11 12 -13 -14 15 -16 17 -18 19 20 21 -22 23 -24 25 -26 27 28 29 30 31 -32 -33 34 -35 -36 37 -38 39 40 -41 42 43 44 -45 46 -47 48 49 50 0
uf50-0188 101483 1 -2 3 4 5 -6 -7 -8 -9 10 -11 12 -13 -14 15 -16 17 -18 19 20 21 -22 23 -24 25 -26 27 28 29 30 31 -32 -33 34 -35 -36 37 -38 39 40 -41 42 43 44 -45 46 -47 48 49 50 0
uf50-0188 76948 -1 -2 3 4 -5 -6 -7 -8 -9 10 -11 12 -13 -14 15 -16 17 -18 19 20 21 -22 23 -24 25 26 27 28 29 30 31 -32 -33 34 -35 36 -37 -38 39 40 41 42 43 -44 -45 -46 -47 -48 49 50 0
uf50-0188 101483 1 -2 3 4 5 -6 -7 -8 -9 10 -11 12 -13 -14 15 -16 17 -18 19 20 21 -22 23 -24 25 -26 27 28 29 30 31 -32 -33 34 -35 -36 37 -38 39 40 -41 42 43 44 -45 46 -47 48 49 50 0
uf50-0188 101483 1 -2 3 4 5 -6 -7 -8 -9 10 -11 12 -13 -14 15 -16 17 -18 19 20 21 -22 23 -24 25 -26 27 28 29 30 31 -32 -33 34 -35 -36 37 -38 39 40 -41 42 43 44 -45 46 -47 48 49 50 0
uf50-0188 92346 1 -2 3 4 5 -6 -7 -8 -9 10 -11 12 -13 -14 15 -16 17 -18 19 20 21 -22 -23 -24 25 -26 27 28 29 30 31 -32 -33 34 -35 36 37 -38 39 40 -41 42 43 44 -45 46 -47 -48 49 50 0
uf50-0188 86035 -1 -2 3 4 5 -6 -7 -8 -9 10 -11 12 -13 -14 15 -16 17 -18 19 20 21 -22 -23 -24 25 26 27 28 29 30 31 -32 -33 34 -35 36 37 -38 39 40 -41 42 43 -44 -45 46 -47 -48 49 50 0
uf50-0188 84016 1 -2 3 4 5 -6 -7 -8 -9 10 -11 12 -13 -14 15 -16 17 -18 19 20 21 -22 -23 -24 25 26 27 28 29 30 31 -32 -33 34 -35 36 37 -38 39 40 -41 42 43 -44 -45 -46 -47 -48 49 50 0
uf50-0188 88862 1 -2 3 4 5 -6 -7 -8 -9 10 -11 12 -13 -14 15 -16 17 -18 19 20 21 -22 -23 -24 25 26 27 28 29 30 -31 -32 -33 34 -35 36 37 -38 39 40 -41 42 43 -44 -45 46 -47 -48 49 50 0
uf50-0188 101483 1 -2 3 4 5 -6 -7 -8 -9 10 -11 12 -13 -14 15 -16 17 -18 19 20 21 -22 23 -24 25 -26 27 28 29 30 31 -32 -33 34 -35 -36 37 -38 39 40 -41 42 43 44 -45 46 -47 48 49 50 0
uf50-0188 101483 1 -2 3 4 5 -6 -7 -8 -9 10 -11 12 -13 -14 15 -16 17 -18 19 20 21 -22 23 -24 25 -26 27 28 29 30 31 -32 -33 34 -35 -36 37 -38 39 40 -41 42 43 44 -45 46 -47 48 49 50 0
uf50-0188 101483 1 -2 3 4 5 -6 -7 -8 -9 10 -11 12 -13 -14 15 -16 17 -18 19 20 21 -22 23 -24 25 -26 27 28 29 30 31 -32 -33 34 -35 -36 37 -38 39 40 -41 42 43 44 -45 46 -47 48 49 50 0
uf50-0188 101483 1 -2 3 4 5 -6 -7 -8 -9 10 -11 12 -13 -14 15 -16 17 -18 19 20 21 -22 23 -24 25 -26 27 28 29 30 31 -32 -33 34 -35 -36 37 -38 39 40 -41 42 43 44 -45 46 -47 48 49 50 0
uf50-0188 101483 1 -2 3 4 5 -6 -7 -8 -9 10 -11 12 -13 -14 15 -16 17 -18 19 20 21 -22 23 -24 25 -26 27 28 29 30 31 -32 -33 34 -35 -36 37 -38 39 40 -41 42 43 44 -45 46 -47 48 49 50 0
uf50-0188 101483 1 -2 3 4 5 -6 -7 -8 -9 10 -11 12 -13 -14 15 -16 17 -18 19 20 21 -22 23 -24 25 -26 27 28 29 30 31 -32 -33 34 -35 -36 37 -38 39 40 -41 42 43 44 -45 46 -47 48 49 50 0
uf50-0188 101483 1 -2 3 4 5 -6 -7 -8 -9 10 -11 12 -13 -14 15 -16 17 -18 19 20 21 -22 23 -24 25 -26 27 28 29 30 31 -32 -33 34 -35 -36 37 -38 39 40 -41 42 43 44 -45 46 -47 48 49 50 0
uf50-0188 76948 -1 -2 3 4 -5 -6 -7 -8 -9 10 -11 12 -13 -14 15 -16 17 -18 19 20 21 -22 23 -24 25 26 27 28 29 30 31 -32 -33 34 -35 36 -37 -38 39 40 41 42 43 -44 -45 -46 -47 -48 49 50 0
uf50-0188 101483 1 -2 3 4 5 -6 -7 -8 -9 10 -11 12 -13 -14 15 -16 17 -18 19 20 21 -22 23 -24 25 -26 27 28 29 30 31 -32 -33 34 -35 -36 37 -38 39 40 -41 42 43 44 -45 46 -47 48 49 50 0
uf50-0188 92346 1 -2 3 4 5 -6 -7 -8 -9 10 -11 12 -13 -14 15 -16 17 -18 19 20 21 -22 -23 -24 25 -26 27 28 29 30 31 -32 -33 34 -35 36 37 -38 39 40 -41 42 43 44 -45 46 -47 -48 49 50 0
uf50-0188 101483 1 -2 3 4 5 -6 -7 -8 -9 10 -11 12 -13 -14 15 -16 17 -18 19 20 21 -22 23 -24 25 -26 27 28 29 30 31 -32 -33 34 -35 -36 37 -38 39 40 -41 42 43 44 -45 46 -47 48 49 50 0
uf50-0188 74979 -1 -2 3 4 -5 -6 -7 -8 -9 10 -11 12 -13 -14 15 -16 17 -18 19 20 21 -22 23 -24 25 26 27 28 29 30 31 -32 -33 34 -35 36 -37 -38 39 40 41 42 -43 -44 -45 -46 -47 -48 49 50 0
uf50-0188 101483 1 -2 3 4 5 -6 -7 -8 -9 10 -11 12 -13 -14 15 -16 17 -18 19 20 21 -22 23 -24 25 -26 27 28 29 30 31 -32 -33 34 -35 -36 37 -38 39 40 -41 42 43 44 -45 46 -47 48 49 50 0
uf50-0188 76241 -1 -2 3 4 -5 -6 7 -8 -9 10 -11 12 -13 -14 15 -16 -17 -18 19 20 21 -22 -23 -24 25 26 27 28 29 30 31 32 -33 34 -35 36 -37 -38 39 40 41 42 43 -44 -45 -46 -47 48 49 50 0
uf50-0188 101483 1 -2 3 4 5 -6 -7 -8 -9 10 -11 12 -13 -14 15 -16 17 -18 19 20 21 -22 23 -24 25 -26 27 28 29 30 31 -32 -33 34 -35 -36 37 -38 39 40 -41 42 43 44 -45 46 -47 48 49 50 0
uf50-0188 101483 1 -2 3 4 5 -6 -7 -8 -9 10 -11 12 -13 -14 15 -16 17 -18 19 20 21 -22 23 -24 25 -26 27 28 29 30 31 -32 -33 34 -35 -36 37 -38 39 40 -41 42 43 44 -45 46 -47 48 49 50 0
uf50-0188 76948 -1 -2 3 4 -5 -6 -7 -8 -9 10 -11 12 -13 -14 15 -16 17 -18 19 20 21 -22 23 -24 25 26 27 28 29 30 31 -32 -33 34 -35 36 -37 -38 39 40 41 42 43 -44 -45 -46 -47 -48 49 50 0
uf50-0188 101483 1 -2 3 4 5 -6 -7 -8 -9 10 -11 12 -13 -14 15 -16 17 -18 19 20 21 -22 23 -24 25 -26 27 28 29 30 31 -32 -33 34 -35 -36 37 -38 39 40 -41 42 43 44 -45 46 -47 48 49 50 0
uf50-0188 101483 1 -2 3 4 5 -6 -7 -8 -9 10 -11 12 -13 -14 15 -16 17 -18 19 20 21 -22 23 -24 25 -26 27 28 29 30 31 -32 -33 34 -35 -36 37 -38 39 40 -41 42 43 44 -45 46 -47 48 49 50 0
uf50-0188 101483 1 -2 3 4 5 -6 -7 -8 -9 10 -11 12 -13 -14 15 -16 17 -18 19 20 21 -22 23 -24 25 -26 27 28 29 30 31 -32 -33 34 -35 -36 37 -38 39 40 -41 42 43 44 -45 46 -47 48 49 50 0
