uf50-0686 107942 1 -2 3 -4 -5 6 -7 8 9 -10 -11 -12 -13 -14 -15 16 -17 -18 -19 20 21 22 23 24 25 26 27 -28 29 30 31 -32 33 -34 35 -36 37 38 -39 40 41 42 43 44 45 -46 -47 -48 -49 -50 0
uf50-0686 107942 1 -2 3 -4 -5 6 -7 8 9 -10 -11 -12 -13 -14 -15 16 -17 -18 -19 20 21 22 23 24 25 26 27 -28 29 30 31 -32 33 -34 35 -36 37 38 -39 40 41 42 43 44 45 -46 -47 -48 -49 -50 0
uf50-0686 86834 1 -2 3 -4 -5 6 -7 8 9 10 -11 -12 13 14 15 16 -17 -18 19 -20 -21 -22 -23 -24 -25 26 27 28 -29 -30 31 -32 33 -34 35 -36 -37 38 39 40 41 42 43 -44 45 -46 -47 -48 -49 50 0
uf50-0686 107942 1 -2 3 -4 -5 6 -7 8 9 -10 -11 -12 -13 -14 -15 16 -17 -18 -19 20 21 22 23 24 25 26 27 -28 29 30 31 -32 33 -34 35 -36 37 38 -39 40 41 42 43 44 45 -46 -47 -48 -49 -50 0
uf50-0686 107942 1 -2 3 -4 -5 6 -7 8 9 -10 -11 -12 -13 -14 -15 16 -17 -18 -19 20 21 22 23 24 25 26 27 -28 29 30 31 -32 33 -34 35 -36 37 38 -39 40 41 42 43 44 45 -46 -47 -48 -49 -50 0
uf50-0686 86834 1 -2 3 -4 -5 6 -7 8 9 10 -11 -12 13 14 15 16 -17 -18 19 -20 -21 -22 -23 -24 -25 26 27 28 -29 -30 31 -32 33 -34 35 -36 -37 38 39 40 41 42 43 -44 45 -46 -47 -48 -49 50 0
uf50-0686 107942 1 -2 3 -4 -5 6 -7 8 9 -10 -11 -12 -13 -14 -15 16 -17 -18 -19 20 21 22 23 24 25 26 27 -28 29 30 31 -32 33 -34 35 -36 37 38 -39 40 41 42 43 44 45 -46 -47 -48 -49 -50 0
uf50-0686 98921 1 -2 3 -4 -5 6 -7 8 9 10 -11 -12 13 14 -15 16 -17 18 19 -20 -21 22 -23 24 -25 26 27 28 -29 -30 31 -32 33 -34 35 -36 -37 38 -39 40 41 42 43 -44 45 -46 -47 -48 -49 50 0
uf50-0686 90577 1 -2 3 -4 -5 -6 -7 8 9 -10 -11 -12 -13 -14 -15 16 -17 -18 -19 20 -21 22 23 24 25 26 27 -28 -29 30 31 -32 33 -34 35 -36 37 38 -39 40 41 42 43 44 45 -46 -47 48 -49 -50 0
uf50-0686 85756 1 -2 3 -4 -5 6 -7 8 9 10 -11 -12 13 14 15 16 -17 -18 19 -20 -21 -22 -23 24 -25 26 27 28 -29 -30 31 -32 33 -34 35 -36 -37 38 -39 40 41 42 43 -44 45 -46 -47 -48 -49 50 0
uf50-0686 107942 1 -2 3 -4 -5 6 -7 8 9 -10 -11 -12 -13 -14 -15 16 -17 -18 -19 20 21 22 23 24 25 26 27 -28 29 30 31 -32 33 -34 35 -36 37 38 -39 40 41 42 43 44 45 -46 -47 -48 -49 -50 0
uf50-0686 217 0
uf50-0686 107942 1 -2 3 -4 -5 6 -7 8 9 -10 -11 -12 -13 -14 -15 16 -17 -18 -19 20 21 22 23 24 25 26 27 -28 29 30 31 -32 33 -34 35 -36 37 38 -39 40 41 42 43 44 45 -46 -47 -48 -49 -50 0
uf50-0686 107942 1 -2 3 -4 -5 6 -7 8 9 -10 -11 -12 -13 -14 -15 16 -17 -18 -19 20 21 22 23 24 25 26 27 -28 29 30 31 -32 33 -34 35 -36 37 38 -39 40 41 42 43 44 45 -46 -47 -48 -49 -50 0
uf50-0686 98921 1 -2 3 -4 -5 6 -7 8 9 10 -11 -12 13 14 -15 16 -17 18 19 -20 -21 22 -23 24 -25 26 27 28 -29 -30 31 -32 33 -34 35 -36 -37 38 -39 40 41 42 43 -44 45 -46 -47 -48 -49 50 0
uf50-0686 107942 1 -2 3 -4 -5 6 -7 8 9 -10 -11 -12 -13 -14 -15 16 -17 -18 -19 20 21 22 23 24 25 26 27 -28 29 30 31 -32 33 -34 35 -36 37 38 -39 40 41 42 43 44 45 -46 -47 -48 -49 -50 0
uf50-0686 107942 1 -2 3 -4 -5 6 -7 8 9 -10 -11 -12 -13 -14 -15 16 -17 -18 -19 20 21 22 23 24 25 26 27 -28 29 30 31 -32 33 -34 35 -36 37 38 -39 40 41 42 43 44 45 -46 -47 -48 -49 -50 0
uf50-0686 107942 1 -2 3 -4 -5 6 -7 8 9 -10 -11 -12 -13 -14 -15 16 -17 -18 -19 20 21 22 23 24 25 26 27 -28 29 30 31 -32 33 -34 35 -36 37 38 -39 40 41 42 43 44 45 -46 -47 -48 -49 -50 0
uf50-0686 98921 1 -2 3 -4 -5 6 -7 8 9 10 -11 -12 13 14 -15 16 -17 18 19 -20 -21 22 -23 24 -25 26 27 28 -29 -30 31 -32 33 -34 35 -36 -37 38 -39 40 41 42 43 -44 45 -46 -47 -48 -49 50 0
uf50-0686 107942 1 -2 3 -4 -5 6 -7 8 9 -10 -11 -12 -13 -14 -15 16 -17 -18 -19 20 21 22 23 24 25 26 27 -28 29 30 31 -32 33 -34 35 -36 37 38 -39 40 41 42 43 44 45 -46 -47 -48 -49 -50 0
uf50-0686 86834 1 -2 3 -4 -5 6 -7 8 9 10 -11 -12 13 14 15 16 -17 -18 19 -20 -21 -22 -23 -24 -25 26 27 28 -29 -30 31 -32 33 -34 35 -36 -37 38 39 40 41 42 43 -44 45 -46 -47 -48 -49 50 0
uf50-0686 217 0
uf50-0686 217 0
uf50-0686 98921 1 -2 3 -4 -5 6 -7 8 9 10 -11 -12 13 14 -15 16 -17 18 19 -20 -21 22 -23 24 -25 26 27 28 -29 -30 31 -32 33 -34 35 -36 -37 38 -39 40 41 42 43 -44 45 -46 -47 -48 -49 50 0
uf50-0686 31335 -1 -2 3 -4 -5 -6 -7 8 9 -10 -11 -12 13 -14 15 16 -17 -18 -19 -20 -21 -22 23 -24 -25 26 27 -28 29 -30 -31 -32 33 34 35 -36 -37 38 -39 -40 41 -42 43 -44 45 -46 47 48 -49 -50 0
uf50-0686 217 0
uf50-0686 90293 1 -2 3 -4 -5 -6 -7 8 9 -10 -11 -12 -13 -14 -15 -16 -17 -18 -19 20 -21 22 23 24 25 26 27 -28 -29 30 31 -32 33 -34 35 -36 37 38 -39 40 41 42 43 44 45 -46 -47 48 -49 -50 0
uf50-0686 86834 1 -2 3 -4 -5 6 -7 8 9 10 -11 -12 13 14 15 16 -17 -18 19 -20 -21 -22 -23 -24 -25 26 27 28 -29 -30 31 -32 33 -34 35 -36 -37 38 39 40 41 42 43 -44 45 -46 -47 -48 -49 50 0
uf50-0686 86834 1 -2 3 -4 -5 6 -7 8 9 10 -11 -12 13 14 15 16 -17 -18 19 -20 -21 -22 -23 -24 -25 26 27 28 -29 -30 31 -32 33 -34 35 -36 -37 38 39 40 41 42 43 -44 45 -46 -47 -48 -49 50 0
uf50-0686 217 0
uf50-0686 86834 1 -2 3 -4 -5 6 -7 8 9 10 -11 -12 13 14 15 16 -17 -18 19 -20 -21 -22 -23 -24 -25 26 27 28 -29 -30 31 -32 33 -34 35 -36 -37 38 39 40 41 42 43 -44 45 -46 -47 -48 -49 50 0
uf50-0686 98921 1 -2 3 -4 -5 6 -7 8 9 10 -11 -12 13 14 -15 16 -17 18 19 -20 -21 22 -23 24 -25 26 27 28 -29 -30 31 -32 33 -34 35 -36 -37 38 -39 40 41 42 43 -44 45 -46 -47 -48 -49 50 0
uf50-0686 107942 1 -2 3 -4 -5 6 -7 8 9 -10 -11 -12 -13 -14 -15 16 -17 -18 -19 20 21 22 23 24 25 26 27 -28 29 30 31 -32 33 -34 35 -36 37 38 -39 40 41 42 43 44 45 -46 -47 -48 -49 -50 0
uf50-0686 98921 1 -2 3 -4 -5 6 -7 8 9 10 -11 -12 13 14 -15 16 -17 18 19 -20 -21 22 -23 24 -25 26 27 28 -29 -30 31 -32 33 -34 35 -36 -37 38 -39 40 41 42 43 -44 45 -46 -47 -48 -49 50 0
uf50-0686 107942 1 -2 3 -4 -5 6 -7 8 9 -10 -11 -12 -13 -14 -15 16 -17 -18 -19 20 21 22 23 24 25 26 27 -28 29 30 31 -32 33 -34 35 -36 37 38 -39 40 41 42 43 44 45 -46 -47 -48 -49 -50 0
uf50-0686 107942 1 -2 3 -4 -5 6 -7 8 9 -10 -11 -12 -13 -14 -15 16 -17 -18 -19 20 21 22 23 24 25 26 27 -28 29 30 31 -32 33 -34 35 -36 37 38 -39 40 41 42 43 44 45 -46 -47 -48 -49 -50 0
uf50-0686 86834 1 -2 3 -4 -5 6 -7 8 9 10 -11 -12 13 14 15 16 -17 -18 19 -20 -21 -22 -23 -24 -25 26 27 28 -29 -30 31 -32 33 -34 35 -36 -37 38 39 40 41 42 43 -44 45 -46 -47 -48 -49 50 0
uf50-0686 107942 1 -2 3 -4 -5 6 -7 8 9 -10 -11 -12 -13 -14 -15 16 -17 -18 -19 20 21 22 23 24 25 26 27 -28 29 30 31 -32 33 -34 35 -36 37 38 -39 40 41 42 43 44 45 -46 -47 -48 -49 -50 0
uf50-0686 98921 1 -2 3 -4 -5 6 -7 8 9 10 -11 -12 13 14 -15 16 -17 18 19 -20 -21 22 -23 24 -25 26 27 28 -29 -30 31 -32 33 -34 35 -36 -37 38 -39 40 41 42 43 -44 45 -46 -47 -48 -49 50 0
uf50-0686 217 0
uf50-0686 217 0
uf50-0686 217 0
uf50-0686 107942 1 -2 3 -4 -5 6 -7 8 9 -10 -11 -12 -13 -14 -15 16 -17 -18 -19 20 21 22 23 24 25 26 27 -28 29 30 31 -32 33 -34 35 -36 37 38 -39 40 41 42 43 44 45 -46 -47 -48 -49 -50 0
uf50-0686 98921 1 -2 3 -4 -5 6 -7 8 9 10 -11 -12 13 14 -15 16 -17 18 19 -20 -21 22 -23 24 -25 26 27 28 -29 -30 31 -32 33 -34 35 -36 -37 38 -39 40 41 42 43 -44 45 -46 -47 -48 -49 50 0
uf50-0686 107942 1 -2 3 -4 -5 6 -7 8 9 -10 -11 -12 -13 -14 -15 16 -17 -18 -19 20 21 22 23 24 25 26 27 -28 29 30 31 -32 33 -34 35 -36 37 38 -39 40 41 42 43 44 45 -46 -47 -48 -49 -50 0
uf50-0686 107942 1 -2 3 -4 -5 6 -7 8 9 -10 -11 -12 -13 -14 -15 16 -17 -18 -19 20 21 22 23 24 25 26 27 -28 29 30 31 -32 33 -34 35 -36 37 38 -39 40 41 42 43 44 45 -46 -47 -48 -49 -50 0
uf50-0686 103175 1 -2 3 -4 -5 -6 -7 8 9 -10 -11 -12 -13 -14 -15 16 -17 -18 -19 20 21 22 23 24 25 26 27 -28 29 30 31 -32 33 -34 35 -36 37 38 -39 40 41 42 43 44 45 -46 -47 48 -49 -50 0
uf50-0686 107942 1 -2 3 -4 -5 6 -7 8 9 -10 -11 -12 -13 -14 -15 16 -17 -18 -19 20 21 22 23 24 25 26 27 -28 29 30 31 -32 33 -34 35 -36 37 38 -39 40 41 42 43 44 45 -46 -47 -48 -49 -50 0
uf50-0686 86834 1 -2 3 -4 -5 6 -7 8 9 10 -11 -12 13 14 15 16 -17 -18 19 -20 -21 -22 -23 -24 -25 26 27 28 -29 -30 31 -32 33 -34 35 -36 -37 38 39 40 41 42 43 -44 45 -46 -47 -48 -49 50 0
uf50-0686 98921 1 -2 3 -4 -5 6 -7 8 9 10 -11 -12 13 14 -15 16 -17 18 19 -20 -21 22 -23 24 -25 26 27 28 -29 -30 31 -32 33 -34 35 -36 -37 38 -39 40 41 42 43 -44 45 -46 -47 -48 -49 50 0
uf50-0686 217 0
uf50-0686 85756 1 -2 3 -4 -5 6 -7 8 9 10 -11 -12 13 14 15 16 -17 -18 19 -20 -21 -22 -23 24 -25 26 27 28 -29 -30 31 -32 33 -34 35 -36 -37 38 -39 40 41 42 43 -44 45 -46 -47 -48 -49 50 0
uf50-0686 98921 1 -2 3 -4 -5 6 -7 8 9 10 -11 -12 13 14 -15 16 -17 18 19 -20 -21 22 -23 24 -25 26 27 28 -29 -30 31 -32 33 -34 35 -36 -37 38 -39 40 41 42 43 -44 45 -46 -47 -48 -49 50 0
uf50-0686 85756 1 -2 3 -4 -5 6 -7 8 9 10 -11 -12 13 14 15 16 -17 -18 19 -20 -21 -22 -23 24 -25 26 27 28 -29 -30 31 -32 33 -34 35 -36 -37 38 -39 40 41 42 43 -44 45 -46 -47 -48 -49 50 0
uf50-0686 107942 1 -2 3 -4 -5 6 -7 8 9 -10 -11 -12 -13 -14 -15 16 -17 -18 -19 20 21 22 23 24 25 26 27 -28 29 30 31 -32 33 -34 35 -36 37 38 -39 40 41 42 43 44 45 -46 -47 -48 -49 -50 0
uf50-0686 103175 1 -2 3 -4 -5 -6 -7 8 9 -10 -11 -12 -13 -14 -15 16 -17 -18 -19 20 21 22 23 24 25 26 27 -28 29 30 31 -32 33 -34 35 -36 37 38 -39 40 41 42 43 44 45 -46 -47 48 -49 -50 0
uf50-0686 98921 1 -2 3 -4 -5 6 -7 8 9 10 -11 -12 13 14 -15 16 -17 18 19 -20 -21 22 -23 24 -25 26 27 28 -29 -30 31 -32 33 -34 35 -36 -37 38 -39 40 41 42 43 -44 45 -46 -47 -48 -49 50 0
uf50-0686 107942 1 -2 3 -4 -5 6 -7 8 9 -10 -11 -12 -13 -14 -15 16 -17 -18 -19 20 21 22 23 24 25 26 27 -28 29 30 31 -32 33 -34 35 -36 37 38 -39 40 41 42 43 44 45 -46 -47 -48 -49 -50 0
uf50-0686 103175 1 -2 3 -4 -5 -6 -7 8 9 -10 -11 -12 -13 -14 -15 16 -17 -18 -19 20 21 22 23 24 25 26 27 -28 29 30 31 -32 33 -34 35 -36 37 38 -39 40 41 42 43 44 45 -46 -47 48 -49 -50 0
uf50-0686 107942 1 -2 3 -4 -5 6 -7 8 9 -10 -11 -12 -13 -14 -15 16 -17 -18 -19 20 21 22 23 24 25 26 27 -28 29 30 31 -32 33 -34 35 -36 37 38 -39 40 41 42 43 44 45 -46 -47 -48 -49 -50 0
uf50-0686 107942 1 -2 3 -4 -5 6 -7 8 9 -10 -11 -12 -13 -14 -15 16 -17 -18 -19 20 21 22 23 24 25 26 27 -28 29 30 31 -32 33 -34 35 -36 37 38 -39 40 41 42 43 44 45 -46 -47 -48 -49 -50 0
uf50-0686 98921 1 -2 3 -4 -5 6 -7 8 9 10 -11 -12 13 14 -15 16 -17 18 19 -20 -21 22 -23 24 -25 26 27 28 -29 -30 31 -32 33 -34 35 -36 -37 38 -39 40 41 42 43 -44 45 -46 -47 -48 -49 50 0
uf50-0686 107942 1 -2 3 -4 -5 6 -7 8 9 -10 -11 -12 -13 -14 -15 16 -17 -18 -19 20 21 22 23 24 25 26 27 -28 29 30 31 -32 33 -34 35 -36 37 38 -39 40 41 42 43 44 45 -46 -47 -48 -49 -50 0
uf50-0686 86834 1 -2 3 -4 -5 6 -7 8 9 10 -11 -12 13 14 15 16 -17 -18 19 -20 -21 -22 -23 -24 -25 26 27 28 -29 -30 31 -32 33 -34 35 -36 -37 38 39 40 41 42 43 -44 45 -46 -47 -48 -49 50 0
uf50-0686 217 0
uf50-0686 107942 1 -2 3 -4 -5 6 -7 8 9 -10 -11 -12 -13 -14 -15 16 -17 -18 -19 20 21 22 23 24 25 26 27 -28 29 30 31 -32 33 -34 35 -36 37 38 -39 40 41 42 43 44 45 -46 -47 -48 -49 -50 0
uf50-0686 85756 1 -2 3 -4 -5 6 -7 8 9 10 -11 -12 13 14 15 16 -17 -18 19 -20 -21 -22 -23 24 -25 26 27 28 -29 -30 31 -32 33 -34 35 -36 -37 38 -39 40 41 42 43 -44 45 -46 -47 -48 -49 50 0
uf50-0686 107942 1 -2 3 -4 -5 6 -7 8 9 -10 -11 -12 -13 -14 -15 16 -17 -18 -19 20 21 22 23 24 25 26 27 -28 29 30 31 -32 33 -34 35 -36 37 38 -39 40 41 42 43 44 45 -46 -47 -48 -49 -50 0
uf50-0686 217 0
uf50-0686 85756 1 -2 3 -4 -5 6 -7 8 9 10 -11 -12 13 14 15 16 -17 -18 19 -20 -21 -22 -23 24 -25 26 27 28 -29 -30 31 -32 33 -34 35 -36 -37 38 -39 40 41 42 43 -44 45 -46 -47 -48 -49 50 0
uf50-0686 107942 1 -2 3 -4 -5 6 -7 8 9 -10 -11 -12 -13 -14 -15 16 -17 -18 -19 20 21 22 23 24 25 26 27 -28 29 30 31 -32 33 -34 35 -36 37 38 -39 40 41 42 43 44 45 -46 -47 -48 -49 -50 0
uf50-0686 107942 1 -2 3 -4 -5 6 -7 8 9 -10 -11 -12 -13 -14 -15 16 -17 -18 -19 20 21 22 23 24 25 26 27 -28 29 30 31 -32 33 -34 35 -36 37 38 -39 40 41 42 43 44 45 -46 -47 -48 -49 -50 0
uf50-0686 107942 1 -2 3 -4 -5 6 -7 8 9 -10 -11 -12 -13 -14 -15 16 -17 -18 -19 20 21 22 23 24 25 26 27 -28 29 30 31 -32 33 -34 35 -36 37 38 -39 40 41 42 43 44 45 -46 -47 -48 -49 -50 0
uf50-0686 107942 1 -2 3 -4 -5 6 -7 8 9 -10 -11 -12 -13 -14 -15 16 -17 -18 -19 20 21 22 23 24 25 26 27 -28 29 30 31 -32 33 -34 35 -36 37 38 -39 40 41 42 43 44 45 -46 -47 -48 -49 -50 0
uf50-0686 217 0
uf50-0686 86834 1 -2 3 -4 -5 6 -7 8 9 10 -11 -12 13 14 15 16 -17 -18 19 -20 -21 -22 -23 -24 -25 26 27 28 -29 -30 31 -32 33 -34 35 -36 -37 38 39 40 41 42 43 -44 45 -46 -47 -48 -49 50 0
uf50-0686 86834 1 -2 3 -4 -5 6 -7 8 9 10 -11 -12 13 14 15 16 -17 -18 19 -20 -21 -22 -23 -24 -25 26 27 28 -29 -30 31 -32 33 -34 35 -36 -37 38 39 40 41 42 43 -44 45 -46 -47 -48 -49 50 0
uf50-0686 217 0
uf50-0686 107942 1 -2 3 -4 -5 6 -7 8 9 -10 -11 -12 -13 -14 -15 16 -17 -18 -19 20 21 22 23 24 25 26 27 -28 29 30 31 -32 33 -34 35 -36 37 38 -39 40 41 42 43 44 45 -46 -47 -48 -49 -50 0
uf50-0686 107942 1 -2 3 -4 -5 6 -7 8 9 -10 -11 -12 -13 -14 -15 16 -17 -18 -19 20 21 22 23 24 25 26 27 -28 29 30 31 -32 33 -34 35 -36 37 38 -39 40 41 42 43 44 45 -46 -47 -48 -49 -50 0
uf50-0686 217 0
uf50-0686 107942 1 -2 3 -4 -5 6 -7 8 9 -10 -11 -12 -13 -14 -15 16 -17 -18 -19 20 21 22 23 24 25 26 27 -28 29 30 31 -32 33 -34 35 -36 37 38 -39 40 41 42 43 44 45 -46 -47 -48 -49 -50 0
uf50-0686 107942 1 -2 3 -4 -5 6 -7 8 9 -10 -11 -12 -13 -14 -15 16 -17 -18 -19 20 21 22 23 24 25 26 27 -28 29 30 31 -32 33 -34 35 -36 37 38 -39 40 41 42 43 44 45 -46 -47 -48 -49 -50 0
uf50-0686 98921 1 -2 3 -4 -5 6 -7 8 9 10 -11 -12 13 14 -15 16 -17 18 19 -20 -21 22 -23 24 -25 26 27 28 -29 -30 31 -32 33 -34 35 -36 -37 38 -39 40 41 42 43 -44 45 -46 -47 -48 -49 50 0
uf50-0686 107942 1 -2 3 -4 -5 6 -7 8 9 -10 -11 -12 -13 -14 -15 16 -17 -18 -19 20 21 22 23 24 25 26 27 -28 29 30 31 -32 33 -34 35 -36 37 38 -39 40 41 42 43 44 45 -46 -47 -48 -49 -50 0
uf50-0686 107942 1 -2 3 -4 -5 6 -7 8 9 -10 -11 -12 -13 -14 -15 16 -17 -18 -19 20 21 22 23 24 25 26 27 -28 29 30 31 -32 33 -34 35 -36 37 38 -39 40 41 42 43 44 45 -46 -47 -48 -49 -50 0
uf50-0686 107942 1 -2 3 -4 -5 6 -7 8 9 -10 -11 -12 -13 -14 -15 16 -17 -18 -19 20 21 22 23 24 25 26 27 -28 29 30 31 -32 33 -34 35 -36 37 38 -39 40 41 42 43 44 45 -46 -47 -48 -49 -50 0
uf50-0686 217 0
uf50-0686 98921 1 -2 3 -4 -5 6 -7 8 9 10 -11 -12 13 14 -15 16 -17 18 19 -20 -21 22 -23 24 -25 26 27 28 -29 -30 31 -32 33 -34 35 -36 -37 38 -39 40 41 42 43 -44 45 -46 -47 -48 -49 50 0
uf50-0686 86834 1 -2 3 -4 -5 6 -7 8 9 10 -11 -12 13 14 15 16 -17 -18 19 -20 -21 -22 -23 -24 -25 26 27 28 -29 -30 31 -32 33 -34 35 -36 -37 38 39 40 41 42 43 -44 45 -46 -47 -48 -49 50 0
uf50-0686 107942 1 -2 3 -4 -5 6 -7 8 9 -10 -11 -12 -13 -14 -15 16 -17 -18 -19 20 21 22 23 24 25 26 27 -28 29 30 31 -32 33 -34 35 -36 37 38 -39 40 41 42 43 44 45 -46 -47 -48 -49 -50 0
uf50-0686 86834 1 -2 3 -4 -5 6 -7 8 9 10 -11 -12 13 14 15 16 -17 -18 19 -20 -21 -22 -23 -24 -25 26 27 28 -29 -30 31 -32 33 -34 35 -36 -37 38 39 40 41 42 43 -44 45 -46 -47 -48 -49 50 0
uf50-0686 107942 1 -2 3 -4 -5 6 -7 8 9 -10 -11 -12 -13 -14 -15 16 -17 -18 -19 20 21 22 23 24 25 26 27 -28 29 30 31 -32 33 -34 35 -36 37 38 -39 40 41 42 43 44 45 -46 -47 -48 -49 -50 0
uf50-0686 107942 1 -2 3 -4 -5 6 -7 8 9 -10 -11 -12 -13 -14 -15 16 -17 -18 -19 20 21 22 23 24 25 26 27 -28 29 30 31 -32 33 -34 35 -36 37 38 -39 40 41 42 43 44 45 -46 -47 -48 -49 -50 0
uf50-0686 107942 1 -2 3 -4 -5 6 -7 8 9 -10 -11 -12 -13 -14 -15 16 -17 -18 -19 20 21 22 23 24 25 26 27 -28 29 30 31 -32 33 -34 35 -36 37 38 -39 40 41 42 43 44 45 -46 -47 -48 -49 -50 0
uf50-0686 95060 1 -2 3 -4 -5 6 -7 8 9 -10 -11 -12 -13 -14 -15 -16 -17 -18 -19 20 -21 22 23 24 25 26 27 -28 -29 30 31 -32 33 -34 35 -36 37 38 -39 40 41 42 43 44 45 -46 -47 -48 -49 -50 0
uf50-0686 217 0
uf50-0686 217 0
uf50-0686 86834 1 -2 3 -4 -5 6 -7 8 9 10 -11 -12 13 14 15 16 -17 -18 19 -20 -21 -22 -23 -24 -25 26 27 28 -29 -30 31 -32 33 -34 35 -36 -37 38 39 40 41 42 43 -44 45 -46 -47 -48 -49 50 0
uf50-0686 103175 1 -2 3 -4 -5 -6 -7 8 9 -10 -11 -12 -13 -14 -15 16 -17 -18 -19 20 21 22 23 24 25 26 27 -28 29 30 31 -32 33 -34 35 -36 37 38 -39 40 41 42 43 44 45 -46 -47 48 -49 -50 0
