uf20-0180 4486 1 2 3 4 -5 -6 7 8 -9 10 11 12 13 -14 15 16 -17 18 19 -20 0
uf20-0180 4608 1 2 3 4 -5 6 7 8 -9 -10 11 12 13 -14 15 16 -17 18 19 -20 0
uf20-0180 4483 1 2 -3 4 -5 6 7 8 -9 10 11 12 13 -14 15 16 -17 18 19 -20 0
uf20-0180 4709 1 2 3 4 -5 6 7 8 -9 -10 11 12 13 -14 15 16 -17 18 19 20 0
uf20-0180 4671 1 2 3 4 -5 6 7 8 -9 10 11 12 13 -14 15 16 -17 18 -19 20 0
uf20-0180 4486 1 2 3 -4 -5 6 7 8 -9 10 11 12 13 -14 15 16 -17 18 19 -20 0
uf20-0180 4776 1 2 3 4 -5 6 7 8 -9 10 11 12 13 -14 15 16 -17 18 19 -20 0
uf20-0180 4538 1 2 3 4 -5 6 7 8 -9 10 -11 12 13 -14 15 16 -17 18 19 -20 0
uf20-0180 4709 1 2 3 4 -5 6 7 8 -9 -10 11 12 13 -14 15 16 -17 18 19 20 0
uf20-0180 4776 1 2 3 4 -5 6 7 8 -9 10 11 12 13 -14 15 16 -17 18 19 -20 0
uf20-0180 4776 1 2 3 4 -5 6 7 8 -9 10 11 12 13 -14 15 16 -17 18 19 -20 0
uf20-0180 4486 1 2 3 -4 -5 6 7 8 -9 10 11 12 13 -14 15 16 -17 18 19 -20 0
uf20-0180 4517 1 2 3 4 -5 6 7 8 -9 10 11 12 13 -14 15 -16 -17 18 19 -20 0
uf20-0180 4503 1 2 3 4 -5 6 7 8 -9 -10 11 12 13 -14 15 16 -17 18 -19 20 0
uf20-0180 4486 1 2 3 -4 -5 6 7 8 -9 10 11 12 13 -14 15 16 -17 18 19 -20 0
uf20-0180 4608 1 2 3 4 -5 6 7 8 -9 -10 11 12 13 -14 15 16 -17 18 19 -20 0
uf20-0180 4709 1 2 3 4 -5 6 7 8 -9 -10 11 12 13 -14 15 16 -17 18 19 20 0
uf20-0180 4709 1 2 3 4 -5 6 7 8 -9 -10 11 12 13 -14 15 16 -17 18 19 20 0
uf20-0180 4370 1 2 3 4 -5 6 7 8 -9 -10 -11 12 13 -14 15 16 -17 18 19 -20 0
uf20-0180 4671 1 2 3 4 -5 6 7 8 -9 10 11 12 13 -14 15 16 -17 18 -19 20 0
uf20-0180 4776 1 2 3 4 -5 6 7 8 -9 10 11 12 13 -14 15 16 -17 18 19 -20 0
uf20-0180 4776 1 2 3 4 -5 6 7 8 -9 10 11 12 13 -14 15 16 -17 18 19 -20 0
uf20-0180 4547 1 2 3 4 -5 6 7 8 -9 10 11 12 13 -14 15 16 -17 -18 19 -20 0
uf20-0180 4776 1 2 3 4 -5 6 7 8 -9 10 11 12 13 -14 15 16 -17 18 19 -20 0
uf20-0180 4671 1 2 3 4 -5 6 7 8 -9 10 11 12 13 -14 15 16 -17 18 -19 20 0
uf20-0180 4442 1 2 3 4 -5 6 7 8 -9 10 11 12 13 -14 15 16 -17 -18 -19 20 0
uf20-0180 4709 1 2 3 4 -5 6 7 8 -9 -10 11 12 13 -14 15 16 -17 18 19 20 0
uf20-0180 4776 1 2 3 4 -5 6 7 8 -9 10 11 12 13 -14 15 16 -17 18 19 -20 0
uf20-0180 4517 1 2 3 4 -5 6 7 8 -9 10 11 12 13 -14 15 -16 -17 18 19 -20 0
uf20-0180 4608 1 2 3 4 -5 6 7 8 -9 -10 11 12 13 -14 15 16 -17 18 19 -20 0
uf20-0180 4480 1 2 3 4 -5 6 7 8 -9 10 11 12 13 -14 15 16 17 -18 -19 20 0
uf20-0180 4709 1 2 3 4 -5 6 7 8 -9 -10 11 12 13 -14 15 16 -17 18 19 20 0
uf20-0180 4608 1 2 3 4 -5 6 7 8 -9 -10 11 12 13 -14 15 16 -17 18 19 -20 0
uf20-0180 4486 1 2 3 4 -5 -6 7 8 -9 10 11 12 13 -14 15 16 -17 18 19 -20 0
uf20-0180 4671 1 2 3 4 -5 6 7 8 -9 10 11 12 13 -14 15 16 -17 18 -19 20 0
uf20-0180 4776 1 2 3 4 -5 6 7 8 -9 10 11 12 13 -14 15 16 -17 18 19 -20 0
uf20-0180 4671 1 2 3 4 -5 6 7 8 -9 10 11 12 13 -14 15 16 -17 18 -19 20 0
uf20-0180 4671 1 2 3 4 -5 6 7 8 -9 10 11 12 13 -14 15 16 -17 18 -19 20 0
uf20-0180 4671 1 2 3 4 -5 6 7 8 -9 10 11 12 13 -14 15 16 -17 18 -19 20 0
uf20-0180 4671 1 2 3 4 -5 6 7 8 -9 10 11 12 13 -14 15 16 -17 18 -19 20 0
uf20-0180 4547 1 2 3 4 -5 6 7 8 -9 10 11 12 13 -14 15 16 -17 -18 19 -20 0
uf20-0180 4608 1 2 3 4 -5 6 7 8 -9 -10 11 12 13 -14 15 16 -17 18 19 -20 0
uf20-0180 4671 1 2 3 4 -5 6 7 8 -9 10 11 12 13 -14 15 16 -17 18 -19 20 0
uf20-0180 4671 1 2 3 4 -5 6 7 8 -9 10 11 12 13 -14 15 16 -17 18 -19 20 0
uf20-0180 4671 1 2 3 4 -5 6 7 8 -9 10 11 12 13 -14 15 16 -17 18 -19 20 0
uf20-0180 4538 1 2 3 4 -5 6 7 8 -9 10 -11 12 13 -14 15 16 -17 18 19 -20 0
uf20-0180 4503 1 2 3 4 -5 6 7 8 -9 -10 11 12 13 -14 15 16 -17 18 -19 20 0
uf20-0180 4671 1 2 3 4 -5 6 7 8 -9 10 11 12 13 -14 15 16 -17 18 -19 20 0
uf20-0180 4517 1 2 3 4 -5 6 7 8 -9 10 11 12 13 -14 15 -16 -17 18 19 -20 0
uf20-0180 4671 1 2 3 4 -5 6 7 8 -9 10 11 12 13 -14 15 16 -17 18 -19 20 0
uf20-058 4054 1 2 3 -4 5 -6 7 -8 9 10 11 -12 13 14 -15 -16 17 18 19 20 0
uf20-058 4358 1 2 3 -4 5 -6 7 -8 9 10 11 12 13 14 -15 -16 17 18 19 20 0
uf20-058 4358 1 2 3 -4 5 -6 7 -8 9 10 11 12 13 14 -15 -16 17 18 19 20 0
uf20-058 4150 1 2 3 -4 5 -6 7 -8 9 10 11 12 13 14 -15 -16 17 18 -19 20 0
uf20-058 4358 1 2 3 -4 5 -6 7 -8 9 10 11 12 13 14 -15 -16 17 18 19 20 0
uf20-058 4123 1 2 -3 -4 5 -6 7 -8 9 10 11 12 13 14 -15 -16 17 18 19 20 0
uf20-058 3931 1 2 -3 -4 5 -6 -7 -8 9 10 11 12 13 14 15 -16 17 18 19 20 0
uf20-058 3995 1 2 3 -4 -5 -6 7 -8 9 10 11 12 13 14 -15 -16 17 18 -19 20 0
uf20-058 4203 1 2 3 -4 -5 -6 7 -8 9 10 11 12 13 14 -15 -16 17 18 19 20 0
uf20-058 4162 1 2 3 4 5 -6 7 -8 9 10 -11 12 13 14 -15 -16 17 18 19 20 0
uf20-058 4148 1 2 -3 -4 5 -6 7 -8 9 10 11 12 13 14 15 -16 17 18 19 20 0
uf20-058 4358 1 2 3 -4 5 -6 7 -8 9 10 11 12 13 14 -15 -16 17 18 19 20 0
uf20-058 4062 1 2 3 -4 -5 -6 7 -8 9 10 -11 12 13 14 -15 16 17 18 19 20 0
uf20-058 4358 1 2 3 -4 5 -6 7 -8 9 10 11 12 13 14 -15 -16 17 18 19 20 0
uf20-058 4358 1 2 3 -4 5 -6 7 -8 9 10 11 12 13 14 -15 -16 17 18 19 20 0
uf20-058 3999 1 2 3 -4 5 -6 -7 8 9 10 -11 12 13 14 -15 -16 17 18 19 20 0
uf20-058 3940 1 2 -3 -4 5 -6 7 -8 9 10 11 12 13 14 15 -16 17 18 -19 20 0
uf20-058 4358 1 2 3 -4 5 -6 7 -8 9 10 11 12 13 14 -15 -16 17 18 19 20 0
uf20-058 4358 1 2 3 -4 5 -6 7 -8 9 10 11 12 13 14 -15 -16 17 18 19 20 0
uf20-058 4055 1 2 3 -4 -5 -6 -7 8 9 10 11 12 13 14 -15 -16 17 18 19 20 0
uf20-058 4203 1 2 3 -4 -5 -6 7 -8 9 10 11 12 13 14 -15 -16 17 18 19 20 0
uf20-058 4358 1 2 3 -4 5 -6 7 -8 9 10 11 12 13 14 -15 -16 17 18 19 20 0
uf20-058 4358 1 2 3 -4 5 -6 7 -8 9 10 11 12 13 14 -15 -16 17 18 19 20 0
uf20-058 4150 1 2 3 -4 5 -6 7 -8 9 10 11 12 13 14 -15 -16 17 18 -19 20 0
uf20-058 4062 1 2 3 -4 -5 -6 7 -8 9 10 -11 12 13 14 -15 16 17 18 19 20 0
uf20-058 4203 1 2 3 -4 -5 -6 7 -8 9 10 11 12 13 14 -15 -16 17 18 19 20 0
uf20-058 4055 1 2 3 -4 -5 -6 -7 8 9 10 11 12 13 14 -15 -16 17 18 19 20 0
uf20-058 4162 1 2 3 4 5 -6 7 -8 9 10 -11 12 13 14 -15 -16 17 18 19 20 0
uf20-058 4055 1 2 3 -4 -5 -6 -7 8 9 10 11 12 13 14 -15 -16 17 18 19 20 0
uf20-058 4210 1 2 3 -4 5 -6 -7 8 9 10 11 12 13 14 -15 -16 17 18 19 20 0
uf20-058 4162 1 2 3 4 5 -6 7 -8 9 10 -11 12 13 14 -15 -16 17 18 19 20 0
uf20-058 4148 1 2 -3 -4 5 -6 7 -8 9 10 11 12 13 14 15 -16 17 18 19 20 0
uf20-058 4358 1 2 3 -4 5 -6 7 -8 9 10 11 12 13 14 -15 -16 17 18 19 20 0
uf20-058 4150 1 2 3 -4 5 -6 7 -8 9 10 11 12 13 14 -15 -16 17 18 -19 20 0
uf20-058 4358 1 2 3 -4 5 -6 7 -8 9 10 11 12 13 14 -15 -16 17 18 19 20 0
uf20-058 4358 1 2 3 -4 5 -6 7 -8 9 10 11 12 13 14 -15 -16 17 18 19 20 0
uf20-058 4210 1 2 3 -4 5 -6 -7 8 9 10 11 12 13 14 -15 -16 17 18 19 20 0
uf20-058 4203 1 2 3 -4 -5 -6 7 -8 9 10 11 12 13 14 -15 -16 17 18 19 20 0
uf20-058 3999 1 2 3 -4 5 -6 -7 8 9 10 -11 12 13 14 -15 -16 17 18 19 20 0
uf20-058 4150 1 2 3 -4 5 -6 7 -8 9 10 11 12 13 14 -15 -16 17 18 -19 20 0
uf20-058 4210 1 2 3 -4 5 -6 -7 8 9 10 11 12 13 14 -15 -16 17 18 19 20 0
uf20-058 4002 1 2 3 -4 5 -6 -7 8 9 10 11 12 13 14 -15 -16 17 18 -19 20 0
uf20-058 4141 1 2 3 -4 5 -6 -7 -8 9 10 11 12 13 14 -15 -16 17 18 19 20 0
uf20-058 4141 1 2 3 -4 5 -6 -7 -8 9 10 11 12 13 14 -15 -16 17 18 19 20 0
uf20-058 4210 1 2 3 -4 5 -6 -7 8 9 10 11 12 13 14 -15 -16 17 18 19 20 0
uf20-058 4203 1 2 3 -4 -5 -6 7 -8 9 10 11 12 13 14 -15 -16 17 18 19 20 0
uf20-058 4147 1 2 3 -4 5 -6 7 -8 9 10 -11 12 13 14 -15 -16 17 18 19 20 0
uf20-058 4210 1 2 3 -4 5 -6 -7 8 9 10 11 12 13 14 -15 -16 17 18 19 20 0
uf20-058 4203 1 2 3 -4 -5 -6 7 -8 9 10 11 12 13 14 -15 -16 17 18 19 20 0
uf20-058 4162 1 2 3 4 5 -6 7 -8 9 10 -11 12 13 14 -15 -16 17 18 19 20 0
uf20-0796 3610 -1 -2 3 -4 5 6 7 8 9 10 11 12 -13 -14 -15 -16 17 18 19 -20 0
uf20-0796 3453 1 -2 3 -4 5 6 -7 8 9 -10 11 12 -13 -14 -15 -16 17 18 19 20 0
uf20-0796 3540 1 -2 3 4 5 6 7 8 -9 10 11 12 -13 -14 -15 -16 17 18 19 -20 0
uf20-0796 3691 1 -2 3 -4 5 6 7 8 -9 10 11 12 -13 -14 -15 -16 17 18 19 20 0
uf20-0796 3555 -1 -2 3 -4 5 6 7 8 -9 10 11 12 -13 -14 -15 -16 17 18 19 20 0
uf20-0796 3746 1 -2 3 -4 5 6 7 8 9 10 11 12 -13 -14 -15 -16 17 18 19 -20 0
uf20-0796 3540 1 -2 3 4 5 6 7 8 -9 10 11 12 -13 -14 -15 -16 17 18 19 -20 0
uf20-0796 3732 1 -2 3 -4 5 6 7 8 9 -10 11 12 -13 -14 -15 -16 17 18 19 20 0
uf20-0796 3601 -1 -2 3 -4 -5 6 7 8 9 10 11 12 -13 -14 -15 -16 17 18 19 20 0
uf20-0796 3601 -1 -2 3 -4 -5 6 7 8 9 10 11 12 -13 -14 -15 -16 17 18 19 20 0
uf20-0796 3537 1 -2 3 -4 5 6 7 8 9 10 -11 12 -13 -14 -15 -16 17 18 19 -20 0
uf20-0796 3671 1 -2 3 -4 5 6 -7 8 9 10 11 12 -13 -14 -15 -16 17 18 19 20 0
uf20-0796 3746 1 -2 3 -4 5 6 7 8 9 10 11 12 -13 -14 -15 -16 17 18 19 -20 0
uf20-0796 3737 1 -2 3 -4 -5 6 7 8 9 10 11 12 -13 -14 -15 -16 17 18 19 20 0
uf20-0796 3746 1 -2 3 -4 5 6 7 8 9 10 11 12 -13 -14 -15 -16 17 18 19 -20 0
uf20-0796 3814 -1 -2 3 -4 5 6 7 8 9 10 11 12 -13 -14 -15 -16 17 18 19 20 0
uf20-0796 3732 1 -2 3 -4 5 6 7 8 9 -10 11 12 -13 -14 -15 -16 17 18 19 20 0
uf20-0796 3741 1 -2 3 -4 5 6 7 8 9 10 -11 12 -13 -14 -15 -16 17 18 19 20 0
uf20-0796 3543 1 -2 3 -4 5 6 7 8 9 10 -11 12 -13 -14 15 -16 17 18 19 -20 0
uf20-0796 3610 -1 -2 3 -4 5 6 7 8 9 10 11 12 -13 -14 -15 -16 17 18 19 -20 0
uf20-0796 3950 1 -2 3 -4 5 6 7 8 9 10 11 12 -13 -14 -15 -16 17 18 19 20 0
uf20-0796 3746 1 -2 3 -4 5 6 7 8 9 10 11 12 -13 -14 -15 -16 17 18 19 -20 0
uf20-0796 3706 1 -2 3 -4 5 6 7 8 9 10 11 12 -13 -14 -15 -16 17 -18 19 20 0
uf20-0796 3950 1 -2 3 -4 5 6 7 8 9 10 11 12 -13 -14 -15 -16 17 18 19 20 0
uf20-0796 3737 1 -2 3 -4 -5 6 7 8 9 10 11 12 -13 -14 -15 -16 17 18 19 20 0
uf20-0796 3950 1 -2 3 -4 5 6 7 8 9 10 11 12 -13 -14 -15 -16 17 18 19 20 0
uf20-0796 3741 1 -2 3 -4 5 6 7 8 9 10 -11 12 -13 -14 -15 -16 17 18 19 20 0
uf20-0796 3950 1 -2 3 -4 5 6 7 8 9 10 11 12 -13 -14 -15 -16 17 18 19 20 0
uf20-0796 3697 1 -2 3 -4 5 -6 7 8 9 10 11 12 -13 -14 -15 -16 17 18 19 20 0
uf20-0796 3537 1 -2 3 -4 5 6 7 8 9 10 -11 12 -13 -14 -15 -16 17 18 19 -20 0
uf20-0796 3746 1 -2 3 -4 5 6 7 8 9 10 11 12 -13 -14 -15 -16 17 18 19 -20 0
uf20-0796 3697 1 -2 3 -4 5 -6 7 8 9 10 11 12 -13 -14 -15 -16 17 18 19 20 0
uf20-0796 3814 -1 -2 3 -4 5 6 7 8 9 10 11 12 -13 -14 -15 -16 17 18 19 20 0
uf20-0796 3746 1 -2 3 -4 5 6 7 8 9 10 11 12 -13 -14 -15 -16 17 18 19 -20 0
uf20-0796 3600 -1 -2 3 -4 5 -6 7 8 9 10 11 12 13 -14 -15 -16 17 18 19 20 0
uf20-0796 3814 -1 -2 3 -4 5 6 7 8 9 10 11 12 -13 -14 -15 -16 17 18 19 20 0
uf20-0796 3540 1 -2 3 4 5 6 7 8 -9 10 11 12 -13 -14 -15 -16 17 18 19 -20 0
uf20-0796 3814 -1 -2 3 -4 5 6 7 8 9 10 11 12 -13 -14 -15 -16 17 18 19 20 0
uf20-0796 3540 1 -2 3 4 5 6 7 8 -9 10 11 12 -13 -14 -15 -16 17 18 19 -20 0
uf20-0796 3561 -1 -2 3 -4 5 -6 7 8 9 10 11 12 -13 -14 -15 -16 17 18 19 20 0
uf20-0796 3746 1 -2 3 -4 5 6 7 8 9 10 11 12 -13 -14 -15 -16 17 18 19 -20 0
uf20-0796 3746 1 -2 3 -4 5 6 7 8 9 10 11 12 -13 -14 -15 -16 17 18 19 -20 0
uf20-0796 3814 -1 -2 3 -4 5 6 7 8 9 10 11 12 -13 -14 -15 -16 17 18 19 20 0
uf20-0796 3814 -1 -2 3 -4 5 6 7 8 9 10 11 12 -13 -14 -15 -16 17 18 19 20 0
uf20-0796 3519 1 -2 3 -4 -5 6 7 8 9 -10 11 12 -13 -14 -15 -16 17 18 19 20 0
uf20-0796 3691 1 -2 3 -4 5 6 7 8 -9 10 11 12 -13 -14 -15 -16 17 18 19 20 0
uf20-0796 3697 1 -2 3 -4 5 -6 7 8 9 10 11 12 -13 -14 -15 -16 17 18 19 20 0
uf20-0796 3746 1 -2 3 -4 5 6 7 8 9 10 11 12 -13 -14 -15 -16 17 18 19 -20 0
uf20-0796 3543 1 -2 3 -4 5 6 7 8 9 10 -11 12 -13 -14 15 -16 17 18 19 -20 0
uf20-0796 3950 1 -2 3 -4 5 6 7 8 9 10 11 12 -13 -14 -15 -16 17 18 19 20 0
uf20-0874 5473 1 2 3 4 5 -6 7 8 -9 10 11 -12 13 14 15 16 17 18 19 20 0
uf20-0874 5575 1 2 3 4 5 6 7 8 -9 10 11 -12 13 14 15 16 17 18 19 20 0
uf20-0874 5328 1 2 3 4 5 6 7 8 -9 -10 11 -12 13 14 15 16 17 18 19 20 0
uf20-0874 5368 1 2 3 4 5 6 7 8 -9 10 11 -12 -13 14 15 16 17 18 19 20 0
uf20-0874 5368 1 2 3 4 5 6 7 8 -9 10 11 -12 -13 14 15 16 17 18 19 20 0
uf20-0874 5328 1 2 3 4 5 6 7 8 -9 -10 11 -12 13 14 15 16 17 18 19 20 0
uf20-0874 5266 1 2 3 4 5 -6 7 8 -9 10 11 -12 -13 14 15 16 17 18 19 20 0
uf20-0874 5328 1 2 3 4 5 6 7 8 -9 -10 11 -12 13 14 15 16 17 18 19 20 0
uf20-0874 5473 1 2 3 4 5 -6 7 8 -9 10 11 -12 13 14 15 16 17 18 19 20 0
uf20-0874 5328 1 2 3 4 5 6 7 8 -9 -10 11 -12 13 14 15 16 17 18 19 20 0
uf20-0874 5338 1 2 3 4 5 6 7 8 -9 10 11 -12 13 14 15 16 17 -18 19 20 0
uf20-0874 5338 1 2 3 4 5 6 7 8 -9 10 11 -12 13 14 15 16 17 -18 19 20 0
uf20-0874 5575 1 2 3 4 5 6 7 8 -9 10 11 -12 13 14 15 16 17 18 19 20 0
uf20-0874 5338 1 2 3 4 5 6 7 8 -9 10 11 -12 13 14 15 16 17 -18 19 20 0
uf20-0874 5473 1 2 3 4 5 -6 7 8 -9 10 11 -12 13 14 15 16 17 18 19 20 0
uf20-0874 5335 -1 2 3 4 5 6 7 8 -9 10 11 -12 13 14 15 16 17 18 19 20 0
uf20-0874 5473 1 2 3 4 5 -6 7 8 -9 10 11 -12 13 14 15 16 17 18 19 20 0
uf20-0874 5338 1 2 3 4 5 6 7 8 -9 10 11 -12 13 14 15 16 17 -18 19 20 0
uf20-0874 5338 1 2 3 4 5 6 7 8 -9 10 11 -12 13 14 15 16 17 -18 19 20 0
uf20-0874 5338 1 2 3 4 5 6 7 8 -9 10 11 -12 13 14 15 16 17 -18 19 20 0
uf20-0874 5326 1 2 3 4 5 6 7 8 -9 10 11 -12 13 14 15 -16 17 18 19 20 0
uf20-0874 5368 1 2 3 4 5 6 7 8 -9 10 11 -12 -13 14 15 16 17 18 19 20 0
uf20-0874 5253 1 2 3 4 5 -6 7 8 -9 10 11 -12 13 14 15 16 -17 18 19 20 0
uf20-0874 5575 1 2 3 4 5 6 7 8 -9 10 11 -12 13 14 15 16 17 18 19 20 0
uf20-0874 5473 1 2 3 4 5 -6 7 8 -9 10 11 -12 13 14 15 16 17 18 19 20 0
uf20-0874 5473 1 2 3 4 5 -6 7 8 -9 10 11 -12 13 14 15 16 17 18 19 20 0
uf20-0874 5575 1 2 3 4 5 6 7 8 -9 10 11 -12 13 14 15 16 17 18 19 20 0
uf20-0874 5338 1 2 3 4 5 6 7 8 -9 10 11 -12 13 14 15 16 17 -18 19 20 0
uf20-0874 5335 -1 2 3 4 5 6 7 8 -9 10 11 -12 13 14 15 16 17 18 19 20 0
uf20-0874 5338 1 2 3 4 5 6 7 8 -9 10 11 -12 13 14 15 16 17 -18 19 20 0
uf20-0874 5473 1 2 3 4 5 -6 7 8 -9 10 11 -12 13 14 15 16 17 18 19 20 0
uf20-0874 5119 1 -2 3 4 5 6 7 8 -9 10 11 -12 13 14 15 16 17 -18 19 20 0
uf20-0874 5338 1 2 3 4 5 6 7 8 -9 10 11 -12 13 14 15 16 17 -18 19 20 0
uf20-0874 5368 1 2 3 4 5 6 7 8 -9 10 11 -12 -13 14 15 16 17 18 19 20 0
uf20-0874 5121 1 2 3 4 5 6 7 8 -9 -10 11 -12 -13 14 15 16 17 18 19 20 0
uf20-0874 5575 1 2 3 4 5 6 7 8 -9 10 11 -12 13 14 15 16 17 18 19 20 0
uf20-0874 5222 1 2 -3 4 5 -6 7 8 -9 10 11 -12 13 14 15 16 17 18 19 20 0
uf20-0874 5233 1 2 3 4 5 -6 -7 8 -9 10 11 -12 13 14 15 16 17 18 19 20 0
uf20-0874 5326 1 2 3 4 5 6 7 8 -9 10 11 -12 13 14 15 -16 17 18 19 20 0
uf20-0874 5575 1 2 3 4 5 6 7 8 -9 10 11 -12 13 14 15 16 17 18 19 20 0
uf20-0874 5086 1 2 3 4 5 6 -7 8 -9 10 11 -12 13 14 15 -16 17 18 19 20 0
uf20-0874 5473 1 2 3 4 5 -6 7 8 -9 10 11 -12 13 14 15 16 17 18 19 20 0
uf20-0874 5335 1 2 3 4 5 6 -7 8 -9 10 11 -12 13 14 15 16 17 18 19 20 0
uf20-0874 5128 -1 2 3 4 5 6 7 8 -9 10 11 -12 -13 14 15 16 17 18 19 20 0
uf20-0874 5473 1 2 3 4 5 -6 7 8 -9 10 11 -12 13 14 15 16 17 18 19 20 0
uf20-0874 5575 1 2 3 4 5 6 7 8 -9 10 11 -12 13 14 15 16 17 18 19 20 0
uf20-0874 5335 1 2 3 4 5 6 -7 8 -9 10 11 -12 13 14 15 16 17 18 19 20 0
uf20-0874 5338 1 2 3 4 5 6 7 8 -9 10 11 -12 13 14 15 16 17 -18 19 20 0
uf20-0874 5356 1 -2 3 4 5 6 7 8 -9 10 11 -12 13 14 15 16 17 18 19 20 0
uf20-0874 5253 1 2 3 4 5 -6 7 8 -9 10 11 -12 13 14 15 16 -17 18 19 20 0
uf20-0367 4095 1 -2 3 4 -5 -6 7 8 9 10 11 12 13 14 15 16 17 18 -19 -20 0
uf20-0367 3964 1 -2 3 4 -5 -6 7 8 9 10 11 12 -13 14 15 16 17 18 -19 -20 0
uf20-0367 3880 1 -2 3 4 -5 -6 7 8 9 10 11 12 13 14 15 16 -17 18 -19 -20 0
uf20-0367 3964 1 -2 3 4 -5 -6 7 8 9 10 11 12 -13 14 15 16 17 18 -19 -20 0
uf20-0367 3964 1 -2 3 4 -5 -6 7 8 9 10 11 12 -13 14 15 16 17 18 -19 -20 0
uf20-0367 4095 1 -2 3 4 -5 -6 7 8 9 10 11 12 13 14 15 16 17 18 -19 -20 0
uf20-0367 4095 1 -2 3 4 -5 -6 7 8 9 10 11 12 13 14 15 16 17 18 -19 -20 0
uf20-0367 3705 1 -2 -3 4 -5 6 -7 8 9 10 11 12 13 14 15 16 17 18 -19 -20 0
uf20-0367 3742 1 -2 3 4 -5 -6 -7 8 9 10 11 12 -13 14 15 16 17 18 -19 -20 0
uf20-0367 4095 1 -2 3 4 -5 -6 7 8 9 10 11 12 13 14 15 16 17 18 -19 -20 0
uf20-0367 3881 1 -2 3 4 -5 -6 7 8 -9 10 11 12 13 14 15 16 17 18 -19 -20 0
uf20-0367 3873 1 -2 3 4 -5 -6 -7 8 9 10 11 12 13 14 15 16 17 18 -19 -20 0
uf20-0367 3873 1 -2 3 4 -5 -6 -7 8 9 10 11 12 13 14 15 16 17 18 -19 -20 0
uf20-0367 3892 1 -2 3 4 -5 6 -7 8 9 10 11 12 13 14 15 16 17 18 -19 -20 0
uf20-0367 3777 1 -2 -3 4 -5 -6 7 8 9 10 11 12 -13 14 15 16 17 18 -19 -20 0
uf20-0367 3873 1 -2 3 4 -5 -6 -7 8 9 10 11 12 13 14 15 16 17 18 -19 -20 0
uf20-0367 3777 1 -2 -3 4 -5 -6 7 8 9 10 11 12 -13 14 15 16 17 18 -19 -20 0
uf20-0367 3870 1 -2 3 4 -5 -6 7 8 9 10 11 12 13 14 15 -16 17 18 -19 -20 0
uf20-0367 3964 1 -2 3 4 -5 -6 7 8 9 10 11 12 -13 14 15 16 17 18 -19 -20 0
uf20-0367 3707 -1 -2 -3 4 -5 -6 7 8 9 10 11 12 13 14 15 16 17 18 -19 -20 0
uf20-0367 4095 1 -2 3 4 -5 -6 7 8 9 10 11 12 13 14 15 16 17 18 -19 -20 0
uf20-0367 3881 1 -2 3 4 -5 -6 7 8 -9 10 11 12 13 14 15 16 17 18 -19 -20 0
uf20-0367 3707 -1 -2 -3 4 -5 -6 7 8 9 10 11 12 13 14 15 16 17 18 -19 -20 0
uf20-0367 3873 1 -2 3 4 -5 -6 -7 8 9 10 11 12 13 14 15 16 17 18 -19 -20 0
uf20-0367 3771 1 -2 3 4 -5 -6 7 8 9 10 11 12 13 14 -15 16 17 18 -19 -20 0
uf20-0367 3964 1 -2 3 4 -5 -6 7 8 9 10 11 12 -13 14 15 16 17 18 -19 -20 0
uf20-0367 3892 1 -2 3 4 -5 6 -7 8 9 10 11 12 13 14 15 16 17 18 -19 -20 0
uf20-0367 3880 1 -2 3 4 -5 -6 7 8 9 10 11 12 13 14 15 16 -17 18 -19 -20 0
uf20-0367 3761 1 -2 3 4 -5 6 -7 8 9 10 11 12 -13 14 15 16 17 18 -19 -20 0
uf20-0367 3680 -1 -2 3 4 -5 -6 7 8 -9 10 11 12 13 14 15 16 17 18 -19 -20 0
uf20-0367 3964 1 -2 3 4 -5 -6 7 8 9 10 11 12 -13 14 15 16 17 18 -19 -20 0
uf20-0367 4095 1 -2 3 4 -5 -6 7 8 9 10 11 12 13 14 15 16 17 18 -19 -20 0
uf20-0367 3908 1 -2 -3 4 -5 -6 7 8 9 10 11 12 13 14 15 16 17 18 -19 -20 0
uf20-0367 3667 1 -2 3 4 -5 6 -7 8 9 10 11 12 13 14 15 -16 17 18 -19 -20 0
uf20-0367 3964 1 -2 3 4 -5 -6 7 8 9 10 11 12 -13 14 15 16 17 18 -19 -20 0
uf20-0367 3585 -1 -2 3 4 -5 -6 7 8 9 10 11 -12 13 14 15 16 17 18 -19 -20 0
uf20-0367 3881 1 -2 3 4 -5 -6 7 8 -9 10 11 12 13 14 15 16 17 18 -19 -20 0
uf20-0367 3771 1 -2 3 4 -5 -6 7 8 9 10 11 12 13 14 -15 16 17 18 -19 -20 0
uf20-0367 3964 1 -2 3 4 -5 -6 7 8 9 10 11 12 -13 14 15 16 17 18 -19 -20 0
uf20-0367 3694 1 -2 -3 4 -5 -6 7 8 -9 10 11 12 13 14 15 16 17 18 -19 -20 0
uf20-0367 3894 -1 -2 3 4 -5 -6 7 8 9 10 11 12 13 14 15 16 17 18 -19 -20 0
uf20-0367 3880 1 -2 3 4 -5 -6 7 8 9 10 11 12 13 14 15 16 -17 18 -19 -20 0
uf20-0367 3892 1 -2 3 4 -5 6 -7 8 9 10 11 12 13 14 15 16 17 18 -19 -20 0
uf20-0367 3686 1 -2 -3 4 -5 -6 -7 8 9 10 11 12 13 14 15 16 17 18 -19 -20 0
uf20-0367 3669 -1 -2 3 4 -5 -6 7 8 9 10 11 12 13 14 15 -16 17 18 -19 -20 0
uf20-0367 4095 1 -2 3 4 -5 -6 7 8 9 10 11 12 13 14 15 16 17 18 -19 -20 0
uf20-0367 3761 1 -2 3 4 -5 6 -7 8 9 10 11 12 -13 14 15 16 17 18 -19 -20 0
uf20-0367 3870 1 -2 3 4 -5 -6 7 8 9 10 11 12 13 14 15 -16 17 18 -19 -20 0
uf20-0367 3892 1 -2 3 4 -5 6 -7 8 9 10 11 12 13 14 15 16 17 18 -19 -20 0
uf20-0367 3964 1 -2 3 4 -5 -6 7 8 9 10 11 12 -13 14 15 16 17 18 -19 -20 0
uf20-0836 4831 1 2 -3 -4 5 6 7 -8 9 10 11 12 13 -14 15 16 17 18 -19 20 0
uf20-0836 4854 1 2 3 -4 5 6 7 -8 9 10 11 12 13 -14 15 16 17 -18 -19 20 0
uf20-0836 5039 1 2 3 4 5 6 7 -8 9 -10 11 12 13 -14 15 16 17 18 -19 20 0
uf20-0836 5039 1 2 3 4 5 6 7 -8 9 -10 11 12 13 -14 15 16 17 18 -19 20 0
uf20-0836 5039 1 2 3 4 5 6 7 -8 9 -10 11 12 13 -14 15 16 17 18 -19 20 0
uf20-0836 4854 1 2 3 -4 5 6 7 -8 9 10 11 12 13 -14 15 16 17 -18 -19 20 0
uf20-0836 4854 1 2 3 -4 5 6 7 -8 9 10 11 12 13 -14 15 16 17 -18 -19 20 0
uf20-0836 4901 1 2 3 -4 5 6 7 -8 9 -10 11 12 13 -14 15 16 17 18 -19 20 0
uf20-0836 5062 1 2 3 -4 5 6 7 -8 9 10 11 12 13 -14 15 16 17 18 -19 20 0
uf20-0836 4670 1 2 -3 -4 5 6 7 -8 9 -10 11 12 13 -14 15 16 17 18 -19 20 0
uf20-0836 5039 1 2 3 4 5 6 7 -8 9 -10 11 12 13 -14 15 16 17 18 -19 20 0
uf20-0836 4800 -1 2 3 4 5 6 7 -8 9 -10 11 12 13 -14 15 16 17 18 -19 20 0
uf20-0836 4838 1 2 3 4 5 6 7 -8 9 -10 11 12 13 -14 -15 16 17 18 -19 20 0
uf20-0836 4838 1 2 3 4 5 6 7 -8 9 -10 11 12 13 -14 -15 16 17 18 -19 20 0
uf20-0836 4677 1 2 3 -4 5 6 7 -8 9 10 11 12 13 -14 -15 16 17 -18 19 20 0
uf20-0836 4854 1 2 3 -4 5 6 7 -8 9 10 11 12 13 -14 15 16 17 -18 -19 20 0
uf20-0836 5062 1 2 3 -4 5 6 7 -8 9 10 11 12 13 -14 15 16 17 18 -19 20 0
uf20-0836 4861 1 2 3 -4 5 6 7 -8 9 10 11 12 13 -14 -15 16 17 18 -19 20 0
uf20-0836 5039 1 2 3 4 5 6 7 -8 9 -10 11 12 13 -14 15 16 17 18 -19 20 0
uf20-0836 4616 1 -2 3 -4 5 6 7 -8 9 10 11 12 13 -14 -15 16 17 18 -19 20 0
uf20-0836 5062 1 2 3 -4 5 6 7 -8 9 10 11 12 13 -14 15 16 17 18 -19 20 0
uf20-0836 4831 1 2 3 4 5 6 7 -8 9 -10 11 12 13 -14 15 16 17 -18 -19 20 0
uf20-0836 4861 1 2 3 -4 5 6 7 -8 9 10 11 12 13 -14 -15 16 17 18 -19 20 0
uf20-0836 4630 1 2 -3 -4 5 6 7 -8 9 10 11 12 13 -14 -15 16 17 18 -19 20 0
uf20-0836 5062 1 2 3 -4 5 6 7 -8 9 10 11 12 13 -14 15 16 17 18 -19 20 0
uf20-0836 4748 1 2 3 4 5 6 7 -8 -9 -10 11 12 13 -14 15 16 17 18 -19 20 0
uf20-0836 4808 1 2 -3 4 5 6 7 -8 9 -10 11 12 13 -14 15 16 17 18 -19 20 0
uf20-0836 5039 1 2 3 4 5 6 7 -8 9 -10 11 12 13 -14 15 16 17 18 -19 20 0
uf20-0836 4861 1 2 3 -4 5 6 7 -8 9 10 11 12 13 -14 -15 16 17 18 -19 20 0
uf20-0836 5062 1 2 3 -4 5 6 7 -8 9 10 11 12 13 -14 15 16 17 18 -19 20 0
uf20-0836 4794 1 -2 3 4 5 6 7 -8 9 -10 11 12 13 -14 15 16 17 18 -19 20 0
uf20-0836 4831 1 2 3 4 5 6 7 -8 9 -10 11 12 13 -14 15 16 17 -18 -19 20 0
uf20-0836 4627 1 2 3 -4 5 6 -7 -8 9 10 11 12 13 -14 -15 16 17 18 -19 20 0
uf20-0836 4627 1 2 3 -4 5 6 -7 -8 9 10 11 12 13 -14 -15 16 17 18 -19 20 0
uf20-0836 4759 1 2 3 -4 5 6 7 -8 9 10 11 12 13 -14 15 16 -17 18 -19 20 0
uf20-0836 4861 1 2 3 -4 5 6 7 -8 9 10 11 12 13 -14 -15 16 17 18 -19 20 0
uf20-0836 5062 1 2 3 -4 5 6 7 -8 9 10 11 12 13 -14 15 16 17 18 -19 20 0
uf20-0836 5039 1 2 3 4 5 6 7 -8 9 -10 11 12 13 -14 15 16 17 18 -19 20 0
uf20-0836 5062 1 2 3 -4 5 6 7 -8 9 10 11 12 13 -14 15 16 17 18 -19 20 0
uf20-0836 5039 1 2 3 4 5 6 7 -8 9 -10 11 12 13 -14 15 16 17 18 -19 20 0
uf20-0836 5039 1 2 3 4 5 6 7 -8 9 -10 11 12 13 -14 15 16 17 18 -19 20 0
uf20-0836 5062 1 2 3 -4 5 6 7 -8 9 10 11 12 13 -14 15 16 17 18 -19 20 0
uf20-0836 5039 1 2 3 4 5 6 7 -8 9 -10 11 12 13 -14 15 16 17 18 -19 20 0
uf20-0836 4677 1 2 3 -4 5 6 7 -8 9 10 11 12 13 -14 -15 16 17 -18 19 20 0
uf20-0836 4808 1 2 -3 4 5 6 7 -8 9 -10 11 12 13 -14 15 16 17 18 -19 20 0
uf20-0836 4449 1 2 -3 4 5 6 7 -8 9 10 11 -12 13 -14 -15 16 17 18 -19 20 0
uf20-0836 5062 1 2 3 -4 5 6 7 -8 9 10 11 12 13 -14 15 16 17 18 -19 20 0
uf20-0836 4831 1 2 -3 -4 5 6 7 -8 9 10 11 12 13 -14 15 16 17 18 -19 20 0
uf20-0836 4586 1 -2 -3 -4 5 6 7 -8 9 10 11 12 13 -14 15 16 17 18 -19 20 0
uf20-0836 5062 1 2 3 -4 5 6 7 -8 9 10 11 12 13 -14 15 16 17 18 -19 20 0
uf20-054 3662 -1 -2 3 -4 5 6 -7 8 -9 10 11 12 13 14 15 16 17 -18 19 -20 0
uf20-054 3708 -1 -2 3 -4 5 6 -7 8 -9 10 11 12 13 -14 15 16 17 18 19 20 0
uf20-054 3652 -1 -2 3 -4 5 6 -7 -8 -9 10 11 12 13 14 15 16 17 -18 19 20 0
uf20-054 3614 1 -2 3 -4 5 6 -7 8 -9 10 11 12 13 -14 15 -16 17 -18 19 20 0
uf20-054 3708 -1 -2 3 -4 5 6 -7 8 -9 10 11 12 13 -14 15 16 17 18 19 20 0
uf20-054 3662 -1 -2 3 -4 5 6 -7 8 -9 10 11 12 13 14 15 16 17 -18 19 -20 0
uf20-054 3621 1 -2 3 -4 -5 6 -7 -8 -9 10 11 12 13 14 15 16 17 -18 19 20 0
uf20-054 3618 1 -2 3 -4 5 6 -7 -8 -9 10 11 12 13 14 15 -16 17 -18 19 20 0
uf20-054 3546 -1 -2 3 4 5 6 -7 8 -9 -10 11 12 13 -14 15 16 17 18 19 20 0
uf20-054 3621 1 -2 3 -4 -5 6 -7 -8 -9 10 11 12 13 14 15 16 17 -18 19 20 0
uf20-054 3712 -1 -2 3 -4 5 6 -7 -8 -9 10 11 12 13 14 15 16 17 18 19 20 0
uf20-054 3621 1 -2 3 -4 -5 6 -7 -8 -9 10 11 12 13 14 15 16 17 -18 19 20 0
uf20-054 3546 -1 -2 3 4 5 6 -7 8 -9 -10 11 12 13 -14 15 16 17 18 19 20 0
uf20-054 3712 -1 -2 3 -4 5 6 -7 -8 -9 10 11 12 13 14 15 16 17 18 19 20 0
uf20-054 3652 -1 -2 3 -4 5 6 -7 -8 -9 10 11 12 13 14 15 16 17 -18 19 20 0
uf20-054 3434 1 -2 3 -4 5 6 -7 -8 -9 10 11 12 13 -14 15 -16 17 -18 19 20 0
uf20-054 3631 1 -2 3 -4 -5 6 -7 8 -9 10 11 12 13 14 15 16 17 -18 19 -20 0
uf20-054 3518 -1 -2 3 -4 5 6 -7 -8 -9 10 11 12 13 14 15 -16 17 18 19 20 0
uf20-054 3712 -1 -2 3 -4 5 6 -7 -8 -9 10 11 12 13 14 15 16 17 18 19 20 0
uf20-054 3475 -1 -2 3 -4 5 6 -7 -8 -9 10 -11 12 13 14 15 16 17 18 19 20 0
uf20-054 3712 -1 -2 3 -4 5 6 -7 -8 -9 10 11 12 13 14 15 16 17 18 19 20 0
uf20-054 3518 -1 -2 3 -4 5 6 -7 -8 -9 10 11 12 13 14 15 -16 17 18 19 20 0
uf20-054 3712 -1 -2 3 -4 5 6 -7 -8 -9 10 11 12 13 14 15 16 17 18 19 20 0
uf20-054 3712 -1 -2 3 -4 5 6 -7 -8 -9 10 11 12 13 14 15 16 17 18 19 20 0
uf20-054 3621 1 -2 3 -4 -5 6 -7 -8 -9 10 11 12 13 14 15 16 17 -18 19 20 0
uf20-054 3524 -1 -2 3 -4 5 -6 7 -8 -9 10 11 12 13 14 15 16 17 18 19 20 0
uf20-054 3617 1 -2 3 -4 -5 6 -7 8 -9 10 11 12 13 -14 15 16 17 -18 19 20 0
uf20-054 3614 1 -2 3 -4 5 6 -7 8 -9 10 11 12 13 -14 15 -16 17 -18 19 20 0
uf20-054 3708 -1 -2 3 -4 5 6 -7 8 -9 10 11 12 13 -14 15 16 17 18 19 20 0
uf20-054 3712 -1 -2 3 -4 5 6 -7 -8 -9 10 11 12 13 14 15 16 17 18 19 20 0
uf20-054 3617 1 -2 3 -4 -5 6 -7 8 -9 10 11 12 13 -14 15 16 17 -18 19 20 0
uf20-054 3528 -1 -2 3 -4 5 6 -7 -8 -9 10 11 12 13 -14 15 16 17 18 19 20 0
uf20-054 3471 -1 -2 3 -4 -5 6 -7 8 -9 10 11 12 13 14 15 16 17 -18 19 -20 0
uf20-054 3628 1 -2 3 -4 5 6 -7 8 -9 10 11 12 13 14 15 -16 17 -18 19 -20 0
uf20-054 3652 -1 -2 3 -4 5 6 -7 -8 -9 10 11 12 13 14 15 16 17 -18 19 20 0
uf20-054 3662 -1 -2 3 -4 5 6 -7 8 -9 10 11 12 13 14 15 16 17 -18 19 -20 0
uf20-054 3524 -1 -2 3 -4 5 -6 7 -8 -9 10 11 12 13 14 15 16 17 18 19 20 0
uf20-054 3517 -1 -2 3 -4 -5 6 -7 8 -9 10 11 12 13 -14 15 16 17 18 19 20 0
uf20-054 3475 -1 -2 3 -4 5 6 -7 -8 -9 10 -11 12 13 14 15 16 17 18 19 20 0
uf20-054 3614 1 -2 3 -4 5 6 -7 8 -9 10 11 12 13 -14 15 -16 17 -18 19 20 0
uf20-054 3652 -1 -2 3 -4 5 6 -7 -8 -9 10 11 12 13 14 15 16 17 -18 19 20 0
uf20-054 3528 -1 -2 3 -4 5 6 -7 -8 -9 10 11 12 13 -14 15 16 17 18 19 20 0
uf20-054 3517 -1 -2 3 -4 -5 6 -7 8 -9 10 11 12 13 -14 15 16 17 18 19 20 0
uf20-054 3468 -1 -2 3 -4 5 6 -7 -8 -9 10 11 12 13 -14 15 16 17 -18 19 20 0
uf20-054 3708 -1 -2 3 -4 5 6 -7 8 -9 10 11 12 13 -14 15 16 17 18 19 20 0
uf20-054 3614 1 -2 3 -4 5 6 -7 8 -9 10 11 12 13 -14 15 -16 17 -18 19 20 0
uf20-054 3569 -1 -2 3 4 5 6 -7 8 -9 10 -11 12 13 -14 15 16 17 18 19 20 0
uf20-054 3618 1 -2 3 -4 5 6 -7 -8 -9 10 11 12 13 14 15 -16 17 -18 19 20 0
uf20-054 3712 -1 -2 3 -4 5 6 -7 -8 -9 10 11 12 13 14 15 16 17 18 19 20 0
uf20-054 3708 -1 -2 3 -4 5 6 -7 8 -9 10 11 12 13 -14 15 16 17 18 19 20 0
uf20-0760 4142 1 -2 3 4 5 6 7 8 9 -10 11 12 13 -14 -15 16 17 18 19 -20 0
uf20-0760 4158 1 -2 3 4 5 6 7 8 9 10 11 12 13 -14 -15 16 17 18 19 -20 0
uf20-0760 4266 1 2 3 4 5 6 7 -8 9 -10 -11 12 13 -14 -15 16 17 -18 19 20 0
uf20-0760 4266 1 2 3 4 5 6 7 -8 9 -10 -11 12 13 -14 -15 16 17 -18 19 20 0
uf20-0760 4169 1 2 3 4 5 6 -7 -8 9 -10 11 12 13 -14 -15 16 17 18 19 -20 0
uf20-0760 4276 1 2 3 4 5 6 -7 -8 9 -10 -11 12 13 -14 -15 16 17 18 19 20 0
uf20-0760 4158 1 -2 3 4 5 6 7 8 9 10 11 12 13 -14 -15 16 17 18 19 -20 0
uf20-0760 4158 1 -2 3 4 5 6 7 8 9 10 11 12 13 -14 -15 16 17 18 19 -20 0
uf20-0760 3959 1 -2 3 4 5 6 7 8 9 -10 11 12 13 -14 -15 16 17 18 -19 -20 0
uf20-0760 4488 1 2 3 4 5 6 7 -8 9 -10 -11 12 13 -14 -15 16 17 18 19 20 0
uf20-0760 4158 1 -2 3 4 5 6 7 8 9 10 11 12 13 -14 -15 16 17 18 19 -20 0
uf20-0760 4262 1 2 3 -4 5 6 7 -8 9 -10 -11 12 13 -14 -15 16 17 18 19 20 0
uf20-0760 4488 1 2 3 4 5 6 7 -8 9 -10 -11 12 13 -14 -15 16 17 18 19 20 0
uf20-0760 4488 1 2 3 4 5 6 7 -8 9 -10 -11 12 13 -14 -15 16 17 18 19 20 0
uf20-0760 4040 1 2 3 -4 5 6 7 -8 9 -10 -11 12 13 -14 -15 16 17 18 19 -20 0
uf20-0760 4262 1 2 3 -4 5 6 7 -8 9 -10 -11 12 13 -14 -15 16 17 18 19 20 0
uf20-0760 4305 1 2 3 4 5 6 7 -8 9 -10 -11 12 13 -14 -15 16 17 18 -19 20 0
uf20-0760 4142 1 -2 3 4 5 6 7 8 9 -10 11 12 13 -14 -15 16 17 18 19 -20 0
uf20-0760 4240 1 2 3 4 5 6 7 -8 9 -10 -11 12 13 -14 -15 16 -17 18 19 20 0
uf20-0760 3959 1 -2 3 4 5 6 7 8 9 -10 11 12 13 -14 -15 16 17 18 -19 -20 0
uf20-0760 4247 1 2 3 4 5 6 7 -8 -9 -10 -11 12 13 -14 -15 16 17 18 19 20 0
uf20-0760 4266 1 2 3 4 5 6 7 -8 9 -10 -11 12 13 -14 -15 16 17 18 19 -20 0
uf20-0760 4247 1 2 3 4 5 6 7 -8 9 -10 -11 12 -13 -14 -15 16 17 18 19 20 0
uf20-0760 4158 1 -2 3 4 5 6 7 8 9 10 11 12 13 -14 -15 16 17 18 19 -20 0
uf20-0760 4488 1 2 3 4 5 6 7 -8 9 -10 -11 12 13 -14 -15 16 17 18 19 20 0
uf20-0760 4276 1 2 3 4 5 6 -7 -8 9 -10 -11 12 13 -14 -15 16 17 18 19 20 0
uf20-0760 4262 1 2 3 -4 5 6 7 -8 9 -10 -11 12 13 -14 -15 16 17 18 19 20 0
uf20-0760 4266 1 2 3 4 5 6 7 -8 9 -10 -11 12 13 -14 -15 16 17 18 19 -20 0
uf20-0760 4127 1 2 3 4 5 6 7 -8 9 -10 -11 -12 13 -14 -15 16 17 18 19 20 0
uf20-0760 3936 1 -2 3 4 5 6 7 8 9 10 11 12 13 -14 -15 16 17 -18 19 -20 0
uf20-0760 4266 1 2 3 4 5 6 7 -8 9 -10 -11 12 13 -14 -15 16 17 18 19 -20 0
uf20-0760 4266 1 2 3 4 5 6 7 -8 9 -10 -11 12 13 -14 -15 16 17 18 19 -20 0
uf20-0760 4276 1 2 3 4 5 6 -7 -8 9 -10 -11 12 13 -14 -15 16 17 18 19 20 0
uf20-0760 4127 1 2 3 4 5 6 7 -8 9 -10 -11 -12 13 -14 -15 16 17 18 19 20 0
uf20-0760 4262 1 2 3 -4 5 6 7 -8 9 -10 -11 12 13 -14 -15 16 17 18 19 20 0
uf20-0760 4488 1 2 3 4 5 6 7 -8 9 -10 -11 12 13 -14 -15 16 17 18 19 20 0
uf20-0760 4054 1 2 3 4 5 6 -7 -8 9 -10 -11 12 13 -14 -15 16 17 18 19 -20 0
uf20-0760 4305 1 2 3 4 5 6 7 -8 9 -10 -11 12 13 -14 -15 16 17 18 -19 20 0
uf20-0760 4488 1 2 3 4 5 6 7 -8 9 -10 -11 12 13 -14 -15 16 17 18 19 20 0
uf20-0760 4169 1 2 3 4 5 6 -7 -8 9 -10 11 12 13 -14 -15 16 17 18 19 -20 0
uf20-0760 4247 1 2 3 4 5 6 7 -8 9 -10 -11 12 -13 -14 -15 16 17 18 19 20 0
uf20-0760 4262 1 2 3 -4 5 6 7 -8 9 -10 -11 12 13 -14 -15 16 17 18 19 20 0
uf20-0760 4276 1 2 3 4 5 6 -7 -8 9 -10 -11 12 13 -14 -15 16 17 18 19 20 0
uf20-0760 4093 1 2 3 4 5 6 -7 -8 9 -10 -11 12 13 -14 -15 16 17 18 -19 20 0
uf20-0760 4262 1 2 3 -4 5 6 7 -8 9 -10 -11 12 13 -14 -15 16 17 18 19 20 0
uf20-0760 4488 1 2 3 4 5 6 7 -8 9 -10 -11 12 13 -14 -15 16 17 18 19 20 0
uf20-0760 4488 1 2 3 4 5 6 7 -8 9 -10 -11 12 13 -14 -15 16 17 18 19 20 0
uf20-0760 4017 1 -2 3 4 5 6 7 8 9 10 -11 12 13 -14 -15 16 -17 18 19 20 0
uf20-0760 4266 1 2 3 4 5 6 7 -8 9 -10 -11 12 13 -14 -15 16 17 -18 19 20 0
uf20-0760 4079 1 2 3 -4 5 6 7 -8 9 -10 -11 12 13 -14 -15 16 17 18 -19 20 0
uf20-0995 4898 1 -2 3 4 5 6 7 8 -9 10 -11 12 13 14 15 16 17 18 -19 20 0
uf20-0995 4898 1 -2 3 4 5 6 7 8 -9 10 -11 12 13 14 15 16 17 18 -19 20 0
uf20-0995 4967 1 2 3 4 5 6 7 8 -9 10 -11 12 13 14 15 16 17 18 -19 -20 0
uf20-0995 4788 1 -2 3 4 5 6 7 8 -9 10 -11 12 13 14 15 16 17 18 -19 -20 0
uf20-0995 4825 -1 -2 3 4 5 6 7 8 9 10 11 -12 13 14 15 16 17 18 -19 20 0
uf20-0995 4941 1 2 3 4 5 6 7 8 9 10 -11 -12 13 14 15 16 17 18 -19 -20 0
uf20-0995 4894 -1 2 3 4 5 6 7 8 9 10 11 -12 13 14 15 16 17 18 -19 -20 0
uf20-0995 4729 1 2 3 4 5 6 7 8 -9 10 -11 12 13 14 15 16 -17 18 -19 -20 0
uf20-0995 4872 1 -2 3 4 5 6 7 8 9 10 -11 -12 13 14 15 16 17 18 -19 20 0
uf20-0995 4941 1 2 3 4 5 6 7 8 9 10 -11 -12 13 14 15 16 17 18 -19 -20 0
uf20-0995 4898 1 -2 3 4 5 6 7 8 -9 10 -11 12 13 14 15 16 17 18 -19 20 0
uf20-0995 4898 1 -2 3 4 5 6 7 8 -9 10 -11 12 13 14 15 16 17 18 -19 20 0
uf20-0995 4851 -1 -2 3 4 5 6 7 8 -9 10 11 12 13 14 15 16 17 18 -19 20 0
uf20-0995 4941 1 2 3 4 5 6 7 8 9 10 -11 -12 13 14 15 16 17 18 -19 -20 0
uf20-0995 4967 1 2 3 4 5 6 7 8 -9 10 -11 12 13 14 15 16 17 18 -19 -20 0
uf20-0995 4894 -1 2 3 4 5 6 7 8 9 10 11 -12 13 14 15 16 17 18 -19 -20 0
uf20-0995 4898 1 -2 3 4 5 6 7 8 -9 10 -11 12 13 14 15 16 17 18 -19 20 0
uf20-0995 4894 -1 2 3 4 5 6 7 8 9 10 11 -12 13 14 15 16 17 18 -19 -20 0
uf20-0995 4788 1 -2 3 4 5 6 7 8 -9 10 -11 12 13 14 15 16 17 18 -19 -20 0
uf20-0995 4703 -1 -2 3 4 5 6 7 8 -9 10 -11 12 13 14 15 16 17 18 -19 20 0
uf20-0995 4967 1 2 3 4 5 6 7 8 -9 10 -11 12 13 14 15 16 17 18 -19 -20 0
uf20-0995 4920 -1 2 3 4 5 6 7 8 -9 10 11 12 13 14 15 16 17 18 -19 -20 0
uf20-0995 4894 -1 2 3 4 5 6 7 8 9 10 11 -12 13 14 15 16 17 18 -19 -20 0
uf20-0995 4920 -1 2 3 4 5 6 7 8 -9 10 11 12 13 14 15 16 17 18 -19 -20 0
uf20-0995 4872 1 -2 3 4 5 6 7 8 9 10 -11 -12 13 14 15 16 17 18 -19 20 0
uf20-0995 4941 1 2 3 4 5 6 7 8 9 10 -11 -12 13 14 15 16 17 18 -19 -20 0
uf20-0995 4772 -1 2 3 4 5 6 7 8 -9 10 -11 12 13 14 15 16 17 18 -19 -20 0
uf20-0995 4705 -1 2 3 4 5 6 7 -8 -9 10 11 12 13 14 15 16 17 18 -19 -20 0
uf20-0995 4872 1 -2 3 4 5 6 7 8 9 10 -11 -12 13 14 15 16 17 18 -19 20 0
uf20-0995 4967 1 2 3 4 5 6 7 8 -9 10 -11 12 13 14 15 16 17 18 -19 -20 0
uf20-0995 4824 1 2 3 4 5 6 -7 8 -9 10 11 12 13 14 15 16 17 18 -19 -20 0
uf20-0995 4872 1 -2 3 4 5 6 7 8 9 10 -11 -12 13 14 15 16 17 18 -19 20 0
uf20-0995 4808 1 2 3 4 5 6 7 8 -9 10 -11 -12 13 14 15 16 17 18 -19 -20 0
uf20-0995 4967 1 2 3 4 5 6 7 8 -9 10 -11 12 13 14 15 16 17 18 -19 -20 0
uf20-0995 4941 1 2 3 4 5 6 7 8 9 10 -11 -12 13 14 15 16 17 18 -19 -20 0
uf20-0995 4920 -1 2 3 4 5 6 7 8 -9 10 11 12 13 14 15 16 17 18 -19 -20 0
uf20-0995 4772 -1 2 3 4 5 6 7 8 -9 10 -11 12 13 14 15 16 17 18 -19 -20 0
uf20-0995 4703 1 2 3 4 5 6 7 8 9 10 -11 -12 13 14 15 16 -17 18 -19 -20 0
uf20-0995 4788 1 -2 3 4 5 6 7 8 -9 10 -11 12 13 14 15 16 17 18 -19 -20 0
uf20-0995 4872 1 -2 3 4 5 6 7 8 9 10 -11 -12 13 14 15 16 17 18 -19 20 0
uf20-0995 4703 -1 -2 3 4 5 6 7 8 -9 10 -11 12 13 14 15 16 17 18 -19 20 0
uf20-0995 4851 -1 -2 3 4 5 6 7 8 -9 10 11 12 13 14 15 16 17 18 -19 20 0
uf20-0995 4872 1 -2 3 4 5 6 7 8 9 10 -11 -12 13 14 15 16 17 18 -19 20 0
uf20-0995 4967 1 2 3 4 5 6 7 8 -9 10 -11 12 13 14 15 16 17 18 -19 -20 0
uf20-0995 4920 -1 2 3 4 5 6 7 8 -9 10 11 12 13 14 15 16 17 18 -19 -20 0
uf20-0995 4941 1 2 3 4 5 6 7 8 9 10 -11 -12 13 14 15 16 17 18 -19 -20 0
uf20-0995 4941 1 2 3 4 5 6 7 8 9 10 -11 -12 13 14 15 16 17 18 -19 -20 0
uf20-0995 4872 1 -2 3 4 5 6 7 8 9 10 -11 -12 13 14 15 16 17 18 -19 20 0
uf20-0995 4941 1 2 3 4 5 6 7 8 9 10 -11 -12 13 14 15 16 17 18 -19 -20 0
uf20-0995 4898 1 -2 3 4 5 6 7 8 -9 10 -11 12 13 14 15 16 17 18 -19 20 0
uf20-0254 4697 1 -2 3 4 5 6 7 8 9 -10 11 12 13 14 15 -16 -17 18 19 20 0
uf20-0254 4465 1 -2 3 4 5 6 7 8 9 -10 11 12 13 14 15 -16 -17 18 -19 20 0
uf20-0254 4419 1 -2 3 4 5 -6 7 8 9 -10 11 12 -13 14 15 -16 -17 18 19 20 0
uf20-0254 4697 1 -2 3 4 5 6 7 8 9 -10 11 12 13 14 15 -16 -17 18 19 20 0
uf20-0254 4697 1 -2 3 4 5 6 7 8 9 -10 11 12 13 14 15 -16 -17 18 19 20 0
uf20-0254 4465 1 -2 3 4 5 6 7 8 9 -10 11 12 13 14 15 -16 -17 18 -19 20 0
uf20-0254 4517 1 -2 3 4 5 -6 7 8 9 -10 11 12 13 14 15 -16 -17 18 19 20 0
uf20-0254 4222 1 -2 3 4 5 6 -7 8 9 -10 11 12 13 14 15 -16 -17 18 -19 20 0
uf20-0254 4471 1 -2 3 4 5 6 7 8 -9 -10 11 12 13 14 15 -16 -17 18 19 20 0
uf20-0254 4475 1 -2 3 4 5 6 7 8 9 -10 11 -12 13 14 15 -16 -17 18 19 20 0
uf20-0254 4517 1 -2 3 4 5 -6 7 8 9 -10 11 12 13 14 15 -16 -17 18 19 20 0
uf20-0254 4465 1 -2 3 4 5 6 7 8 9 -10 11 12 13 14 15 -16 -17 18 -19 20 0
uf20-0254 4436 1 -2 3 4 5 -6 7 8 9 -10 11 12 -13 14 15 16 -17 18 19 20 0
uf20-0254 4460 1 -2 3 4 -5 6 7 8 9 -10 11 12 13 14 15 -16 -17 18 19 20 0
uf20-0254 4517 1 -2 3 4 5 -6 7 8 9 -10 11 12 13 14 15 -16 -17 18 19 20 0
uf20-0254 4367 1 -2 3 4 5 6 7 8 9 -10 11 12 -13 14 15 -16 -17 18 -19 20 0
uf20-0254 4697 1 -2 3 4 5 6 7 8 9 -10 11 12 13 14 15 -16 -17 18 19 20 0
uf20-0254 4475 1 -2 3 4 5 6 7 8 9 -10 11 -12 13 14 15 -16 -17 18 19 20 0
uf20-0254 4151 1 -2 3 4 5 6 7 8 -9 -10 11 -12 -13 14 15 -16 -17 18 19 20 0
uf20-0254 4447 1 -2 3 4 5 6 7 8 9 -10 11 12 13 -14 15 -16 -17 18 19 20 0
uf20-0254 4475 1 -2 3 4 5 6 7 8 9 -10 11 -12 13 14 15 -16 -17 18 19 20 0
uf20-0254 4517 1 -2 3 4 5 -6 7 8 9 -10 11 12 13 14 15 -16 -17 18 19 20 0
uf20-0254 4323 1 -2 3 4 5 6 7 8 9 -10 11 12 -13 14 15 -16 -17 18 19 -20 0
uf20-0254 4436 1 -2 3 4 5 -6 7 8 9 -10 11 12 -13 14 15 16 -17 18 19 20 0
uf20-0254 4599 1 -2 3 4 5 6 7 8 9 -10 11 12 -13 14 15 -16 -17 18 19 20 0
uf20-0254 4517 1 -2 3 4 5 -6 7 8 9 -10 11 12 13 14 15 -16 -17 18 19 20 0
uf20-0254 4697 1 -2 3 4 5 6 7 8 9 -10 11 12 13 14 15 -16 -17 18 19 20 0
uf20-0254 4517 1 -2 3 4 5 -6 7 8 9 -10 11 12 13 14 15 -16 -17 18 19 20 0
uf20-0254 4471 1 -2 3 4 5 6 7 8 -9 -10 11 12 13 14 15 -16 -17 18 19 20 0
uf20-0254 4465 1 -2 3 4 5 6 7 8 9 -10 11 12 13 14 15 -16 -17 18 -19 20 0
uf20-0254 4697 1 -2 3 4 5 6 7 8 9 -10 11 12 13 14 15 -16 -17 18 19 20 0
uf20-0254 4599 1 -2 3 4 5 6 7 8 9 -10 11 12 -13 14 15 -16 -17 18 19 20 0
uf20-0254 4436 1 -2 3 4 5 -6 7 8 9 -10 11 12 -13 14 15 16 -17 18 19 20 0
uf20-0254 4599 1 -2 3 4 5 6 7 8 9 -10 11 12 -13 14 15 -16 -17 18 19 20 0
uf20-0254 4460 1 -2 3 4 -5 6 7 8 9 -10 11 12 13 14 15 -16 -17 18 19 20 0
uf20-0254 4599 1 -2 3 4 5 6 7 8 9 -10 11 12 -13 14 15 -16 -17 18 19 20 0
uf20-0254 4447 1 -2 3 4 5 6 7 8 9 -10 11 12 13 -14 15 -16 -17 18 19 20 0
uf20-0254 4697 1 -2 3 4 5 6 7 8 9 -10 11 12 13 14 15 -16 -17 18 19 20 0
uf20-0254 4697 1 -2 3 4 5 6 7 8 9 -10 11 12 13 14 15 -16 -17 18 19 20 0
uf20-0254 4349 1 -2 3 4 5 6 7 8 9 -10 11 12 -13 -14 15 -16 -17 18 19 20 0
uf20-0254 4697 1 -2 3 4 5 6 7 8 9 -10 11 12 13 14 15 -16 -17 18 19 20 0
uf20-0254 4697 1 -2 3 4 5 6 7 8 9 -10 11 12 13 14 15 -16 -17 18 19 20 0
uf20-0254 4599 1 -2 3 4 5 6 7 8 9 -10 11 12 -13 14 15 -16 -17 18 19 20 0
uf20-0254 4465 1 -2 3 4 5 6 7 8 9 -10 11 12 13 14 15 -16 -17 18 -19 20 0
uf20-0254 4697 1 -2 3 4 5 6 7 8 9 -10 11 12 13 14 15 -16 -17 18 19 20 0
uf20-0254 4697 1 -2 3 4 5 6 7 8 9 -10 11 12 13 14 15 -16 -17 18 19 20 0
uf20-0254 4267 1 -2 3 4 5 -6 7 8 9 -10 11 12 13 -14 15 -16 -17 18 19 20 0
uf20-0254 4697 1 -2 3 4 5 6 7 8 9 -10 11 12 13 14 15 -16 -17 18 19 20 0
uf20-0254 4323 1 -2 3 4 5 6 7 8 9 -10 11 12 -13 14 15 -16 -17 18 19 -20 0
uf20-0254 4697 1 -2 3 4 5 6 7 8 9 -10 11 12 13 14 15 -16 -17 18 19 20 0
