uf20-0649 34570 -1 2 3 4 5 -6 7 8 -9 10 11 12 -13 -14 15 16 17 18 19 20 0
uf20-0649 33542 -1 2 -3 4 5 -6 7 8 -9 -10 11 12 13 -14 15 16 17 18 19 20 0
uf20-0649 33248 -1 2 3 4 5 -6 7 8 -9 -10 -11 12 13 -14 15 16 17 18 19 20 0
uf20-0649 32769 -1 2 3 4 5 -6 7 8 -9 10 11 12 -13 -14 15 16 -17 18 19 20 0
uf20-0649 34570 -1 2 3 4 5 -6 7 8 -9 10 11 12 -13 -14 15 16 17 18 19 20 0
uf20-0649 34570 -1 2 3 4 5 -6 7 8 -9 10 11 12 -13 -14 15 16 17 18 19 20 0
uf20-0649 33079 -1 2 -3 4 5 -6 7 8 -9 10 11 12 -13 -14 15 16 17 18 19 20 0
uf20-0649 33967 -1 2 3 4 5 -6 7 8 -9 -10 11 12 -13 -14 15 16 17 18 19 20 0
uf20-0649 33079 -1 2 -3 4 5 -6 7 8 -9 10 11 12 -13 -14 15 16 17 18 19 20 0
uf20-0649 33967 -1 2 3 4 5 -6 7 8 -9 -10 11 12 -13 -14 15 16 17 18 19 20 0
uf20-0649 34570 -1 2 3 4 5 -6 7 8 -9 10 11 12 -13 -14 15 16 17 18 19 20 0
uf20-0649 33248 -1 2 3 4 5 -6 7 8 -9 -10 -11 12 13 -14 15 16 17 18 19 20 0
uf20-0649 32785 -1 2 3 4 5 -6 7 8 -9 10 -11 12 -13 -14 15 16 17 18 19 20 0
uf20-0649 34570 -1 2 3 4 5 -6 7 8 -9 10 11 12 -13 -14 15 16 17 18 19 20 0
uf20-0649 33967 -1 2 3 4 5 -6 7 8 -9 -10 11 12 -13 -14 15 16 17 18 19 20 0
uf20-0649 34570 -1 2 3 4 5 -6 7 8 -9 10 11 12 -13 -14 15 16 17 18 19 20 0
uf20-0649 34570 -1 2 3 4 5 -6 7 8 -9 10 11 12 -13 -14 15 16 17 18 19 20 0
uf20-0649 33967 -1 2 3 4 5 -6 7 8 -9 -10 11 12 -13 -14 15 16 17 18 19 20 0
uf20-0649 33542 -1 2 -3 4 5 -6 7 8 -9 -10 11 12 13 -14 15 16 17 18 19 20 0
uf20-0649 32785 -1 2 3 4 5 -6 7 8 -9 10 -11 12 -13 -14 15 16 17 18 19 20 0
uf20-0649 34570 -1 2 3 4 5 -6 7 8 -9 10 11 12 -13 -14 15 16 17 18 19 20 0
uf20-0649 33542 -1 2 -3 4 5 -6 7 8 -9 -10 11 12 13 -14 15 16 17 18 19 20 0
uf20-0649 34570 -1 2 3 4 5 -6 7 8 -9 10 11 12 -13 -14 15 16 17 18 19 20 0
uf20-0649 34570 -1 2 3 4 5 -6 7 8 -9 10 11 12 -13 -14 15 16 17 18 19 20 0
uf20-0649 34570 -1 2 3 4 5 -6 7 8 -9 10 11 12 -13 -14 15 16 17 18 19 20 0
uf20-0649 33542 -1 2 -3 4 5 -6 7 8 -9 -10 11 12 13 -14 15 16 17 18 19 20 0
uf20-0649 34570 -1 2 3 4 5 -6 7 8 -9 10 11 12 -13 -14 15 16 17 18 19 20 0
uf20-0649 33967 -1 2 3 4 5 -6 7 8 -9 -10 11 12 -13 -14 15 16 17 18 19 20 0
uf20-0649 33967 -1 2 3 4 5 -6 7 8 -9 -10 11 12 -13 -14 15 16 17 18 19 20 0
uf20-0649 33967 -1 2 3 4 5 -6 7 8 -9 -10 11 12 -13 -14 15 16 17 18 19 20 0
uf20-0649 33248 -1 2 3 4 5 -6 7 8 -9 -10 -11 12 13 -14 15 16 17 18 19 20 0
uf20-0649 34570 -1 2 3 4 5 -6 7 8 -9 10 11 12 -13 -14 15 16 17 18 19 20 0
uf20-0649 33967 -1 2 3 4 5 -6 7 8 -9 -10 11 12 -13 -14 15 16 17 18 19 20 0
uf20-0649 34570 -1 2 3 4 5 -6 7 8 -9 10 11 12 -13 -14 15 16 17 18 19 20 0
uf20-0649 33967 -1 2 3 4 5 -6 7 8 -9 -10 11 12 -13 -14 15 16 17 18 19 20 0
uf20-0649 32785 -1 2 3 4 5 -6 7 8 -9 10 -11 12 -13 -14 15 16 17 18 19 20 0
uf20-0649 34570 -1 2 3 4 5 -6 7 8 -9 10 11 12 -13 -14 15 16 17 18 19 20 0
uf20-0649 33248 -1 2 3 4 5 -6 7 8 -9 -10 -11 12 13 -14 15 16 17 18 19 20 0
uf20-0649 34570 -1 2 3 4 5 -6 7 8 -9 10 11 12 -13 -14 15 16 17 18 19 20 0
uf20-0649 34570 -1 2 3 4 5 -6 7 8 -9 10 11 12 -13 -14 15 16 17 18 19 20 0
uf20-0649 34570 -1 2 3 4 5 -6 7 8 -9 10 11 12 -13 -14 15 16 17 18 19 20 0
uf20-0649 34570 -1 2 3 4 5 -6 7 8 -9 10 11 12 -13 -14 15 16 17 18 19 20 0
uf20-0649 33967 -1 2 3 4 5 -6 7 8 -9 -10 11 12 -13 -14 15 16 17 18 19 20 0
uf20-0649 34570 -1 2 3 4 5 -6 7 8 -9 10 11 12 -13 -14 15 16 17 18 19 20 0
uf20-0649 33542 -1 2 -3 4 5 -6 7 8 -9 -10 11 12 13 -14 15 16 17 18 19 20 0
uf20-0649 33967 -1 2 3 4 5 -6 7 8 -9 -10 11 12 -13 -14 15 16 17 18 19 20 0
uf20-0649 32659 -1 -2 3 4 5 -6 7 8 -9 10 11 12 -13 -14 15 16 17 18 19 20 0
uf20-0649 33967 -1 2 3 4 5 -6 7 8 -9 -10 11 12 -13 -14 15 16 17 18 19 20 0
uf20-0649 34570 -1 2 3 4 5 -6 7 8 -9 10 11 12 -13 -14 15 16 17 18 19 20 0
uf20-0649 34570 -1 2 3 4 5 -6 7 8 -9 10 11 12 -13 -14 15 16 17 18 19 20 0
uf20-03 40889 1 2 3 -4 5 6 -7 8 9 10 11 12 13 14 15 -16 17 18 19 20 0
uf20-03 40979 1 2 3 4 5 6 -7 8 9 10 11 -12 13 14 15 -16 17 18 19 20 0
uf20-03 40452 1 2 3 4 -5 6 -7 8 9 10 11 -12 13 14 15 -16 17 18 19 20 0
uf20-03 40979 1 2 3 4 5 6 -7 8 9 10 11 -12 13 14 15 -16 17 18 19 20 0
uf20-03 40889 1 2 3 -4 5 6 -7 8 9 10 11 12 13 14 15 -16 17 18 19 20 0
uf20-03 40889 1 2 3 -4 5 6 -7 8 9 10 11 12 13 14 15 -16 17 18 19 20 0
uf20-03 40979 1 2 3 4 5 6 -7 8 9 10 11 -12 13 14 15 -16 17 18 19 20 0
uf20-03 40979 1 2 3 4 5 6 -7 8 9 10 11 -12 13 14 15 -16 17 18 19 20 0
uf20-03 40889 1 2 3 -4 5 6 -7 8 9 10 11 12 13 14 15 -16 17 18 19 20 0
uf20-03 40979 1 2 3 4 5 6 -7 8 9 10 11 -12 13 14 15 -16 17 18 19 20 0
uf20-03 40979 1 2 3 4 5 6 -7 8 9 10 11 -12 13 14 15 -16 17 18 19 20 0
uf20-03 40452 1 2 3 4 -5 6 -7 8 9 10 11 -12 13 14 15 -16 17 18 19 20 0
uf20-03 40979 1 2 3 4 5 6 -7 8 9 10 11 -12 13 14 15 -16 17 18 19 20 0
uf20-03 40889 1 2 3 -4 5 6 -7 8 9 10 11 12 13 14 15 -16 17 18 19 20 0
uf20-03 40889 1 2 3 -4 5 6 -7 8 9 10 11 12 13 14 15 -16 17 18 19 20 0
uf20-03 40889 1 2 3 -4 5 6 -7 8 9 10 11 12 13 14 15 -16 17 18 19 20 0
uf20-03 40979 1 2 3 4 5 6 -7 8 9 10 11 -12 13 14 15 -16 17 18 19 20 0
uf20-03 40452 1 2 3 4 -5 6 -7 8 9 10 11 -12 13 14 15 -16 17 18 19 20 0
uf20-03 39432 1 2 3 4 5 6 -7 8 9 10 -11 -12 13 14 15 -16 17 18 19 20 0
uf20-03 40979 1 2 3 4 5 6 -7 8 9 10 11 -12 13 14 15 -16 17 18 19 20 0
uf20-03 40979 1 2 3 4 5 6 -7 8 9 10 11 -12 13 14 15 -16 17 18 19 20 0
uf20-03 40979 1 2 3 4 5 6 -7 8 9 10 11 -12 13 14 15 -16 17 18 19 20 0
uf20-03 40633 1 2 3 4 5 6 -7 8 9 10 11 12 13 14 -15 -16 17 18 19 20 0
uf20-03 40979 1 2 3 4 5 6 -7 8 9 10 11 -12 13 14 15 -16 17 18 19 20 0
uf20-03 40979 1 2 3 4 5 6 -7 8 9 10 11 -12 13 14 15 -16 17 18 19 20 0
uf20-03 39432 1 2 3 4 5 6 -7 8 9 10 -11 -12 13 14 15 -16 17 18 19 20 0
uf20-03 39342 1 2 3 -4 5 6 -7 8 9 10 -11 12 13 14 15 -16 17 18 19 20 0
uf20-03 39534 1 2 3 4 5 6 -7 8 9 10 11 -12 13 14 15 -16 17 -18 19 20 0
uf20-03 39342 1 2 3 -4 5 6 -7 8 9 10 -11 12 13 14 15 -16 17 18 19 20 0
uf20-03 40633 1 2 3 4 5 6 -7 8 9 10 11 12 13 14 -15 -16 17 18 19 20 0
uf20-03 40889 1 2 3 -4 5 6 -7 8 9 10 11 12 13 14 15 -16 17 18 19 20 0
uf20-03 40633 1 2 3 4 5 6 -7 8 9 10 11 12 13 14 -15 -16 17 18 19 20 0
uf20-03 40979 1 2 3 4 5 6 -7 8 9 10 11 -12 13 14 15 -16 17 18 19 20 0
uf20-03 40979 1 2 3 4 5 6 -7 8 9 10 11 -12 13 14 15 -16 17 18 19 20 0
uf20-03 39534 1 2 3 4 5 6 -7 8 9 10 11 -12 13 14 15 -16 17 -18 19 20 0
uf20-03 40889 1 2 3 -4 5 6 -7 8 9 10 11 12 13 14 15 -16 17 18 19 20 0
uf20-03 40979 1 2 3 4 5 6 -7 8 9 10 11 -12 13 14 15 -16 17 18 19 20 0
uf20-03 40633 1 2 3 4 5 6 -7 8 9 10 11 12 13 14 -15 -16 17 18 19 20 0
uf20-03 40979 1 2 3 4 5 6 -7 8 9 10 11 -12 13 14 15 -16 17 18 19 20 0
uf20-03 40979 1 2 3 4 5 6 -7 8 9 10 11 -12 13 14 15 -16 17 18 19 20 0
uf20-03 40889 1 2 3 -4 5 6 -7 8 9 10 11 12 13 14 15 -16 17 18 19 20 0
uf20-03 40889 1 2 3 -4 5 6 -7 8 9 10 11 12 13 14 15 -16 17 18 19 20 0
uf20-03 40633 1 2 3 4 5 6 -7 8 9 10 11 12 13 14 -15 -16 17 18 19 20 0
uf20-03 40979 1 2 3 4 5 6 -7 8 9 10 11 -12 13 14 15 -16 17 18 19 20 0
uf20-03 40979 1 2 3 4 5 6 -7 8 9 10 11 -12 13 14 15 -16 17 18 19 20 0
uf20-03 40979 1 2 3 4 5 6 -7 8 9 10 11 -12 13 14 15 -16 17 18 19 20 0
uf20-03 40979 1 2 3 4 5 6 -7 8 9 10 11 -12 13 14 15 -16 17 18 19 20 0
uf20-03 39534 1 2 3 4 5 6 -7 8 9 10 11 -12 13 14 15 -16 17 -18 19 20 0
uf20-03 40889 1 2 3 -4 5 6 -7 8 9 10 11 12 13 14 15 -16 17 18 19 20 0
uf20-03 40889 1 2 3 -4 5 6 -7 8 9 10 11 12 13 14 15 -16 17 18 19 20 0
uf20-0210 24421 1 2 -3 4 5 6 7 -8 9 10 -11 12 13 14 15 -16 -17 -18 19 -20 0
uf20-0210 25452 1 2 -3 4 -5 6 7 8 9 10 -11 12 13 14 -15 -16 -17 -18 19 -20 0
uf20-0210 24692 1 2 -3 4 -5 6 7 8 9 10 11 12 -13 14 -15 -16 -17 -18 19 -20 0
uf20-0210 25142 1 2 -3 4 5 6 7 8 9 10 11 12 -13 14 15 -16 -17 -18 19 -20 0
uf20-0210 25229 1 2 -3 4 -5 6 7 -8 9 10 -11 12 13 14 -15 -16 17 -18 19 -20 0
uf20-0210 25452 1 2 -3 4 -5 6 7 8 9 10 -11 12 13 14 -15 -16 -17 -18 19 -20 0
uf20-0210 25142 1 2 -3 4 5 6 7 8 9 10 11 12 -13 14 15 -16 -17 -18 19 -20 0
uf20-0210 25452 1 2 -3 4 -5 6 7 8 9 10 -11 12 13 14 -15 -16 -17 -18 19 -20 0
uf20-0210 25594 1 2 -3 4 -5 6 7 8 9 10 -11 12 13 14 15 -16 -17 -18 19 -20 0
uf20-0210 25452 1 2 -3 4 -5 6 7 8 9 10 -11 12 13 14 -15 -16 -17 -18 19 -20 0
uf20-0210 25452 1 2 -3 4 -5 6 7 8 9 10 -11 12 13 14 -15 -16 -17 -18 19 -20 0
uf20-0210 25594 1 2 -3 4 -5 6 7 8 9 10 -11 12 13 14 15 -16 -17 -18 19 -20 0
uf20-0210 25229 1 2 -3 4 -5 6 7 -8 9 10 -11 12 13 14 -15 -16 17 -18 19 -20 0
uf20-0210 25594 1 2 -3 4 -5 6 7 8 9 10 -11 12 13 14 15 -16 -17 -18 19 -20 0
uf20-0210 25452 1 2 -3 4 -5 6 7 8 9 10 -11 12 13 14 -15 -16 -17 -18 19 -20 0
uf20-0210 25142 1 2 -3 4 5 6 7 8 9 10 11 12 -13 14 15 -16 -17 -18 19 -20 0
uf20-0210 25142 1 2 -3 4 5 6 7 8 9 10 11 12 -13 14 15 -16 -17 -18 19 -20 0
uf20-0210 24435 1 -2 -3 4 5 6 7 8 9 10 11 12 13 14 15 -16 -17 -18 19 -20 0
uf20-0210 25594 1 2 -3 4 -5 6 7 8 9 10 -11 12 13 14 15 -16 -17 -18 19 -20 0
uf20-0210 25594 1 2 -3 4 -5 6 7 8 9 10 -11 12 13 14 15 -16 -17 -18 19 -20 0
uf20-0210 25142 1 2 -3 4 5 6 7 8 9 10 11 12 -13 14 15 -16 -17 -18 19 -20 0
uf20-0210 25229 1 2 -3 4 -5 6 7 -8 9 10 -11 12 13 14 -15 -16 17 -18 19 -20 0
uf20-0210 25142 1 2 -3 4 5 6 7 8 9 10 11 12 -13 14 15 -16 -17 -18 19 -20 0
uf20-0210 25594 1 2 -3 4 -5 6 7 8 9 10 -11 12 13 14 15 -16 -17 -18 19 -20 0
uf20-0210 25594 1 2 -3 4 -5 6 7 8 9 10 -11 12 13 14 15 -16 -17 -18 19 -20 0
uf20-0210 25142 1 2 -3 4 5 6 7 8 9 10 11 12 -13 14 15 -16 -17 -18 19 -20 0
uf20-0210 25594 1 2 -3 4 -5 6 7 8 9 10 -11 12 13 14 15 -16 -17 -18 19 -20 0
uf20-0210 25594 1 2 -3 4 -5 6 7 8 9 10 -11 12 13 14 15 -16 -17 -18 19 -20 0
uf20-0210 25229 1 2 -3 4 -5 6 7 -8 9 10 -11 12 13 14 -15 -16 17 -18 19 -20 0
uf20-0210 23661 1 2 -3 4 5 6 7 -8 9 10 11 12 -13 14 15 -16 -17 -18 19 -20 0
uf20-0210 25229 1 2 -3 4 -5 6 7 -8 9 10 -11 12 13 14 -15 -16 17 -18 19 -20 0
uf20-0210 25594 1 2 -3 4 -5 6 7 8 9 10 -11 12 13 14 15 -16 -17 -18 19 -20 0
uf20-0210 25142 1 2 -3 4 5 6 7 8 9 10 11 12 -13 14 15 -16 -17 -18 19 -20 0
uf20-0210 24834 1 2 -3 4 -5 6 7 8 9 10 11 12 -13 14 15 -16 -17 -18 19 -20 0
uf20-0210 25594 1 2 -3 4 -5 6 7 8 9 10 -11 12 13 14 15 -16 -17 -18 19 -20 0
uf20-0210 25229 1 2 -3 4 -5 6 7 -8 9 10 -11 12 13 14 -15 -16 17 -18 19 -20 0
uf20-0210 24435 1 -2 -3 4 5 6 7 8 9 10 11 12 13 14 15 -16 -17 -18 19 -20 0
uf20-0210 24834 1 2 -3 4 -5 6 7 8 9 10 11 12 -13 14 15 -16 -17 -18 19 -20 0
uf20-0210 25594 1 2 -3 4 -5 6 7 8 9 10 -11 12 13 14 15 -16 -17 -18 19 -20 0
uf20-0210 25594 1 2 -3 4 -5 6 7 8 9 10 -11 12 13 14 15 -16 -17 -18 19 -20 0
uf20-0210 25229 1 2 -3 4 -5 6 7 -8 9 10 -11 12 13 14 -15 -16 17 -18 19 -20 0
uf20-0210 25142 1 2 -3 4 5 6 7 8 9 10 11 12 -13 14 15 -16 -17 -18 19 -20 0
uf20-0210 25594 1 2 -3 4 -5 6 7 8 9 10 -11 12 13 14 15 -16 -17 -18 19 -20 0
uf20-0210 25594 1 2 -3 4 -5 6 7 8 9 10 -11 12 13 14 15 -16 -17 -18 19 -20 0
uf20-0210 25594 1 2 -3 4 -5 6 7 8 9 10 -11 12 13 14 15 -16 -17 -18 19 -20 0
uf20-0210 25229 1 2 -3 4 -5 6 7 -8 9 10 -11 12 13 14 -15 -16 17 -18 19 -20 0
uf20-0210 25594 1 2 -3 4 -5 6 7 8 9 10 -11 12 13 14 15 -16 -17 -18 19 -20 0
uf20-0210 25452 1 2 -3 4 -5 6 7 8 9 10 -11 12 13 14 -15 -16 -17 -18 19 -20 0
uf20-0210 24435 1 -2 -3 4 5 6 7 8 9 10 11 12 13 14 15 -16 -17 -18 19 -20 0
uf20-0210 25142 1 2 -3 4 5 6 7 8 9 10 11 12 -13 14 15 -16 -17 -18 19 -20 0
uf20-0204 45839 -1 2 3 4 5 6 7 8 9 10 11 -12 13 14 -15 16 -17 18 19 -20 0
uf20-0204 46293 -1 2 3 4 5 6 7 -8 9 10 11 -12 13 14 15 16 -17 18 19 -20 0
uf20-0204 46293 -1 2 3 4 5 6 7 -8 9 10 11 -12 13 14 15 16 -17 18 19 -20 0
uf20-0204 45839 -1 2 3 4 5 6 7 8 9 10 11 -12 13 14 -15 16 -17 18 19 -20 0
uf20-0204 46293 -1 2 3 4 5 6 7 -8 9 10 11 -12 13 14 15 16 -17 18 19 -20 0
uf20-0204 44516 -1 2 3 4 5 6 7 -8 9 10 11 -12 13 14 -15 16 -17 18 19 -20 0
uf20-0204 46293 -1 2 3 4 5 6 7 -8 9 10 11 -12 13 14 15 16 -17 18 19 -20 0
uf20-0204 46293 -1 2 3 4 5 6 7 -8 9 10 11 -12 13 14 15 16 -17 18 19 -20 0
uf20-0204 46293 -1 2 3 4 5 6 7 -8 9 10 11 -12 13 14 15 16 -17 18 19 -20 0
uf20-0204 46293 -1 2 3 4 5 6 7 -8 9 10 11 -12 13 14 15 16 -17 18 19 -20 0
uf20-0204 44910 -1 -2 3 4 5 6 7 -8 9 10 11 -12 13 14 15 16 -17 18 19 -20 0
uf20-0204 46293 -1 2 3 4 5 6 7 -8 9 10 11 -12 13 14 15 16 -17 18 19 -20 0
uf20-0204 46293 -1 2 3 4 5 6 7 -8 9 10 11 -12 13 14 15 16 -17 18 19 -20 0
uf20-0204 46293 -1 2 3 4 5 6 7 -8 9 10 11 -12 13 14 15 16 -17 18 19 -20 0
uf20-0204 45839 -1 2 3 4 5 6 7 8 9 10 11 -12 13 14 -15 16 -17 18 19 -20 0
uf20-0204 46293 -1 2 3 4 5 6 7 -8 9 10 11 -12 13 14 15 16 -17 18 19 -20 0
uf20-0204 43871 -1 2 3 4 5 6 7 8 9 10 -11 -12 13 14 -15 16 -17 18 19 -20 0
uf20-0204 44516 -1 2 3 4 5 6 7 -8 9 10 11 -12 13 14 -15 16 -17 18 19 -20 0
uf20-0204 46293 -1 2 3 4 5 6 7 -8 9 10 11 -12 13 14 15 16 -17 18 19 -20 0
uf20-0204 46293 -1 2 3 4 5 6 7 -8 9 10 11 -12 13 14 15 16 -17 18 19 -20 0
uf20-0204 46293 -1 2 3 4 5 6 7 -8 9 10 11 -12 13 14 15 16 -17 18 19 -20 0
uf20-0204 43871 -1 2 3 4 5 6 7 8 9 10 -11 -12 13 14 -15 16 -17 18 19 -20 0
uf20-0204 43849 -1 2 3 4 5 6 7 -8 9 10 11 -12 13 -14 15 16 -17 18 19 -20 0
uf20-0204 45839 -1 2 3 4 5 6 7 8 9 10 11 -12 13 14 -15 16 -17 18 19 -20 0
uf20-0204 45839 -1 2 3 4 5 6 7 8 9 10 11 -12 13 14 -15 16 -17 18 19 -20 0
uf20-0204 44516 -1 2 3 4 5 6 7 -8 9 10 11 -12 13 14 -15 16 -17 18 19 -20 0
uf20-0204 44516 -1 2 3 4 5 6 7 -8 9 10 11 -12 13 14 -15 16 -17 18 19 -20 0
uf20-0204 46293 -1 2 3 4 5 6 7 -8 9 10 11 -12 13 14 15 16 -17 18 19 -20 0
uf20-0204 46293 -1 2 3 4 5 6 7 -8 9 10 11 -12 13 14 15 16 -17 18 19 -20 0
uf20-0204 45839 -1 2 3 4 5 6 7 8 9 10 11 -12 13 14 -15 16 -17 18 19 -20 0
uf20-0204 46293 -1 2 3 4 5 6 7 -8 9 10 11 -12 13 14 15 16 -17 18 19 -20 0
uf20-0204 46293 -1 2 3 4 5 6 7 -8 9 10 11 -12 13 14 15 16 -17 18 19 -20 0
uf20-0204 44456 -1 -2 3 4 5 6 7 8 9 10 11 -12 13 14 -15 16 -17 18 19 -20 0
uf20-0204 46293 -1 2 3 4 5 6 7 -8 9 10 11 -12 13 14 15 16 -17 18 19 -20 0
uf20-0204 44325 -1 2 3 4 5 6 7 -8 9 10 -11 -12 13 14 15 16 -17 18 19 -20 0
uf20-0204 46293 -1 2 3 4 5 6 7 -8 9 10 11 -12 13 14 15 16 -17 18 19 -20 0
uf20-0204 46293 -1 2 3 4 5 6 7 -8 9 10 11 -12 13 14 15 16 -17 18 19 -20 0
uf20-0204 45839 -1 2 3 4 5 6 7 8 9 10 11 -12 13 14 -15 16 -17 18 19 -20 0
uf20-0204 46293 -1 2 3 4 5 6 7 -8 9 10 11 -12 13 14 15 16 -17 18 19 -20 0
uf20-0204 45839 -1 2 3 4 5 6 7 8 9 10 11 -12 13 14 -15 16 -17 18 19 -20 0
uf20-0204 46293 -1 2 3 4 5 6 7 -8 9 10 11 -12 13 14 15 16 -17 18 19 -20 0
uf20-0204 44516 -1 2 3 4 5 6 7 -8 9 10 11 -12 13 14 -15 16 -17 18 19 -20 0
uf20-0204 46293 -1 2 3 4 5 6 7 -8 9 10 11 -12 13 14 15 16 -17 18 19 -20 0
uf20-0204 45839 -1 2 3 4 5 6 7 8 9 10 11 -12 13 14 -15 16 -17 18 19 -20 0
uf20-0204 44456 -1 -2 3 4 5 6 7 8 9 10 11 -12 13 14 -15 16 -17 18 19 -20 0
uf20-0204 46293 -1 2 3 4 5 6 7 -8 9 10 11 -12 13 14 15 16 -17 18 19 -20 0
uf20-0204 44516 -1 2 3 4 5 6 7 -8 9 10 11 -12 13 14 -15 16 -17 18 19 -20 0
uf20-0204 46293 -1 2 3 4 5 6 7 -8 9 10 11 -12 13 14 15 16 -17 18 19 -20 0
uf20-0204 45839 -1 2 3 4 5 6 7 8 9 10 11 -12 13 14 -15 16 -17 18 19 -20 0
uf20-0204 46293 -1 2 3 4 5 6 7 -8 9 10 11 -12 13 14 15 16 -17 18 19 -20 0
uf20-0367 32938 1 -2 -3 4 -5 -6 7 8 9 10 11 12 13 14 15 16 17 18 -19 -20 0
uf20-0367 34512 1 -2 3 4 -5 -6 7 8 9 10 11 12 13 14 15 16 17 18 -19 -20 0
uf20-0367 34512 1 -2 3 4 -5 -6 7 8 9 10 11 12 13 14 15 16 17 18 -19 -20 0
uf20-0367 33407 1 -2 3 4 -5 -6 7 8 9 10 11 12 -13 14 15 16 17 18 -19 -20 0
uf20-0367 32798 1 -2 3 4 -5 6 -7 8 9 10 11 12 13 14 15 16 17 18 -19 -20 0
uf20-0367 32798 1 -2 3 4 -5 6 -7 8 9 10 11 12 13 14 15 16 17 18 -19 -20 0
uf20-0367 34512 1 -2 3 4 -5 -6 7 8 9 10 11 12 13 14 15 16 17 18 -19 -20 0
uf20-0367 33407 1 -2 3 4 -5 -6 7 8 9 10 11 12 -13 14 15 16 17 18 -19 -20 0
uf20-0367 34512 1 -2 3 4 -5 -6 7 8 9 10 11 12 13 14 15 16 17 18 -19 -20 0
uf20-0367 34512 1 -2 3 4 -5 -6 7 8 9 10 11 12 13 14 15 16 17 18 -19 -20 0
uf20-0367 33407 1 -2 3 4 -5 -6 7 8 9 10 11 12 -13 14 15 16 17 18 -19 -20 0
uf20-0367 34512 1 -2 3 4 -5 -6 7 8 9 10 11 12 13 14 15 16 17 18 -19 -20 0
uf20-0367 33407 1 -2 3 4 -5 -6 7 8 9 10 11 12 -13 14 15 16 17 18 -19 -20 0
uf20-0367 34512 1 -2 3 4 -5 -6 7 8 9 10 11 12 13 14 15 16 17 18 -19 -20 0
uf20-0367 32821 -1 -2 3 4 -5 -6 7 8 9 10 11 12 13 14 15 16 17 18 -19 -20 0
uf20-0367 32938 1 -2 -3 4 -5 -6 7 8 9 10 11 12 13 14 15 16 17 18 -19 -20 0
uf20-0367 34512 1 -2 3 4 -5 -6 7 8 9 10 11 12 13 14 15 16 17 18 -19 -20 0
uf20-0367 32798 1 -2 3 4 -5 6 -7 8 9 10 11 12 13 14 15 16 17 18 -19 -20 0
uf20-0367 32938 1 -2 -3 4 -5 -6 7 8 9 10 11 12 13 14 15 16 17 18 -19 -20 0
uf20-0367 32821 -1 -2 3 4 -5 -6 7 8 9 10 11 12 13 14 15 16 17 18 -19 -20 0
uf20-0367 34512 1 -2 3 4 -5 -6 7 8 9 10 11 12 13 14 15 16 17 18 -19 -20 0
uf20-0367 33407 1 -2 3 4 -5 -6 7 8 9 10 11 12 -13 14 15 16 17 18 -19 -20 0
uf20-0367 34512 1 -2 3 4 -5 -6 7 8 9 10 11 12 13 14 15 16 17 18 -19 -20 0
uf20-0367 34512 1 -2 3 4 -5 -6 7 8 9 10 11 12 13 14 15 16 17 18 -19 -20 0
uf20-0367 33407 1 -2 3 4 -5 -6 7 8 9 10 11 12 -13 14 15 16 17 18 -19 -20 0
uf20-0367 32821 -1 -2 3 4 -5 -6 7 8 9 10 11 12 13 14 15 16 17 18 -19 -20 0
uf20-0367 34512 1 -2 3 4 -5 -6 7 8 9 10 11 12 13 14 15 16 17 18 -19 -20 0
uf20-0367 34512 1 -2 3 4 -5 -6 7 8 9 10 11 12 13 14 15 16 17 18 -19 -20 0
uf20-0367 33407 1 -2 3 4 -5 -6 7 8 9 10 11 12 -13 14 15 16 17 18 -19 -20 0
uf20-0367 33407 1 -2 3 4 -5 -6 7 8 9 10 11 12 -13 14 15 16 17 18 -19 -20 0
uf20-0367 34512 1 -2 3 4 -5 -6 7 8 9 10 11 12 13 14 15 16 17 18 -19 -20 0
uf20-0367 32938 1 -2 -3 4 -5 -6 7 8 9 10 11 12 13 14 15 16 17 18 -19 -20 0
uf20-0367 34512 1 -2 3 4 -5 -6 7 8 9 10 11 12 13 14 15 16 17 18 -19 -20 0
uf20-0367 32938 1 -2 -3 4 -5 -6 7 8 9 10 11 12 13 14 15 16 17 18 -19 -20 0
uf20-0367 34512 1 -2 3 4 -5 -6 7 8 9 10 11 12 13 14 15 16 17 18 -19 -20 0
uf20-0367 34512 1 -2 3 4 -5 -6 7 8 9 10 11 12 13 14 15 16 17 18 -19 -20 0
uf20-0367 34512 1 -2 3 4 -5 -6 7 8 9 10 11 12 13 14 15 16 17 18 -19 -20 0
uf20-0367 34512 1 -2 3 4 -5 -6 7 8 9 10 11 12 13 14 15 16 17 18 -19 -20 0
uf20-0367 34512 1 -2 3 4 -5 -6 7 8 9 10 11 12 13 14 15 16 17 18 -19 -20 0
uf20-0367 34512 1 -2 3 4 -5 -6 7 8 9 10 11 12 13 14 15 16 17 18 -19 -20 0
uf20-0367 32798 1 -2 3 4 -5 6 -7 8 9 10 11 12 13 14 15 16 17 18 -19 -20 0
uf20-0367 34512 1 -2 3 4 -5 -6 7 8 9 10 11 12 13 14 15 16 17 18 -19 -20 0
uf20-0367 34512 1 -2 3 4 -5 -6 7 8 9 10 11 12 13 14 15 16 17 18 -19 -20 0
uf20-0367 34512 1 -2 3 4 -5 -6 7 8 9 10 11 12 13 14 15 16 17 18 -19 -20 0
uf20-0367 34512 1 -2 3 4 -5 -6 7 8 9 10 11 12 13 14 15 16 17 18 -19 -20 0
uf20-0367 33407 1 -2 3 4 -5 -6 7 8 9 10 11 12 -13 14 15 16 17 18 -19 -20 0
uf20-0367 34512 1 -2 3 4 -5 -6 7 8 9 10 11 12 13 14 15 16 17 18 -19 -20 0
uf20-0367 33407 1 -2 3 4 -5 -6 7 8 9 10 11 12 -13 14 15 16 17 18 -19 -20 0
uf20-0367 34512 1 -2 3 4 -5 -6 7 8 9 10 11 12 13 14 15 16 17 18 -19 -20 0
uf20-0367 32821 -1 -2 3 4 -5 -6 7 8 9 10 11 12 13 14 15 16 17 18 -19 -20 0
uf20-0836 42669 1 2 3 -4 5 6 7 -8 9 10 11 12 13 -14 15 16 17 18 -19 20 0
uf20-0836 42669 1 2 3 -4 5 6 7 -8 9 10 11 12 13 -14 15 16 17 18 -19 20 0
uf20-0836 40977 1 2 3 -4 5 6 7 -8 9 10 11 12 13 -14 -15 16 17 18 -19 20 0
uf20-0836 42669 1 2 3 -4 5 6 7 -8 9 10 11 12 13 -14 15 16 17 18 -19 20 0
uf20-0836 42669 1 2 3 -4 5 6 7 -8 9 10 11 12 13 -14 15 16 17 18 -19 20 0
uf20-0836 42669 1 2 3 -4 5 6 7 -8 9 10 11 12 13 -14 15 16 17 18 -19 20 0
uf20-0836 42669 1 2 3 -4 5 6 7 -8 9 10 11 12 13 -14 15 16 17 18 -19 20 0
uf20-0836 42478 1 2 3 4 5 6 7 -8 9 -10 11 12 13 -14 15 16 17 18 -19 20 0
uf20-0836 42478 1 2 3 4 5 6 7 -8 9 -10 11 12 13 -14 15 16 17 18 -19 20 0
uf20-0836 40919 1 2 3 -4 5 6 7 -8 9 10 11 12 13 -14 15 16 17 -18 -19 20 0
uf20-0836 42669 1 2 3 -4 5 6 7 -8 9 10 11 12 13 -14 15 16 17 18 -19 20 0
uf20-0836 42478 1 2 3 4 5 6 7 -8 9 -10 11 12 13 -14 15 16 17 18 -19 20 0
uf20-0836 42669 1 2 3 -4 5 6 7 -8 9 10 11 12 13 -14 15 16 17 18 -19 20 0
uf20-0836 42478 1 2 3 4 5 6 7 -8 9 -10 11 12 13 -14 15 16 17 18 -19 20 0
uf20-0836 42669 1 2 3 -4 5 6 7 -8 9 10 11 12 13 -14 15 16 17 18 -19 20 0
uf20-0836 42478 1 2 3 4 5 6 7 -8 9 -10 11 12 13 -14 15 16 17 18 -19 20 0
uf20-0836 42669 1 2 3 -4 5 6 7 -8 9 10 11 12 13 -14 15 16 17 18 -19 20 0
uf20-0836 42669 1 2 3 -4 5 6 7 -8 9 10 11 12 13 -14 15 16 17 18 -19 20 0
uf20-0836 42669 1 2 3 -4 5 6 7 -8 9 10 11 12 13 -14 15 16 17 18 -19 20 0
uf20-0836 40919 1 2 3 -4 5 6 7 -8 9 10 11 12 13 -14 15 16 17 -18 -19 20 0
uf20-0836 40919 1 2 3 -4 5 6 7 -8 9 10 11 12 13 -14 15 16 17 -18 -19 20 0
uf20-0836 42669 1 2 3 -4 5 6 7 -8 9 10 11 12 13 -14 15 16 17 18 -19 20 0
uf20-0836 41317 1 2 3 -4 5 6 7 -8 9 -10 11 12 13 -14 15 16 17 18 -19 20 0
uf20-0836 42669 1 2 3 -4 5 6 7 -8 9 10 11 12 13 -14 15 16 17 18 -19 20 0
uf20-0836 42478 1 2 3 4 5 6 7 -8 9 -10 11 12 13 -14 15 16 17 18 -19 20 0
uf20-0836 42669 1 2 3 -4 5 6 7 -8 9 10 11 12 13 -14 15 16 17 18 -19 20 0
uf20-0836 41317 1 2 3 -4 5 6 7 -8 9 -10 11 12 13 -14 15 16 17 18 -19 20 0
uf20-0836 40919 1 2 3 -4 5 6 7 -8 9 10 11 12 13 -14 15 16 17 -18 -19 20 0
uf20-0836 42669 1 2 3 -4 5 6 7 -8 9 10 11 12 13 -14 15 16 17 18 -19 20 0
uf20-0836 42478 1 2 3 4 5 6 7 -8 9 -10 11 12 13 -14 15 16 17 18 -19 20 0
uf20-0836 42669 1 2 3 -4 5 6 7 -8 9 10 11 12 13 -14 15 16 17 18 -19 20 0
uf20-0836 42669 1 2 3 -4 5 6 7 -8 9 10 11 12 13 -14 15 16 17 18 -19 20 0
uf20-0836 42669 1 2 3 -4 5 6 7 -8 9 10 11 12 13 -14 15 16 17 18 -19 20 0
uf20-0836 42669 1 2 3 -4 5 6 7 -8 9 10 11 12 13 -14 15 16 17 18 -19 20 0
uf20-0836 42669 1 2 3 -4 5 6 7 -8 9 10 11 12 13 -14 15 16 17 18 -19 20 0
uf20-0836 42669 1 2 3 -4 5 6 7 -8 9 10 11 12 13 -14 15 16 17 18 -19 20 0
uf20-0836 42478 1 2 3 4 5 6 7 -8 9 -10 11 12 13 -14 15 16 17 18 -19 20 0
uf20-0836 42669 1 2 3 -4 5 6 7 -8 9 10 11 12 13 -14 15 16 17 18 -19 20 0
uf20-0836 42478 1 2 3 4 5 6 7 -8 9 -10 11 12 13 -14 15 16 17 18 -19 20 0
uf20-0836 41317 1 2 3 -4 5 6 7 -8 9 -10 11 12 13 -14 15 16 17 18 -19 20 0
uf20-0836 42669 1 2 3 -4 5 6 7 -8 9 10 11 12 13 -14 15 16 17 18 -19 20 0
uf20-0836 42669 1 2 3 -4 5 6 7 -8 9 10 11 12 13 -14 15 16 17 18 -19 20 0
uf20-0836 42478 1 2 3 4 5 6 7 -8 9 -10 11 12 13 -14 15 16 17 18 -19 20 0
uf20-0836 42478 1 2 3 4 5 6 7 -8 9 -10 11 12 13 -14 15 16 17 18 -19 20 0
uf20-0836 41317 1 2 3 -4 5 6 7 -8 9 -10 11 12 13 -14 15 16 17 18 -19 20 0
uf20-0836 42669 1 2 3 -4 5 6 7 -8 9 10 11 12 13 -14 15 16 17 18 -19 20 0
uf20-0836 42478 1 2 3 4 5 6 7 -8 9 -10 11 12 13 -14 15 16 17 18 -19 20 0
uf20-0836 42669 1 2 3 -4 5 6 7 -8 9 10 11 12 13 -14 15 16 17 18 -19 20 0
uf20-0836 41317 1 2 3 -4 5 6 7 -8 9 -10 11 12 13 -14 15 16 17 18 -19 20 0
uf20-0836 42669 1 2 3 -4 5 6 7 -8 9 10 11 12 13 -14 15 16 17 18 -19 20 0
uf20-0563 38233 1 -2 3 4 5 6 -7 8 9 -10 -11 12 13 14 15 16 17 18 19 20 0
uf20-0563 38233 1 -2 3 4 5 6 -7 8 9 -10 -11 12 13 14 15 16 17 18 19 20 0
uf20-0563 39061 1 -2 3 4 5 6 -7 8 9 10 -11 12 13 14 15 16 17 18 19 -20 0
uf20-0563 38233 1 -2 3 4 5 6 -7 8 9 -10 -11 12 13 14 15 16 17 18 19 20 0
uf20-0563 39061 1 -2 3 4 5 6 -7 8 9 10 -11 12 13 14 15 16 17 18 19 -20 0
uf20-0563 37735 1 -2 3 4 5 6 -7 8 -9 10 -11 12 13 14 15 16 17 18 19 -20 0
uf20-0563 38287 1 -2 3 4 5 6 -7 8 9 10 -11 12 13 -14 15 16 17 18 19 20 0
uf20-0563 39061 1 -2 3 4 5 6 -7 8 9 10 -11 12 13 14 15 16 17 18 19 -20 0
uf20-0563 37320 1 -2 3 4 5 6 -7 8 9 10 -11 12 13 -14 15 16 17 18 19 -20 0
uf20-0563 39061 1 -2 3 4 5 6 -7 8 9 10 -11 12 13 14 15 16 17 18 19 -20 0
uf20-0563 39061 1 -2 3 4 5 6 -7 8 9 10 -11 12 13 14 15 16 17 18 19 -20 0
uf20-0563 38287 1 -2 3 4 5 6 -7 8 9 10 -11 12 13 -14 15 16 17 18 19 20 0
uf20-0563 39061 1 -2 3 4 5 6 -7 8 9 10 -11 12 13 14 15 16 17 18 19 -20 0
uf20-0563 38233 1 -2 3 4 5 6 -7 8 9 -10 -11 12 13 14 15 16 17 18 19 20 0
uf20-0563 37735 1 -2 3 4 5 6 -7 8 -9 10 -11 12 13 14 15 16 17 18 19 -20 0
uf20-0563 38233 1 -2 3 4 5 6 -7 8 9 -10 -11 12 13 14 15 16 17 18 19 20 0
uf20-0563 37735 1 -2 3 4 5 6 -7 8 -9 10 -11 12 13 14 15 16 17 18 19 -20 0
uf20-0563 38287 1 -2 3 4 5 6 -7 8 9 10 -11 12 13 -14 15 16 17 18 19 20 0
uf20-0563 37185 1 -2 3 4 5 -6 -7 8 9 10 -11 12 13 14 15 16 17 18 19 -20 0
uf20-0563 38287 1 -2 3 4 5 6 -7 8 9 10 -11 12 13 -14 15 16 17 18 19 20 0
uf20-0563 37402 1 -2 -3 4 5 6 -7 8 9 10 -11 12 13 14 15 16 17 18 19 -20 0
uf20-0563 37402 1 -2 -3 4 5 6 -7 8 9 10 -11 12 13 14 15 16 17 18 19 -20 0
uf20-0563 36907 1 -2 3 4 5 6 -7 8 -9 -10 -11 12 13 14 15 16 17 18 19 20 0
uf20-0563 37320 1 -2 3 4 5 6 -7 8 9 10 -11 12 13 -14 15 16 17 18 19 -20 0
uf20-0563 39061 1 -2 3 4 5 6 -7 8 9 10 -11 12 13 14 15 16 17 18 19 -20 0
uf20-0563 37735 1 -2 3 4 5 6 -7 8 -9 10 -11 12 13 14 15 16 17 18 19 -20 0
uf20-0563 39061 1 -2 3 4 5 6 -7 8 9 10 -11 12 13 14 15 16 17 18 19 -20 0
uf20-0563 37402 1 -2 -3 4 5 6 -7 8 9 10 -11 12 13 14 15 16 17 18 19 -20 0
uf20-0563 38287 1 -2 3 4 5 6 -7 8 9 10 -11 12 13 -14 15 16 17 18 19 20 0
uf20-0563 38287 1 -2 3 4 5 6 -7 8 9 10 -11 12 13 -14 15 16 17 18 19 20 0
uf20-0563 39061 1 -2 3 4 5 6 -7 8 9 10 -11 12 13 14 15 16 17 18 19 -20 0
uf20-0563 37346 1 -2 3 4 5 6 -7 8 9 10 -11 12 13 14 15 -16 17 18 19 -20 0
uf20-0563 36961 1 -2 3 4 5 6 -7 8 -9 10 -11 12 13 -14 15 16 17 18 19 20 0
uf20-0563 38287 1 -2 3 4 5 6 -7 8 9 10 -11 12 13 -14 15 16 17 18 19 20 0
uf20-0563 36961 1 -2 3 4 5 6 -7 8 -9 10 -11 12 13 -14 15 16 17 18 19 20 0
uf20-0563 39061 1 -2 3 4 5 6 -7 8 9 10 -11 12 13 14 15 16 17 18 19 -20 0
uf20-0563 38287 1 -2 3 4 5 6 -7 8 9 10 -11 12 13 -14 15 16 17 18 19 20 0
uf20-0563 39061 1 -2 3 4 5 6 -7 8 9 10 -11 12 13 14 15 16 17 18 19 -20 0
uf20-0563 38287 1 -2 3 4 5 6 -7 8 9 10 -11 12 13 -14 15 16 17 18 19 20 0
uf20-0563 37402 1 -2 -3 4 5 6 -7 8 9 10 -11 12 13 14 15 16 17 18 19 -20 0
uf20-0563 39061 1 -2 3 4 5 6 -7 8 9 10 -11 12 13 14 15 16 17 18 19 -20 0
uf20-0563 37320 1 -2 3 4 5 6 -7 8 9 10 -11 12 13 -14 15 16 17 18 19 -20 0
uf20-0563 39061 1 -2 3 4 5 6 -7 8 9 10 -11 12 13 14 15 16 17 18 19 -20 0
uf20-0563 38233 1 -2 3 4 5 6 -7 8 9 -10 -11 12 13 14 15 16 17 18 19 20 0
uf20-0563 39061 1 -2 3 4 5 6 -7 8 9 10 -11 12 13 14 15 16 17 18 19 -20 0
uf20-0563 38233 1 -2 3 4 5 6 -7 8 9 -10 -11 12 13 14 15 16 17 18 19 20 0
uf20-0563 39061 1 -2 3 4 5 6 -7 8 9 10 -11 12 13 14 15 16 17 18 19 -20 0
uf20-0563 39061 1 -2 3 4 5 6 -7 8 9 10 -11 12 13 14 15 16 17 18 19 -20 0
uf20-0563 37735 1 -2 3 4 5 6 -7 8 -9 10 -11 12 13 14 15 16 17 18 19 -20 0
uf20-0563 37266 1 -2 3 4 5 6 -7 8 9 -10 -11 12 13 14 15 16 17 18 19 -20 0
uf20-0966 43730 -1 -2 3 4 5 6 7 8 9 10 11 12 13 14 -15 16 17 18 19 20 0
uf20-0966 43621 -1 -2 3 -4 5 6 7 8 9 10 11 12 13 14 15 16 17 18 19 20 0
uf20-0966 43621 -1 -2 3 -4 5 6 7 8 9 10 11 12 13 14 15 16 17 18 19 20 0
uf20-0966 43730 -1 -2 3 4 5 6 7 8 9 10 11 12 13 14 -15 16 17 18 19 20 0
uf20-0966 43621 -1 -2 3 -4 5 6 7 8 9 10 11 12 13 14 15 16 17 18 19 20 0
uf20-0966 43730 -1 -2 3 4 5 6 7 8 9 10 11 12 13 14 -15 16 17 18 19 20 0
uf20-0966 43730 -1 -2 3 4 5 6 7 8 9 10 11 12 13 14 -15 16 17 18 19 20 0
uf20-0966 43730 -1 -2 3 4 5 6 7 8 9 10 11 12 13 14 -15 16 17 18 19 20 0
uf20-0966 43730 -1 -2 3 4 5 6 7 8 9 10 11 12 13 14 -15 16 17 18 19 20 0
uf20-0966 43730 -1 -2 3 4 5 6 7 8 9 10 11 12 13 14 -15 16 17 18 19 20 0
uf20-0966 43730 -1 -2 3 4 5 6 7 8 9 10 11 12 13 14 -15 16 17 18 19 20 0
uf20-0966 43730 -1 -2 3 4 5 6 7 8 9 10 11 12 13 14 -15 16 17 18 19 20 0
uf20-0966 43730 -1 -2 3 4 5 6 7 8 9 10 11 12 13 14 -15 16 17 18 19 20 0
uf20-0966 42740 -1 -2 3 -4 5 6 7 8 9 -10 11 12 13 14 15 16 17 18 19 20 0
uf20-0966 43730 -1 -2 3 4 5 6 7 8 9 10 11 12 13 14 -15 16 17 18 19 20 0
uf20-0966 43621 -1 -2 3 -4 5 6 7 8 9 10 11 12 13 14 15 16 17 18 19 20 0
uf20-0966 43621 -1 -2 3 -4 5 6 7 8 9 10 11 12 13 14 15 16 17 18 19 20 0
uf20-0966 43621 -1 -2 3 -4 5 6 7 8 9 10 11 12 13 14 15 16 17 18 19 20 0
uf20-0966 43621 -1 -2 3 -4 5 6 7 8 9 10 11 12 13 14 15 16 17 18 19 20 0
uf20-0966 43621 -1 -2 3 -4 5 6 7 8 9 10 11 12 13 14 15 16 17 18 19 20 0
uf20-0966 42849 -1 -2 3 4 5 6 7 8 9 -10 11 12 13 14 -15 16 17 18 19 20 0
uf20-0966 43730 -1 -2 3 4 5 6 7 8 9 10 11 12 13 14 -15 16 17 18 19 20 0
uf20-0966 43730 -1 -2 3 4 5 6 7 8 9 10 11 12 13 14 -15 16 17 18 19 20 0
uf20-0966 43730 -1 -2 3 4 5 6 7 8 9 10 11 12 13 14 -15 16 17 18 19 20 0
uf20-0966 43730 -1 -2 3 4 5 6 7 8 9 10 11 12 13 14 -15 16 17 18 19 20 0
uf20-0966 43730 -1 -2 3 4 5 6 7 8 9 10 11 12 13 14 -15 16 17 18 19 20 0
uf20-0966 43730 -1 -2 3 4 5 6 7 8 9 10 11 12 13 14 -15 16 17 18 19 20 0
uf20-0966 43621 -1 -2 3 -4 5 6 7 8 9 10 11 12 13 14 15 16 17 18 19 20 0
uf20-0966 43730 -1 -2 3 4 5 6 7 8 9 10 11 12 13 14 -15 16 17 18 19 20 0
uf20-0966 43621 -1 -2 3 -4 5 6 7 8 9 10 11 12 13 14 15 16 17 18 19 20 0
uf20-0966 43730 -1 -2 3 4 5 6 7 8 9 10 11 12 13 14 -15 16 17 18 19 20 0
uf20-0966 43730 -1 -2 3 4 5 6 7 8 9 10 11 12 13 14 -15 16 17 18 19 20 0
uf20-0966 43621 -1 -2 3 -4 5 6 7 8 9 10 11 12 13 14 15 16 17 18 19 20 0
uf20-0966 43730 -1 -2 3 4 5 6 7 8 9 10 11 12 13 14 -15 16 17 18 19 20 0
uf20-0966 43730 -1 -2 3 4 5 6 7 8 9 10 11 12 13 14 -15 16 17 18 19 20 0
uf20-0966 43621 -1 -2 3 -4 5 6 7 8 9 10 11 12 13 14 15 16 17 18 19 20 0
uf20-0966 43730 -1 -2 3 4 5 6 7 8 9 10 11 12 13 14 -15 16 17 18 19 20 0
uf20-0966 43730 -1 -2 3 4 5 6 7 8 9 10 11 12 13 14 -15 16 17 18 19 20 0
uf20-0966 43621 -1 -2 3 -4 5 6 7 8 9 10 11 12 13 14 15 16 17 18 19 20 0
uf20-0966 43730 -1 -2 3 4 5 6 7 8 9 10 11 12 13 14 -15 16 17 18 19 20 0
uf20-0966 43621 -1 -2 3 -4 5 6 7 8 9 10 11 12 13 14 15 16 17 18 19 20 0
uf20-0966 43730 -1 -2 3 4 5 6 7 8 9 10 11 12 13 14 -15 16 17 18 19 20 0
uf20-0966 43730 -1 -2 3 4 5 6 7 8 9 10 11 12 13 14 -15 16 17 18 19 20 0
uf20-0966 43621 -1 -2 3 -4 5 6 7 8 9 10 11 12 13 14 15 16 17 18 19 20 0
uf20-0966 42740 -1 -2 3 -4 5 6 7 8 9 -10 11 12 13 14 15 16 17 18 19 20 0
uf20-0966 43730 -1 -2 3 4 5 6 7 8 9 10 11 12 13 14 -15 16 17 18 19 20 0
uf20-0966 43730 -1 -2 3 4 5 6 7 8 9 10 11 12 13 14 -15 16 17 18 19 20 0
uf20-0966 43730 -1 -2 3 4 5 6 7 8 9 10 11 12 13 14 -15 16 17 18 19 20 0
uf20-0966 43730 -1 -2 3 4 5 6 7 8 9 10 11 12 13 14 -15 16 17 18 19 20 0
uf20-0966 43621 -1 -2 3 -4 5 6 7 8 9 10 11 12 13 14 15 16 17 18 19 20 0
uf20-0781 35880 1 2 3 4 -5 -6 -7 8 9 10 11 -12 13 14 15 16 17 18 19 -20 0
uf20-0781 35880 1 2 3 4 -5 -6 -7 8 9 10 11 -12 13 14 15 16 17 18 19 -20 0
uf20-0781 33906 1 2 3 4 -5 -6 -7 8 9 10 11 -12 13 14 15 16 -17 18 19 -20 0
uf20-0781 34596 1 2 3 4 -5 -6 -7 8 9 10 11 -12 13 -14 15 16 17 18 19 -20 0
uf20-0781 35880 1 2 3 4 -5 -6 -7 8 9 10 11 -12 13 14 15 16 17 18 19 -20 0
uf20-0781 33997 1 2 3 4 -5 -6 -7 8 9 10 11 -12 -13 14 15 16 17 18 19 -20 0
uf20-0781 33694 1 -2 3 4 -5 -6 -7 8 9 10 11 -12 13 14 15 16 17 18 19 -20 0
uf20-0781 34596 1 2 3 4 -5 -6 -7 8 9 10 11 -12 13 -14 15 16 17 18 19 -20 0
uf20-0781 34596 1 2 3 4 -5 -6 -7 8 9 10 11 -12 13 -14 15 16 17 18 19 -20 0
uf20-0781 35880 1 2 3 4 -5 -6 -7 8 9 10 11 -12 13 14 15 16 17 18 19 -20 0
uf20-0781 34299 1 2 3 4 -5 -6 -7 8 9 -10 11 -12 13 14 15 16 17 18 19 -20 0
uf20-0781 35880 1 2 3 4 -5 -6 -7 8 9 10 11 -12 13 14 15 16 17 18 19 -20 0
uf20-0781 34596 1 2 3 4 -5 -6 -7 8 9 10 11 -12 13 -14 15 16 17 18 19 -20 0
uf20-0781 35880 1 2 3 4 -5 -6 -7 8 9 10 11 -12 13 14 15 16 17 18 19 -20 0
uf20-0781 33941 1 2 3 4 -5 -6 -7 8 -9 10 11 -12 13 14 15 16 17 18 19 -20 0
uf20-0781 34596 1 2 3 4 -5 -6 -7 8 9 10 11 -12 13 -14 15 16 17 18 19 -20 0
uf20-0781 34299 1 2 3 4 -5 -6 -7 8 9 -10 11 -12 13 14 15 16 17 18 19 -20 0
uf20-0781 35880 1 2 3 4 -5 -6 -7 8 9 10 11 -12 13 14 15 16 17 18 19 -20 0
uf20-0781 35880 1 2 3 4 -5 -6 -7 8 9 10 11 -12 13 14 15 16 17 18 19 -20 0
uf20-0781 34299 1 2 3 4 -5 -6 -7 8 9 -10 11 -12 13 14 15 16 17 18 19 -20 0
uf20-0781 35880 1 2 3 4 -5 -6 -7 8 9 10 11 -12 13 14 15 16 17 18 19 -20 0
uf20-0781 35880 1 2 3 4 -5 -6 -7 8 9 10 11 -12 13 14 15 16 17 18 19 -20 0
uf20-0781 34596 1 2 3 4 -5 -6 -7 8 9 10 11 -12 13 -14 15 16 17 18 19 -20 0
uf20-0781 34299 1 2 3 4 -5 -6 -7 8 9 -10 11 -12 13 14 15 16 17 18 19 -20 0
uf20-0781 34299 1 2 3 4 -5 -6 -7 8 9 -10 11 -12 13 14 15 16 17 18 19 -20 0
uf20-0781 33694 1 -2 3 4 -5 -6 -7 8 9 10 11 -12 13 14 15 16 17 18 19 -20 0
uf20-0781 35880 1 2 3 4 -5 -6 -7 8 9 10 11 -12 13 14 15 16 17 18 19 -20 0
uf20-0781 34299 1 2 3 4 -5 -6 -7 8 9 -10 11 -12 13 14 15 16 17 18 19 -20 0
uf20-0781 35880 1 2 3 4 -5 -6 -7 8 9 10 11 -12 13 14 15 16 17 18 19 -20 0
uf20-0781 33997 1 2 3 4 -5 -6 -7 8 9 10 11 -12 -13 14 15 16 17 18 19 -20 0
uf20-0781 34299 1 2 3 4 -5 -6 -7 8 9 -10 11 -12 13 14 15 16 17 18 19 -20 0
uf20-0781 35880 1 2 3 4 -5 -6 -7 8 9 10 11 -12 13 14 15 16 17 18 19 -20 0
uf20-0781 35880 1 2 3 4 -5 -6 -7 8 9 10 11 -12 13 14 15 16 17 18 19 -20 0
uf20-0781 35880 1 2 3 4 -5 -6 -7 8 9 10 11 -12 13 14 15 16 17 18 19 -20 0
uf20-0781 34596 1 2 3 4 -5 -6 -7 8 9 10 11 -12 13 -14 15 16 17 18 19 -20 0
uf20-0781 34596 1 2 3 4 -5 -6 -7 8 9 10 11 -12 13 -14 15 16 17 18 19 -20 0
uf20-0781 35880 1 2 3 4 -5 -6 -7 8 9 10 11 -12 13 14 15 16 17 18 19 -20 0
uf20-0781 33997 1 2 3 4 -5 -6 -7 8 9 10 11 -12 -13 14 15 16 17 18 19 -20 0
uf20-0781 35880 1 2 3 4 -5 -6 -7 8 9 10 11 -12 13 14 15 16 17 18 19 -20 0
uf20-0781 35880 1 2 3 4 -5 -6 -7 8 9 10 11 -12 13 14 15 16 17 18 19 -20 0
uf20-0781 35880 1 2 3 4 -5 -6 -7 8 9 10 11 -12 13 14 15 16 17 18 19 -20 0
uf20-0781 34299 1 2 3 4 -5 -6 -7 8 9 -10 11 -12 13 14 15 16 17 18 19 -20 0
uf20-0781 32657 1 2 3 4 -5 -6 -7 8 -9 10 11 -12 13 -14 15 16 17 18 19 -20 0
uf20-0781 35880 1 2 3 4 -5 -6 -7 8 9 10 11 -12 13 14 15 16 17 18 19 -20 0
uf20-0781 35880 1 2 3 4 -5 -6 -7 8 9 10 11 -12 13 14 15 16 17 18 19 -20 0
uf20-0781 34299 1 2 3 4 -5 -6 -7 8 9 -10 11 -12 13 14 15 16 17 18 19 -20 0
uf20-0781 35880 1 2 3 4 -5 -6 -7 8 9 10 11 -12 13 14 15 16 17 18 19 -20 0
uf20-0781 34596 1 2 3 4 -5 -6 -7 8 9 10 11 -12 13 -14 15 16 17 18 19 -20 0
uf20-0781 35880 1 2 3 4 -5 -6 -7 8 9 10 11 -12 13 14 15 16 17 18 19 -20 0
uf20-0781 34299 1 2 3 4 -5 -6 -7 8 9 -10 11 -12 13 14 15 16 17 18 19 -20 0
uf20-0134 45750 1 2 -3 -4 5 6 7 8 -9 10 11 12 13 14 -15 16 17 18 -19 -20 0
uf20-0134 46578 1 2 -3 4 5 6 7 8 9 10 11 12 13 14 -15 -16 17 18 -19 -20 0
uf20-0134 46578 1 2 -3 4 5 6 7 8 9 10 11 12 13 14 -15 -16 17 18 -19 -20 0
uf20-0134 45750 1 2 -3 -4 5 6 7 8 -9 10 11 12 13 14 -15 16 17 18 -19 -20 0
uf20-0134 47010 1 2 -3 -4 5 6 7 8 9 10 11 12 13 14 -15 -16 17 18 -19 20 0
uf20-0134 44939 -1 2 -3 -4 5 6 7 8 -9 10 11 12 13 14 -15 16 17 18 -19 20 0
uf20-0134 47075 1 2 -3 4 5 6 7 8 -9 10 11 12 13 14 -15 16 17 18 -19 -20 0
uf20-0134 47075 1 2 -3 4 5 6 7 8 -9 10 11 12 13 14 -15 16 17 18 -19 -20 0
uf20-0134 47075 1 2 -3 4 5 6 7 8 -9 10 11 12 13 14 -15 16 17 18 -19 -20 0
uf20-0134 46578 1 2 -3 4 5 6 7 8 9 10 11 12 13 14 -15 -16 17 18 -19 -20 0
uf20-0134 47075 1 2 -3 4 5 6 7 8 -9 10 11 12 13 14 -15 16 17 18 -19 -20 0
uf20-0134 44862 1 2 -3 4 5 6 7 8 -9 10 11 12 13 14 -15 -16 17 18 -19 -20 0
uf20-0134 44788 1 2 -3 4 5 6 7 -8 -9 10 11 12 13 14 -15 16 17 18 -19 -20 0
uf20-0134 47010 1 2 -3 -4 5 6 7 8 9 10 11 12 13 14 -15 -16 17 18 -19 20 0
uf20-0134 47010 1 2 -3 -4 5 6 7 8 9 10 11 12 13 14 -15 -16 17 18 -19 20 0
uf20-0134 45294 1 2 -3 -4 5 6 7 8 -9 10 11 12 13 14 -15 -16 17 18 -19 20 0
uf20-0134 47075 1 2 -3 4 5 6 7 8 -9 10 11 12 13 14 -15 16 17 18 -19 -20 0
uf20-0134 47075 1 2 -3 4 5 6 7 8 -9 10 11 12 13 14 -15 16 17 18 -19 -20 0
uf20-0134 47075 1 2 -3 4 5 6 7 8 -9 10 11 12 13 14 -15 16 17 18 -19 -20 0
uf20-0134 45128 1 2 -3 -4 5 -6 7 8 9 10 11 12 13 14 -15 16 17 18 -19 -20 0
uf20-0134 46578 1 2 -3 4 5 6 7 8 9 10 11 12 13 14 -15 -16 17 18 -19 -20 0
uf20-0134 47075 1 2 -3 4 5 6 7 8 -9 10 11 12 13 14 -15 16 17 18 -19 -20 0
uf20-0134 46453 1 2 -3 4 5 -6 7 8 9 10 11 12 13 14 -15 16 17 18 -19 -20 0
uf20-0134 45294 1 2 -3 -4 5 6 7 8 -9 10 11 12 13 14 -15 -16 17 18 -19 20 0
uf20-0134 46453 1 2 -3 4 5 -6 7 8 9 10 11 12 13 14 -15 16 17 18 -19 -20 0
uf20-0134 46453 1 2 -3 4 5 -6 7 8 9 10 11 12 13 14 -15 16 17 18 -19 -20 0
uf20-0134 47010 1 2 -3 -4 5 6 7 8 9 10 11 12 13 14 -15 -16 17 18 -19 20 0
uf20-0134 47010 1 2 -3 -4 5 6 7 8 9 10 11 12 13 14 -15 -16 17 18 -19 20 0
uf20-0134 45128 1 2 -3 -4 5 -6 7 8 9 10 11 12 13 14 -15 16 17 18 -19 -20 0
uf20-0134 47075 1 2 -3 4 5 6 7 8 -9 10 11 12 13 14 -15 16 17 18 -19 -20 0
uf20-0134 46578 1 2 -3 4 5 6 7 8 9 10 11 12 13 14 -15 -16 17 18 -19 -20 0
uf20-0134 47010 1 2 -3 -4 5 6 7 8 9 10 11 12 13 14 -15 -16 17 18 -19 20 0
uf20-0134 44862 1 2 -3 4 5 6 7 8 -9 10 11 12 13 14 -15 -16 17 18 -19 -20 0
uf20-0134 47075 1 2 -3 4 5 6 7 8 -9 10 11 12 13 14 -15 16 17 18 -19 -20 0
uf20-0134 47075 1 2 -3 4 5 6 7 8 -9 10 11 12 13 14 -15 16 17 18 -19 -20 0
uf20-0134 44788 1 2 -3 4 5 6 7 -8 -9 10 11 12 13 14 -15 16 17 18 -19 -20 0
uf20-0134 47075 1 2 -3 4 5 6 7 8 -9 10 11 12 13 14 -15 16 17 18 -19 -20 0
uf20-0134 46578 1 2 -3 4 5 6 7 8 9 10 11 12 13 14 -15 -16 17 18 -19 -20 0
uf20-0134 47075 1 2 -3 4 5 6 7 8 -9 10 11 12 13 14 -15 16 17 18 -19 -20 0
uf20-0134 47010 1 2 -3 -4 5 6 7 8 9 10 11 12 13 14 -15 -16 17 18 -19 20 0
uf20-0134 47075 1 2 -3 4 5 6 7 8 -9 10 11 12 13 14 -15 16 17 18 -19 -20 0
uf20-0134 47075 1 2 -3 4 5 6 7 8 -9 10 11 12 13 14 -15 16 17 18 -19 -20 0
uf20-0134 46578 1 2 -3 4 5 6 7 8 9 10 11 12 13 14 -15 -16 17 18 -19 -20 0
uf20-0134 47075 1 2 -3 4 5 6 7 8 -9 10 11 12 13 14 -15 16 17 18 -19 -20 0
uf20-0134 45294 1 2 -3 -4 5 6 7 8 -9 10 11 12 13 14 -15 -16 17 18 -19 20 0
uf20-0134 47075 1 2 -3 4 5 6 7 8 -9 10 11 12 13 14 -15 16 17 18 -19 -20 0
uf20-0134 47075 1 2 -3 4 5 6 7 8 -9 10 11 12 13 14 -15 16 17 18 -19 -20 0
uf20-0134 47010 1 2 -3 -4 5 6 7 8 9 10 11 12 13 14 -15 -16 17 18 -19 20 0
uf20-0134 47075 1 2 -3 4 5 6 7 8 -9 10 11 12 13 14 -15 16 17 18 -19 -20 0
uf20-0134 46578 1 2 -3 4 5 6 7 8 9 10 11 12 13 14 -15 -16 17 18 -19 -20 0
