uf50-0449 41294 1 -2 3 -4 5 6 7 -8 -9 -10 -11 -12 -13 -14 -15 16 -17 18 19 -20 -21 -22 23 24 -25 26 -27 -28 29 30 31 -32 -33 34 35 36 37 38 -39 -40 41 42 43 44 -45 46 -47 48 49 50 0
uf50-0449 33358 1 -2 3 4 -5 -6 7 -8 -9 -10 -11 -12 -13 -14 -15 -16 -17 18 19 -20 21 -22 -23 24 25 26 -27 28 -29 30 31 -32 -33 34 35 36 37 38 -39 -40 41 42 43 44 -45 46 -47 -48 49 50 0
uf50-0449 40251 -1 -2 3 -4 5 -6 7 -8 -9 -10 -11 12 -13 -14 -15 16 -17 18 19 20 21 22 -23 24 -25 26 -27 -28 29 30 -31 -32 -33 34 35 36 37 38 39 -40 41 42 43 44 -45 46 -47 48 49 50 0
uf50-0449 35443 1 -2 3 -4 5 6 7 -8 -9 -10 -11 -12 -13 -14 -15 16 -17 18 -19 -20 -21 -22 23 24 25 26 -27 -28 29 30 31 -32 -33 34 35 36 37 38 -39 -40 41 42 43 44 -45 46 -47 -48 49 50 0
uf50-0449 31996 -1 -2 3 4 5 -6 7 -8 -9 -10 -11 -12 -13 -14 -15 -16 -17 18 19 -20 21 -22 -23 24 25 26 -27 28 29 30 31 -32 -33 34 35 36 37 38 -39 -40 41 42 43 44 -45 46 -47 -48 49 50 0
uf50-0449 43538 -1 -2 3 -4 5 6 7 -8 -9 -10 -11 12 -13 -14 -15 16 -17 18 19 -20 -21 -22 23 -24 -25 26 27 -28 29 30 31 -32 -33 34 35 36 37 38 -39 -40 41 42 43 44 -45 46 -47 48 49 50 0
uf50-0449 41293 1 -2 3 -4 5 6 7 -8 -9 -10 -11 -12 -13 -14 -15 16 -17 18 -19 -20 -21 -22 23 24 25 26 -27 -28 29 30 31 32 -33 34 35 36 37 38 -39 -40 41 42 43 44 -45 46 -47 -48 -49 50 0
uf50-0449 39290 -1 -2 3 -4 5 6 7 -8 -9 -10 -11 12 -13 -14 -15 16 -17 18 19 -20 -21 -22 23 -24 25 26 27 -28 29 30 31 -32 -33 34 35 36 37 38 -39 -40 41 42 43 44 -45 46 -47 -48 49 50 0
uf50-0449 36324 1 -2 3 4 -5 -6 7 -8 -9 -10 -11 -12 -13 -14 -15 -16 -17 18 19 -20 21 -22 -23 24 25 26 -27 28 29 30 31 -32 -33 34 35 36 37 38 -39 -40 41 42 43 44 -45 46 -47 -48 49 50 0
uf50-0449 37046 1 -2 3 -4 5 6 7 -8 -9 -10 -11 -12 -13 -14 -15 16 -17 18 19 -20 -21 -22 23 24 25 26 -27 -28 29 30 31 -32 -33 34 35 36 37 38 -39 -40 41 42 43 44 -45 46 -47 -48 49 50 0
uf50-0449 45301 -1 -2 3 -4 5 6 7 -8 -9 -10 -11 12 -13 -14 -15 16 -17 18 19 20 21 22 -23 24 -25 26 -27 -28 29 30 -31 -32 -33 34 35 36 37 38 39 -40 41 42 43 44 -45 46 -47 48 49 50 0
uf50-0449 45301 -1 -2 3 -4 5 6 7 -8 -9 -10 -11 12 -13 -14 -15 16 -17 18 19 20 21 22 -23 24 -25 26 -27 -28 29 30 -31 -32 -33 34 35 36 37 38 39 -40 41 42 43 44 -45 46 -47 48 49 50 0
uf50-0449 37046 1 -2 3 -4 5 6 7 -8 -9 -10 -11 -12 -13 -14 -15 16 -17 18 19 -20 -21 -22 23 24 25 26 -27 -28 29 30 31 -32 -33 34 35 36 37 38 -39 -40 41 42 43 44 -45 46 -47 -48 49 50 0
uf50-0449 39290 -1 -2 3 -4 5 6 7 -8 -9 -10 -11 12 -13 -14 -15 16 -17 18 19 -20 -21 -22 23 -24 25 26 27 -28 29 30 31 -32 -33 34 35 36 37 38 -39 -40 41 42 43 44 -45 46 -47 -48 49 50 0
uf50-0449 45301 -1 -2 3 -4 5 6 7 -8 -9 -10 -11 12 -13 -14 -15 16 -17 18 19 20 21 22 -23 24 -25 26 -27 -28 29 30 -31 -32 -33 34 35 36 37 38 39 -40 41 42 43 44 -45 46 -47 48 49 50 0
uf50-0449 45301 -1 -2 3 -4 5 6 7 -8 -9 -10 -11 12 -13 -14 -15 16 -17 18 19 20 21 22 -23 24 -25 26 -27 -28 29 30 -31 -32 -33 34 35 36 37 38 39 -40 41 42 43 44 -45 46 -47 48 49 50 0
uf50-0449 36645 -1 -2 3 -4 5 6 7 -8 -9 -10 -11 12 -13 -14 -15 16 -17 18 19 -20 -21 -22 23 -24 -25 26 27 -28 29 30 31 -32 -33 34 35 36 37 38 -39 -40 41 42 43 44 -45 46 -47 -48 49 50 0
uf50-0449 41053 -1 -2 3 -4 5 6 7 -8 -9 -10 -11 12 -13 -14 -15 16 -17 18 19 20 21 22 -23 24 25 26 -27 -28 29 30 -31 -32 -33 34 35 36 37 38 39 -40 41 42 43 44 -45 46 -47 -48 49 50 0
uf50-0449 38648 1 -2 3 -4 5 6 7 -8 -9 -10 -11 -12 -13 -14 -15 16 -17 18 -19 -20 -21 -22 23 24 -25 26 -27 -28 29 30 31 32 -33 34 35 36 37 38 -39 -40 41 42 43 44 -45 46 -47 -48 -49 50 0
uf50-0449 39290 -1 -2 3 -4 5 6 7 -8 -9 -10 -11 12 -13 -14 -15 16 -17 18 19 -20 -21 -22 23 -24 25 26 27 -28 29 30 31 -32 -33 34 35 36 37 38 -39 -40 41 42 43 44 -45 46 -47 -48 49 50 0
uf50-0449 38408 -1 -2 3 -4 5 6 7 -8 -9 -10 -11 12 -13 -14 -15 16 -17 18 19 20 21 22 -23 24 -25 26 -27 -28 29 30 -31 -32 -33 34 35 36 37 38 39 -40 41 42 43 44 -45 46 -47 -48 49 50 0
uf50-0449 38809 -1 -2 3 -4 5 6 7 -8 -9 -10 -11 12 -13 -14 -15 16 -17 18 19 -20 -21 -22 23 -24 25 26 27 -28 29 30 31 -32 -33 34 35 36 37 38 -39 -40 41 42 43 -44 -45 46 -47 -48 49 50 0
uf50-0449 45301 -1 -2 3 -4 5 6 7 -8 -9 -10 -11 12 -13 -14 -15 16 -17 18 19 20 21 22 -23 24 -25 26 -27 -28 29 30 -31 -32 -33 34 35 36 37 38 39 -40 41 42 43 44 -45 46 -47 48 49 50 0
uf50-0449 37046 1 -2 3 -4 5 6 7 -8 -9 -10 -11 -12 -13 -14 -15 16 -17 18 19 -20 -21 -22 23 24 25 26 -27 -28 29 30 31 -32 -33 34 35 36 37 38 -39 -40 41 42 43 44 -45 46 -47 -48 49 50 0
uf50-0449 45301 -1 -2 3 -4 5 6 7 -8 -9 -10 -11 12 -13 -14 -15 16 -17 18 19 20 21 22 -23 24 -25 26 -27 -28 29 30 -31 -32 -33 34 35 36 37 38 39 -40 41 42 43 44 -45 46 -47 48 49 50 0
uf50-0449 35523 -1 -2 3 -4 5 6 7 -8 -9 -10 -11 -12 -13 -14 -15 16 -17 18 19 -20 -21 -22 23 24 -25 26 -27 -28 29 30 31 -32 -33 34 35 36 37 38 -39 -40 41 42 43 44 -45 46 -47 48 49 50 0
uf50-0449 36243 1 -2 3 -4 5 -6 7 -8 -9 -10 -11 -12 -13 -14 -15 16 -17 18 -19 -20 -21 -22 23 24 25 26 -27 -28 29 30 31 32 -33 34 35 36 37 38 -39 -40 41 42 43 44 -45 46 -47 -48 -49 50 0
uf50-0449 37046 1 -2 3 -4 5 6 7 -8 -9 -10 -11 -12 -13 -14 -15 16 -17 18 19 -20 -21 -22 23 24 25 26 -27 -28 29 30 31 -32 -33 34 35 36 37 38 -39 -40 41 42 43 44 -45 46 -47 -48 49 50 0
uf50-0449 45299 1 -2 3 4 -5 -6 7 -8 -9 -10 -11 -12 -13 14 -15 -16 17 18 -19 -20 21 -22 -23 24 25 26 -27 28 -29 -30 31 -32 -33 34 35 36 37 38 -39 -40 41 42 43 44 -45 46 -47 -48 -49 50 0
uf50-0449 41053 -1 -2 3 -4 5 6 7 -8 -9 -10 -11 12 -13 -14 -15 16 -17 18 19 20 21 22 -23 24 25 26 -27 -28 29 30 -31 -32 -33 34 35 36 37 38 39 -40 41 42 43 44 -45 46 -47 -48 49 50 0
uf50-0449 34401 1 -2 3 -4 5 6 7 -8 -9 -10 -11 -12 -13 -14 -15 16 -17 18 19 -20 -21 -22 23 24 -25 26 -27 -28 29 30 31 -32 -33 34 35 36 37 38 -39 -40 41 42 43 44 -45 46 -47 -48 49 50 0
uf50-0449 33840 -1 -2 3 -4 5 6 7 -8 -9 -10 -11 12 -13 -14 -15 16 -17 18 19 -20 -21 -22 23 24 25 26 -27 -28 29 30 31 -32 -33 34 35 36 37 38 -39 -40 41 42 43 44 -45 46 -47 -48 49 50 0
uf50-0449 36164 -1 -2 3 -4 5 6 7 -8 -9 -10 -11 12 -13 -14 -15 16 -17 18 19 -20 -21 -22 23 -24 -25 26 27 -28 29 30 31 -32 -33 34 35 36 37 38 -39 -40 41 42 43 -44 -45 46 -47 -48 49 50 0
uf50-0449 41294 1 -2 3 -4 5 6 7 -8 -9 -10 -11 -12 -13 -14 -15 16 -17 18 19 -20 -21 -22 23 24 -25 26 -27 -28 29 30 31 -32 -33 34 35 36 37 38 -39 -40 41 42 43 44 -45 46 -47 48 49 50 0
uf50-0449 36324 1 -2 3 4 -5 -6 7 -8 -9 -10 -11 -12 -13 -14 -15 -16 -17 18 19 -20 21 -22 -23 24 25 26 -27 28 29 30 31 -32 -33 34 35 36 37 38 -39 -40 41 42 43 44 -45 46 -47 -48 49 50 0
uf50-0449 41053 -1 -2 3 -4 5 6 7 -8 -9 -10 -11 12 -13 -14 -15 16 -17 18 19 20 21 22 -23 24 25 26 -27 -28 29 30 -31 -32 -33 34 35 36 37 38 39 -40 41 42 43 44 -45 46 -47 -48 49 50 0
uf50-0449 38408 -1 -2 3 -4 5 6 7 -8 -9 -10 -11 12 -13 -14 -15 16 -17 18 19 20 21 22 -23 24 -25 26 -27 -28 29 30 -31 -32 -33 34 35 36 37 38 39 -40 41 42 43 44 -45 46 -47 -48 49 50 0
uf50-0449 45301 -1 -2 3 -4 5 6 7 -8 -9 -10 -11 12 -13 -14 -15 16 -17 18 19 20 21 22 -23 24 -25 26 -27 -28 29 30 -31 -32 -33 34 35 36 37 38 39 -40 41 42 43 44 -45 46 -47 48 49 50 0
uf50-0449 45299 1 -2 3 4 -5 -6 7 -8 -9 -10 -11 -12 -13 14 -15 -16 17 18 -19 -20 21 -22 -23 24 25 26 -27 28 -29 -30 31 -32 -33 34 35 36 37 38 -39 -40 41 42 43 44 -45 46 -47 -48 -49 50 0
uf50-0449 41053 -1 -2 3 -4 5 6 7 -8 -9 -10 -11 12 -13 -14 -15 16 -17 18 19 20 21 22 -23 24 25 26 -27 -28 29 30 -31 -32 -33 34 35 36 37 38 39 -40 41 42 43 44 -45 46 -47 -48 49 50 0
uf50-0449 37046 1 -2 3 -4 5 6 7 -8 -9 -10 -11 -12 -13 -14 -15 16 -17 18 19 -20 -21 -22 23 24 25 26 -27 -28 29 30 31 -32 -33 34 35 36 37 38 -39 -40 41 42 43 44 -45 46 -47 -48 49 50 0
uf50-0449 45301 -1 -2 3 -4 5 6 7 -8 -9 -10 -11 12 -13 -14 -15 16 -17 18 19 20 21 22 -23 24 -25 26 -27 -28 29 30 -31 -32 -33 34 35 36 37 38 39 -40 41 42 43 44 -45 46 -47 48 49 50 0
uf50-0449 45301 -1 -2 3 -4 5 6 7 -8 -9 -10 -11 12 -13 -14 -15 16 -17 18 19 20 21 22 -23 24 -25 26 -27 -28 29 30 -31 -32 -33 34 35 36 37 38 39 -40 41 42 43 44 -45 46 -47 48 49 50 0
uf50-0449 45301 -1 -2 3 -4 5 6 7 -8 -9 -10 -11 12 -13 -14 -15 16 -17 18 19 20 21 22 -23 24 -25 26 -27 -28 29 30 -31 -32 -33 34 35 36 37 38 39 -40 41 42 43 44 -45 46 -47 48 49 50 0
uf50-0449 37046 1 -2 3 -4 5 6 7 -8 -9 -10 -11 -12 -13 -14 -15 16 -17 18 19 -20 -21 -22 23 24 25 26 -27 -28 29 30 31 -32 -33 34 35 36 37 38 -39 -40 41 42 43 44 -45 46 -47 -48 49 50 0
uf50-0449 41053 -1 -2 3 -4 5 6 7 -8 -9 -10 -11 12 -13 -14 -15 16 -17 18 19 20 21 22 -23 24 25 26 -27 -28 29 30 -31 -32 -33 34 35 36 37 38 39 -40 41 42 43 44 -45 46 -47 -48 49 50 0
uf50-0449 38408 -1 -2 3 -4 5 6 7 -8 -9 -10 -11 12 -13 -14 -15 16 -17 18 19 20 21 22 -23 24 -25 26 -27 -28 29 30 -31 -32 -33 34 35 36 37 38 39 -40 41 42 43 44 -45 46 -47 -48 49 50 0
uf50-0449 37046 1 -2 3 -4 5 6 7 -8 -9 -10 -11 -12 -13 -14 -15 16 -17 18 19 -20 -21 -22 23 24 25 26 -27 -28 29 30 31 -32 -33 34 35 36 37 38 -39 -40 41 42 43 44 -45 46 -47 -48 49 50 0
uf50-0449 38408 -1 -2 3 -4 5 6 7 -8 -9 -10 -11 12 -13 -14 -15 16 -17 18 19 20 21 22 -23 24 -25 26 -27 -28 29 30 -31 -32 -33 34 35 36 37 38 39 -40 41 42 43 44 -45 46 -47 -48 49 50 0
uf50-0449 31275 -1 -2 3 -4 5 6 7 -8 -9 -10 -11 -12 -13 -14 -15 16 -17 18 19 -20 -21 -22 23 24 25 26 -27 -28 29 30 31 -32 -33 34 35 36 37 38 -39 -40 41 42 43 44 -45 46 -47 -48 49 50 0
