uf50-0472 113021 1 2 -3 -4 5 6 7 8 -9 10 11 12 -13 -14 15 -16 17 18 -19 20 21 22 23 -24 25 -26 -27 28 29 -30 31 32 -33 -34 -35 -36 37 -38 -39 -40 41 42 43 44 45 46 47 48 -49 -50 0
uf50-0472 113021 1 2 -3 -4 5 6 7 8 -9 10 11 12 -13 -14 15 -16 17 18 -19 20 21 22 23 -24 25 -26 -27 28 29 -30 31 32 -33 -34 -35 -36 37 -38 -39 -40 41 42 43 44 45 46 47 48 -49 -50 0
uf50-0472 113021 1 2 -3 -4 5 6 7 8 -9 10 11 12 -13 -14 15 -16 17 18 -19 20 21 22 23 -24 25 -26 -27 28 29 -30 31 32 -33 -34 -35 -36 37 -38 -39 -40 41 42 43 44 45 46 47 48 -49 -50 0
uf50-0472 113021 1 2 -3 -4 5 6 7 8 -9 10 11 12 -13 -14 15 -16 17 18 -19 20 21 22 23 -24 25 -26 -27 28 29 -30 31 32 -33 -34 -35 -36 37 -38 -39 -40 41 42 43 44 45 46 47 48 -49 -50 0
uf50-0472 113021 1 2 -3 -4 5 6 7 8 -9 10 11 12 -13 -14 15 -16 17 18 -19 20 21 22 23 -24 25 -26 -27 28 29 -30 31 32 -33 -34 -35 -36 37 -38 -39 -40 41 42 43 44 45 46 47 48 -49 -50 0
uf50-0472 113021 1 2 -3 -4 5 6 7 8 -9 10 11 12 -13 -14 15 -16 17 18 -19 20 21 22 23 -24 25 -26 -27 28 29 -30 31 32 -33 -34 -35 -36 37 -38 -39 -40 41 42 43 44 45 46 47 48 -49 -50 0
uf50-0472 112779 1 2 -3 -4 5 6 7 8 -9 10 11 12 -13 -14 15 -16 17 18 -19 20 21 22 23 -24 25 -26 -27 28 29 -30 31 32 -33 -34 -35 -36 37 -38 39 -40 41 42 -43 44 45 46 47 48 -49 -50 0
uf50-0472 113021 1 2 -3 -4 5 6 7 8 -9 10 11 12 -13 -14 15 -16 17 18 -19 20 21 22 23 -24 25 -26 -27 28 29 -30 31 32 -33 -34 -35 -36 37 -38 -39 -40 41 42 43 44 45 46 47 48 -49 -50 0
uf50-0472 113021 1 2 -3 -4 5 6 7 8 -9 10 11 12 -13 -14 15 -16 17 18 -19 20 21 22 23 -24 25 -26 -27 28 29 -30 31 32 -33 -34 -35 -36 37 -38 -39 -40 41 42 43 44 45 46 47 48 -49 -50 0
uf50-0472 113021 1 2 -3 -4 5 6 7 8 -9 10 11 12 -13 -14 15 -16 17 18 -19 20 21 22 23 -24 25 -26 -27 28 29 -30 31 32 -33 -34 -35 -36 37 -38 -39 -40 41 42 43 44 45 46 47 48 -49 -50 0
uf50-0472 113021 1 2 -3 -4 5 6 7 8 -9 10 11 12 -13 -14 15 -16 17 18 -19 20 21 22 23 -24 25 -26 -27 28 29 -30 31 32 -33 -34 -35 -36 37 -38 -39 -40 41 42 43 44 45 46 47 48 -49 -50 0
uf50-0472 113021 1 2 -3 -4 5 6 7 8 -9 10 11 12 -13 -14 15 -16 17 18 -19 20 21 22 23 -24 25 -26 -27 28 29 -30 31 32 -33 -34 -35 -36 37 -38 -39 -40 41 42 43 44 45 46 47 48 -49 -50 0
uf50-0472 113021 1 2 -3 -4 5 6 7 8 -9 10 11 12 -13 -14 15 -16 17 18 -19 20 21 22 23 -24 25 -26 -27 28 29 -30 31 32 -33 -34 -35 -36 37 -38 -39 -40 41 42 43 44 45 46 47 48 -49 -50 0
uf50-0472 113021 1 2 -3 -4 5 6 7 8 -9 10 11 12 -13 -14 15 -16 17 18 -19 20 21 22 23 -24 25 -26 -27 28 29 -30 31 32 -33 -34 -35 -36 37 -38 -39 -40 41 42 43 44 45 46 47 48 -49 -50 0
uf50-0472 113021 1 2 -3 -4 5 6 7 8 -9 10 11 12 -13 -14 15 -16 17 18 -19 20 21 22 23 -24 25 -26 -27 28 29 -30 31 32 -33 -34 -35 -36 37 -38 -39 -40 41 42 43 44 45 46 47 48 -49 -50 0
uf50-0472 113021 1 2 -3 -4 5 6 7 8 -9 10 11 12 -13 -14 15 -16 17 18 -19 20 21 22 23 -24 25 -26 -27 28 29 -30 31 32 -33 -34 -35 -36 37 -38 -39 -40 41 42 43 44 45 46 47 48 -49 -50 0
uf50-0472 113021 1 2 -3 -4 5 6 7 8 -9 10 11 12 -13 -14 15 -16 17 18 -19 20 21 22 23 -24 25 -26 -27 28 29 -30 31 32 -33 -34 -35 -36 37 -38 -39 -40 41 42 43 44 45 46 47 48 -49 -50 0
uf50-0472 113021 1 2 -3 -4 5 6 7 8 -9 10 11 12 -13 -14 15 -16 17 18 -19 20 21 22 23 -24 25 -26 -27 28 29 -30 31 32 -33 -34 -35 -36 37 -38 -39 -40 41 42 43 44 45 46 47 48 -49 -50 0
uf50-0472 111063 1 2 -3 -4 5 6 7 8 -9 10 11 12 -13 -14 15 -16 17 -18 -19 20 21 22 23 -24 25 -26 -27 28 29 -30 31 32 -33 -34 -35 -36 37 -38 -39 -40 41 42 43 44 45 46 47 48 -49 -50 0
uf50-0472 113021 1 2 -3 -4 5 6 7 8 -9 10 11 12 -13 -14 15 -16 17 18 -19 20 21 22 23 -24 25 -26 -27 28 29 -30 31 32 -33 -34 -35 -36 37 -38 -39 -40 41 42 43 44 45 46 47 48 -49 -50 0
uf50-0472 113021 1 2 -3 -4 5 6 7 8 -9 10 11 12 -13 -14 15 -16 17 18 -19 20 21 22 23 -24 25 -26 -27 28 29 -30 31 32 -33 -34 -35 -36 37 -38 -39 -40 41 42 43 44 45 46 47 48 -49 -50 0
uf50-0472 113021 1 2 -3 -4 5 6 7 8 -9 10 11 12 -13 -14 15 -16 17 18 -19 20 21 22 23 -24 25 -26 -27 28 29 -30 31 32 -33 -34 -35 -36 37 -38 -39 -40 41 42 43 44 45 46 47 48 -49 -50 0
uf50-0472 112779 1 2 -3 -4 5 6 7 8 -9 10 11 12 -13 -14 15 -16 17 18 -19 20 21 22 23 -24 25 -26 -27 28 29 -30 31 32 -33 -34 -35 -36 37 -38 39 -40 41 42 -43 44 45 46 47 48 -49 -50 0
uf50-0472 113021 1 2 -3 -4 5 6 7 8 -9 10 11 12 -13 -14 15 -16 17 18 -19 20 21 22 23 -24 25 -26 -27 28 29 -30 31 32 -33 -34 -35 -36 37 -38 -39 -40 41 42 43 44 45 46 47 48 -49 -50 0
uf50-0472 113021 1 2 -3 -4 5 6 7 8 -9 10 11 12 -13 -14 15 -16 17 18 -19 20 21 22 23 -24 25 -26 -27 28 29 -30 31 32 -33 -34 -35 -36 37 -38 -39 -40 41 42 43 44 45 46 47 48 -49 -50 0
uf50-0472 113021 1 2 -3 -4 5 6 7 8 -9 10 11 12 -13 -14 15 -16 17 18 -19 20 21 22 23 -24 25 -26 -27 28 29 -30 31 32 -33 -34 -35 -36 37 -38 -39 -40 41 42 43 44 45 46 47 48 -49 -50 0
uf50-0472 113021 1 2 -3 -4 5 6 7 8 -9 10 11 12 -13 -14 15 -16 17 18 -19 20 21 22 23 -24 25 -26 -27 28 29 -30 31 32 -33 -34 -35 -36 37 -38 -39 -40 41 42 43 44 45 46 47 48 -49 -50 0
uf50-0472 113021 1 2 -3 -4 5 6 7 8 -9 10 11 12 -13 -14 15 -16 17 18 -19 20 21 22 23 -24 25 -26 -27 28 29 -30 31 32 -33 -34 -35 -36 37 -38 -39 -40 41 42 43 44 45 46 47 48 -49 -50 0
uf50-0472 113021 1 2 -3 -4 5 6 7 8 -9 10 11 12 -13 -14 15 -16 17 18 -19 20 21 22 23 -24 25 -26 -27 28 29 -30 31 32 -33 -34 -35 -36 37 -38 -39 -40 41 42 43 44 45 46 47 48 -49 -50 0
uf50-0472 109874 1 2 -3 -4 5 6 7 8 -9 10 11 12 -13 -14 15 -16 17 18 -19 20 21 22 23 -24 25 -26 -27 28 29 -30 31 32 -33 -34 -35 -36 37 -38 39 -40 41 42 -43 44 -45 46 47 48 -49 -50 0
uf50-0472 113021 1 2 -3 -4 5 6 7 8 -9 10 11 12 -13 -14 15 -16 17 18 -19 20 21 22 23 -24 25 -26 -27 28 29 -30 31 32 -33 -34 -35 -36 37 -38 -39 -40 41 42 43 44 45 46 47 48 -49 -50 0
uf50-0472 113021 1 2 -3 -4 5 6 7 8 -9 10 11 12 -13 -14 15 -16 17 18 -19 20 21 22 23 -24 25 -26 -27 28 29 -30 31 32 -33 -34 -35 -36 37 -38 -39 -40 41 42 43 44 45 46 47 48 -49 -50 0
uf50-0472 113021 1 2 -3 -4 5 6 7 8 -9 10 11 12 -13 -14 15 -16 17 18 -19 20 21 22 23 -24 25 -26 -27 28 29 -30 31 32 -33 -34 -35 -36 37 -38 -39 -40 41 42 43 44 45 46 47 48 -49 -50 0
uf50-0472 113021 1 2 -3 -4 5 6 7 8 -9 10 11 12 -13 -14 15 -16 17 18 -19 20 21 22 23 -24 25 -26 -27 28 29 -30 31 32 -33 -34 -35 -36 37 -38 -39 -40 41 42 43 44 45 46 47 48 -49 -50 0
uf50-0472 113021 1 2 -3 -4 5 6 7 8 -9 10 11 12 -13 -14 15 -16 17 18 -19 20 21 22 23 -24 25 -26 -27 28 29 -30 31 32 -33 -34 -35 -36 37 -38 -39 -40 41 42 43 44 45 46 47 48 -49 -50 0
uf50-0472 110821 1 2 -3 -4 5 6 7 8 -9 10 11 12 -13 -14 15 -16 17 -18 -19 20 21 22 23 -24 25 -26 -27 28 29 -30 31 32 -33 -34 -35 -36 37 -38 39 -40 41 42 -43 44 45 46 47 48 -49 -50 0
uf50-0472 113021 1 2 -3 -4 5 6 7 8 -9 10 11 12 -13 -14 15 -16 17 18 -19 20 21 22 23 -24 25 -26 -27 28 29 -30 31 32 -33 -34 -35 -36 37 -38 -39 -40 41 42 43 44 45 46 47 48 -49 -50 0
uf50-0472 113021 1 2 -3 -4 5 6 7 8 -9 10 11 12 -13 -14 15 -16 17 18 -19 20 21 22 23 -24 25 -26 -27 28 29 -30 31 32 -33 -34 -35 -36 37 -38 -39 -40 41 42 43 44 45 46 47 48 -49 -50 0
uf50-0472 113021 1 2 -3 -4 5 6 7 8 -9 10 11 12 -13 -14 15 -16 17 18 -19 20 21 22 23 -24 25 -26 -27 28 29 -30 31 32 -33 -34 -35 -36 37 -38 -39 -40 41 42 43 44 45 46 47 48 -49 -50 0
uf50-0472 113021 1 2 -3 -4 5 6 7 8 -9 10 11 12 -13 -14 15 -16 17 18 -19 20 21 22 23 -24 25 -26 -27 28 29 -30 31 32 -33 -34 -35 -36 37 -38 -39 -40 41 42 43 44 45 46 47 48 -49 -50 0
uf50-0472 113021 1 2 -3 -4 5 6 7 8 -9 10 11 12 -13 -14 15 -16 17 18 -19 20 21 22 23 -24 25 -26 -27 28 29 -30 31 32 -33 -34 -35 -36 37 -38 -39 -40 41 42 43 44 45 46 47 48 -49 -50 0
uf50-0472 113021 1 2 -3 -4 5 6 7 8 -9 10 11 12 -13 -14 15 -16 17 18 -19 20 21 22 23 -24 25 -26 -27 28 29 -30 31 32 -33 -34 -35 -36 37 -38 -39 -40 41 42 43 44 45 46 47 48 -49 -50 0
uf50-0472 113021 1 2 -3 -4 5 6 7 8 -9 10 11 12 -13 -14 15 -16 17 18 -19 20 21 22 23 -24 25 -26 -27 28 29 -30 31 32 -33 -34 -35 -36 37 -38 -39 -40 41 42 43 44 45 46 47 48 -49 -50 0
uf50-0472 113021 1 2 -3 -4 5 6 7 8 -9 10 11 12 -13 -14 15 -16 17 18 -19 20 21 22 23 -24 25 -26 -27 28 29 -30 31 32 -33 -34 -35 -36 37 -38 -39 -40 41 42 43 44 45 46 47 48 -49 -50 0
uf50-0472 113021 1 2 -3 -4 5 6 7 8 -9 10 11 12 -13 -14 15 -16 17 18 -19 20 21 22 23 -24 25 -26 -27 28 29 -30 31 32 -33 -34 -35 -36 37 -38 -39 -40 41 42 43 44 45 46 47 48 -49 -50 0
uf50-0472 113021 1 2 -3 -4 5 6 7 8 -9 10 11 12 -13 -14 15 -16 17 18 -19 20 21 22 23 -24 25 -26 -27 28 29 -30 31 32 -33 -34 -35 -36 37 -38 -39 -40 41 42 43 44 45 46 47 48 -49 -50 0
uf50-0472 113021 1 2 -3 -4 5 6 7 8 -9 10 11 12 -13 -14 15 -16 17 18 -19 20 21 22 23 -24 25 -26 -27 28 29 -30 31 32 -33 -34 -35 -36 37 -38 -39 -40 41 42 43 44 45 46 47 48 -49 -50 0
uf50-0472 113021 1 2 -3 -4 5 6 7 8 -9 10 11 12 -13 -14 15 -16 17 18 -19 20 21 22 23 -24 25 -26 -27 28 29 -30 31 32 -33 -34 -35 -36 37 -38 -39 -40 41 42 43 44 45 46 47 48 -49 -50 0
uf50-0472 113021 1 2 -3 -4 5 6 7 8 -9 10 11 12 -13 -14 15 -16 17 18 -19 20 21 22 23 -24 25 -26 -27 28 29 -30 31 32 -33 -34 -35 -36 37 -38 -39 -40 41 42 43 44 45 46 47 48 -49 -50 0
uf50-0472 113021 1 2 -3 -4 5 6 7 8 -9 10 11 12 -13 -14 15 -16 17 18 -19 20 21 22 23 -24 25 -26 -27 28 29 -30 31 32 -33 -34 -35 -36 37 -38 -39 -40 41 42 43 44 45 46 47 48 -49 -50 0
uf50-0799 129454 -1 2 3 4 -5 6 -7 8 9 10 -11 -12 -13 14 15 16 -17 -18 19 -20 -21 22 23 24 25 26 27 -28 -29 30 31 -32 -33 -34 35 36 -37 38 39 -40 41 42 -43 -44 45 -46 47 48 -49 -50 0
uf50-0799 129454 -1 2 3 4 -5 6 -7 8 9 10 -11 -12 -13 14 15 16 -17 -18 19 -20 -21 22 23 24 25 26 27 -28 -29 30 31 -32 -33 -34 35 36 -37 38 39 -40 41 42 -43 -44 45 -46 47 48 -49 -50 0
uf50-0799 129454 -1 2 3 4 -5 6 -7 8 9 10 -11 -12 -13 14 15 16 -17 -18 19 -20 -21 22 23 24 25 26 27 -28 -29 30 31 -32 -33 -34 35 36 -37 38 39 -40 41 42 -43 -44 45 -46 47 48 -49 -50 0
uf50-0799 129454 -1 2 3 4 -5 6 -7 8 9 10 -11 -12 -13 14 15 16 -17 -18 19 -20 -21 22 23 24 25 26 27 -28 -29 30 31 -32 -33 -34 35 36 -37 38 39 -40 41 42 -43 -44 45 -46 47 48 -49 -50 0
uf50-0799 129454 -1 2 3 4 -5 6 -7 8 9 10 -11 -12 -13 14 15 16 -17 -18 19 -20 -21 22 23 24 25 26 27 -28 -29 30 31 -32 -33 -34 35 36 -37 38 39 -40 41 42 -43 -44 45 -46 47 48 -49 -50 0
uf50-0799 129454 -1 2 3 4 -5 6 -7 8 9 10 -11 -12 -13 14 15 16 -17 -18 19 -20 -21 22 23 24 25 26 27 -28 -29 30 31 -32 -33 -34 35 36 -37 38 39 -40 41 42 -43 -44 45 -46 47 48 -49 -50 0
uf50-0799 129454 -1 2 3 4 -5 6 -7 8 9 10 -11 -12 -13 14 15 16 -17 -18 19 -20 -21 22 23 24 25 26 27 -28 -29 30 31 -32 -33 -34 35 36 -37 38 39 -40 41 42 -43 -44 45 -46 47 48 -49 -50 0
uf50-0799 217 0
uf50-0799 126135 -1 2 3 4 -5 6 -7 8 9 10 -11 -12 -13 14 15 16 -17 -18 19 -20 -21 22 23 24 25 26 27 -28 -29 30 -31 -32 -33 -34 35 36 -37 38 39 -40 41 42 -43 -44 45 -46 47 48 -49 -50 0
uf50-0799 217 0
uf50-0799 129454 -1 2 3 4 -5 6 -7 8 9 10 -11 -12 -13 14 15 16 -17 -18 19 -20 -21 22 23 24 25 26 27 -28 -29 30 31 -32 -33 -34 35 36 -37 38 39 -40 41 42 -43 -44 45 -46 47 48 -49 -50 0
uf50-0799 129454 -1 2 3 4 -5 6 -7 8 9 10 -11 -12 -13 14 15 16 -17 -18 19 -20 -21 22 23 24 25 26 27 -28 -29 30 31 -32 -33 -34 35 36 -37 38 39 -40 41 42 -43 -44 45 -46 47 48 -49 -50 0
uf50-0799 217 0
uf50-0799 129454 -1 2 3 4 -5 6 -7 8 9 10 -11 -12 -13 14 15 16 -17 -18 19 -20 -21 22 23 24 25 26 27 -28 -29 30 31 -32 -33 -34 35 36 -37 38 39 -40 41 42 -43 -44 45 -46 47 48 -49 -50 0
uf50-0799 129454 -1 2 3 4 -5 6 -7 8 9 10 -11 -12 -13 14 15 16 -17 -18 19 -20 -21 22 23 24 25 26 27 -28 -29 30 31 -32 -33 -34 35 36 -37 38 39 -40 41 42 -43 -44 45 -46 47 48 -49 -50 0
uf50-0799 217 0
uf50-0799 129454 -1 2 3 4 -5 6 -7 8 9 10 -11 -12 -13 14 15 16 -17 -18 19 -20 -21 22 23 24 25 26 27 -28 -29 30 31 -32 -33 -34 35 36 -37 38 39 -40 41 42 -43 -44 45 -46 47 48 -49 -50 0
uf50-0799 129454 -1 2 3 4 -5 6 -7 8 9 10 -11 -12 -13 14 15 16 -17 -18 19 -20 -21 22 23 24 25 26 27 -28 -29 30 31 -32 -33 -34 35 36 -37 38 39 -40 41 42 -43 -44 45 -46 47 48 -49 -50 0
uf50-0799 217 0
uf50-0799 129454 -1 2 3 4 -5 6 -7 8 9 10 -11 -12 -13 14 15 16 -17 -18 19 -20 -21 22 23 24 25 26 27 -28 -29 30 31 -32 -33 -34 35 36 -37 38 39 -40 41 42 -43 -44 45 -46 47 48 -49 -50 0
uf50-0799 129454 -1 2 3 4 -5 6 -7 8 9 10 -11 -12 -13 14 15 16 -17 -18 19 -20 -21 22 23 24 25 26 27 -28 -29 30 31 -32 -33 -34 35 36 -37 38 39 -40 41 42 -43 -44 45 -46 47 48 -49 -50 0
uf50-0799 217 0
uf50-0799 129454 -1 2 3 4 -5 6 -7 8 9 10 -11 -12 -13 14 15 16 -17 -18 19 -20 -21 22 23 24 25 26 27 -28 -29 30 31 -32 -33 -34 35 36 -37 38 39 -40 41 42 -43 -44 45 -46 47 48 -49 -50 0
uf50-0799 129454 -1 2 3 4 -5 6 -7 8 9 10 -11 -12 -13 14 15 16 -17 -18 19 -20 -21 22 23 24 25 26 27 -28 -29 30 31 -32 -33 -34 35 36 -37 38 39 -40 41 42 -43 -44 45 -46 47 48 -49 -50 0
uf50-0799 129454 -1 2 3 4 -5 6 -7 8 9 10 -11 -12 -13 14 15 16 -17 -18 19 -20 -21 22 23 24 25 26 27 -28 -29 30 31 -32 -33 -34 35 36 -37 38 39 -40 41 42 -43 -44 45 -46 47 48 -49 -50 0
uf50-0799 129454 -1 2 3 4 -5 6 -7 8 9 10 -11 -12 -13 14 15 16 -17 -18 19 -20 -21 22 23 24 25 26 27 -28 -29 30 31 -32 -33 -34 35 36 -37 38 39 -40 41 42 -43 -44 45 -46 47 48 -49 -50 0
uf50-0799 129454 -1 2 3 4 -5 6 -7 8 9 10 -11 -12 -13 14 15 16 -17 -18 19 -20 -21 22 23 24 25 26 27 -28 -29 30 31 -32 -33 -34 35 36 -37 38 39 -40 41 42 -43 -44 45 -46 47 48 -49 -50 0
uf50-0799 129454 -1 2 3 4 -5 6 -7 8 9 10 -11 -12 -13 14 15 16 -17 -18 19 -20 -21 22 23 24 25 26 27 -28 -29 30 31 -32 -33 -34 35 36 -37 38 39 -40 41 42 -43 -44 45 -46 47 48 -49 -50 0
uf50-0799 129454 -1 2 3 4 -5 6 -7 8 9 10 -11 -12 -13 14 15 16 -17 -18 19 -20 -21 22 23 24 25 26 27 -28 -29 30 31 -32 -33 -34 35 36 -37 38 39 -40 41 42 -43 -44 45 -46 47 48 -49 -50 0
uf50-0799 129454 -1 2 3 4 -5 6 -7 8 9 10 -11 -12 -13 14 15 16 -17 -18 19 -20 -21 22 23 24 25 26 27 -28 -29 30 31 -32 -33 -34 35 36 -37 38 39 -40 41 42 -43 -44 45 -46 47 48 -49 -50 0
uf50-0799 129454 -1 2 3 4 -5 6 -7 8 9 10 -11 -12 -13 14 15 16 -17 -18 19 -20 -21 22 23 24 25 26 27 -28 -29 30 31 -32 -33 -34 35 36 -37 38 39 -40 41 42 -43 -44 45 -46 47 48 -49 -50 0
uf50-0799 217 0
uf50-0799 129454 -1 2 3 4 -5 6 -7 8 9 10 -11 -12 -13 14 15 16 -17 -18 19 -20 -21 22 23 24 25 26 27 -28 -29 30 31 -32 -33 -34 35 36 -37 38 39 -40 41 42 -43 -44 45 -46 47 48 -49 -50 0
uf50-0799 129454 -1 2 3 4 -5 6 -7 8 9 10 -11 -12 -13 14 15 16 -17 -18 19 -20 -21 22 23 24 25 26 27 -28 -29 30 31 -32 -33 -34 35 36 -37 38 39 -40 41 42 -43 -44 45 -46 47 48 -49 -50 0
uf50-0799 129454 -1 2 3 4 -5 6 -7 8 9 10 -11 -12 -13 14 15 16 -17 -18 19 -20 -21 22 23 24 25 26 27 -28 -29 30 31 -32 -33 -34 35 36 -37 38 39 -40 41 42 -43 -44 45 -46 47 48 -49 -50 0
uf50-0799 129454 -1 2 3 4 -5 6 -7 8 9 10 -11 -12 -13 14 15 16 -17 -18 19 -20 -21 22 23 24 25 26 27 -28 -29 30 31 -32 -33 -34 35 36 -37 38 39 -40 41 42 -43 -44 45 -46 47 48 -49 -50 0
uf50-0799 129454 -1 2 3 4 -5 6 -7 8 9 10 -11 -12 -13 14 15 16 -17 -18 19 -20 -21 22 23 24 25 26 27 -28 -29 30 31 -32 -33 -34 35 36 -37 38 39 -40 41 42 -43 -44 45 -46 47 48 -49 -50 0
uf50-0799 129454 -1 2 3 4 -5 6 -7 8 9 10 -11 -12 -13 14 15 16 -17 -18 19 -20 -21 22 23 24 25 26 27 -28 -29 30 31 -32 -33 -34 35 36 -37 38 39 -40 41 42 -43 -44 45 -46 47 48 -49 -50 0
uf50-0799 129454 -1 2 3 4 -5 6 -7 8 9 10 -11 -12 -13 14 15 16 -17 -18 19 -20 -21 22 23 24 25 26 27 -28 -29 30 31 -32 -33 -34 35 36 -37 38 39 -40 41 42 -43 -44 45 -46 47 48 -49 -50 0
uf50-0799 129454 -1 2 3 4 -5 6 -7 8 9 10 -11 -12 -13 14 15 16 -17 -18 19 -20 -21 22 23 24 25 26 27 -28 -29 30 31 -32 -33 -34 35 36 -37 38 39 -40 41 42 -43 -44 45 -46 47 48 -49 -50 0
uf50-0799 129454 -1 2 3 4 -5 6 -7 8 9 10 -11 -12 -13 14 15 16 -17 -18 19 -20 -21 22 23 24 25 26 27 -28 -29 30 31 -32 -33 -34 35 36 -37 38 39 -40 41 42 -43 -44 45 -46 47 48 -49 -50 0
uf50-0799 129454 -1 2 3 4 -5 6 -7 8 9 10 -11 -12 -13 14 15 16 -17 -18 19 -20 -21 22 23 24 25 26 27 -28 -29 30 31 -32 -33 -34 35 36 -37 38 39 -40 41 42 -43 -44 45 -46 47 48 -49 -50 0
uf50-0799 129454 -1 2 3 4 -5 6 -7 8 9 10 -11 -12 -13 14 15 16 -17 -18 19 -20 -21 22 23 24 25 26 27 -28 -29 30 31 -32 -33 -34 35 36 -37 38 39 -40 41 42 -43 -44 45 -46 47 48 -49 -50 0
uf50-0799 217 0
uf50-0799 129454 -1 2 3 4 -5 6 -7 8 9 10 -11 -12 -13 14 15 16 -17 -18 19 -20 -21 22 23 24 25 26 27 -28 -29 30 31 -32 -33 -34 35 36 -37 38 39 -40 41 42 -43 -44 45 -46 47 48 -49 -50 0
uf50-0799 129454 -1 2 3 4 -5 6 -7 8 9 10 -11 -12 -13 14 15 16 -17 -18 19 -20 -21 22 23 24 25 26 27 -28 -29 30 31 -32 -33 -34 35 36 -37 38 39 -40 41 42 -43 -44 45 -46 47 48 -49 -50 0
uf50-0799 129454 -1 2 3 4 -5 6 -7 8 9 10 -11 -12 -13 14 15 16 -17 -18 19 -20 -21 22 23 24 25 26 27 -28 -29 30 31 -32 -33 -34 35 36 -37 38 39 -40 41 42 -43 -44 45 -46 47 48 -49 -50 0
uf50-0799 217 0
uf50-0799 129454 -1 2 3 4 -5 6 -7 8 9 10 -11 -12 -13 14 15 16 -17 -18 19 -20 -21 22 23 24 25 26 27 -28 -29 30 31 -32 -33 -34 35 36 -37 38 39 -40 41 42 -43 -44 45 -46 47 48 -49 -50 0
uf50-0799 129454 -1 2 3 4 -5 6 -7 8 9 10 -11 -12 -13 14 15 16 -17 -18 19 -20 -21 22 23 24 25 26 27 -28 -29 30 31 -32 -33 -34 35 36 -37 38 39 -40 41 42 -43 -44 45 -46 47 48 -49 -50 0
uf50-0863 109539 -1 -2 -3 -4 -5 6 7 -8 9 -10 11 12 13 -14 15 -16 -17 -18 19 -20 -21 22 -23 -24 25 26 27 28 29 30 -31 32 33 -34 -35 -36 -37 -38 39 40 -41 42 43 44 -45 -46 47 -48 -49 -50 0
uf50-0863 109539 -1 -2 -3 -4 -5 6 7 -8 9 -10 11 12 13 -14 15 -16 -17 -18 19 -20 -21 22 -23 -24 25 26 27 28 29 30 -31 32 33 -34 -35 -36 -37 -38 39 40 -41 42 43 44 -45 -46 47 -48 -49 -50 0
uf50-0863 217 0
uf50-0863 109539 -1 -2 -3 -4 -5 6 7 -8 9 -10 11 12 13 -14 15 -16 -17 -18 19 -20 -21 22 -23 -24 25 26 27 28 29 30 -31 32 33 -34 -35 -36 -37 -38 39 40 -41 42 43 44 -45 -46 47 -48 -49 -50 0
uf50-0863 109539 -1 -2 -3 -4 -5 6 7 -8 9 -10 11 12 13 -14 15 -16 -17 -18 19 -20 -21 22 -23 -24 25 26 27 28 29 30 -31 32 33 -34 -35 -36 -37 -38 39 40 -41 42 43 44 -45 -46 47 -48 -49 -50 0
uf50-0863 217 0
uf50-0863 109539 -1 -2 -3 -4 -5 6 7 -8 9 -10 11 12 13 -14 15 -16 -17 -18 19 -20 -21 22 -23 -24 25 26 27 28 29 30 -31 32 33 -34 -35 -36 -37 -38 39 40 -41 42 43 44 -45 -46 47 -48 -49 -50 0
uf50-0863 217 0
uf50-0863 217 0
uf50-0863 109539 -1 -2 -3 -4 -5 6 7 -8 9 -10 11 12 13 -14 15 -16 -17 -18 19 -20 -21 22 -23 -24 25 26 27 28 29 30 -31 32 33 -34 -35 -36 -37 -38 39 40 -41 42 43 44 -45 -46 47 -48 -49 -50 0
uf50-0863 109539 -1 -2 -3 -4 -5 6 7 -8 9 -10 11 12 13 -14 15 -16 -17 -18 19 -20 -21 22 -23 -24 25 26 27 28 29 30 -31 32 33 -34 -35 -36 -37 -38 39 40 -41 42 43 44 -45 -46 47 -48 -49 -50 0
uf50-0863 109539 -1 -2 -3 -4 -5 6 7 -8 9 -10 11 12 13 -14 15 -16 -17 -18 19 -20 -21 22 -23 -24 25 26 27 28 29 30 -31 32 33 -34 -35 -36 -37 -38 39 40 -41 42 43 44 -45 -46 47 -48 -49 -50 0
uf50-0863 109539 -1 -2 -3 -4 -5 6 7 -8 9 -10 11 12 13 -14 15 -16 -17 -18 19 -20 -21 22 -23 -24 25 26 27 28 29 30 -31 32 33 -34 -35 -36 -37 -38 39 40 -41 42 43 44 -45 -46 47 -48 -49 -50 0
uf50-0863 109539 -1 -2 -3 -4 -5 6 7 -8 9 -10 11 12 13 -14 15 -16 -17 -18 19 -20 -21 22 -23 -24 25 26 27 28 29 30 -31 32 33 -34 -35 -36 -37 -38 39 40 -41 42 43 44 -45 -46 47 -48 -49 -50 0
uf50-0863 109539 -1 -2 -3 -4 -5 6 7 -8 9 -10 11 12 13 -14 15 -16 -17 -18 19 -20 -21 22 -23 -24 25 26 27 28 29 30 -31 32 33 -34 -35 -36 -37 -38 39 40 -41 42 43 44 -45 -46 47 -48 -49 -50 0
uf50-0863 109539 -1 -2 -3 -4 -5 6 7 -8 9 -10 11 12 13 -14 15 -16 -17 -18 19 -20 -21 22 -23 -24 25 26 27 28 29 30 -31 32 33 -34 -35 -36 -37 -38 39 40 -41 42 43 44 -45 -46 47 -48 -49 -50 0
uf50-0863 109539 -1 -2 -3 -4 -5 6 7 -8 9 -10 11 12 13 -14 15 -16 -17 -18 19 -20 -21 22 -23 -24 25 26 27 28 29 30 -31 32 33 -34 -35 -36 -37 -38 39 40 -41 42 43 44 -45 -46 47 -48 -49 -50 0
uf50-0863 109539 -1 -2 -3 -4 -5 6 7 -8 9 -10 11 12 13 -14 15 -16 -17 -18 19 -20 -21 22 -23 -24 25 26 27 28 29 30 -31 32 33 -34 -35 -36 -37 -38 39 40 -41 42 43 44 -45 -46 47 -48 -49 -50 0
uf50-0863 109539 -1 -2 -3 -4 -5 6 7 -8 9 -10 11 12 13 -14 15 -16 -17 -18 19 -20 -21 22 -23 -24 25 26 27 28 29 30 -31 32 33 -34 -35 -36 -37 -38 39 40 -41 42 43 44 -45 -46 47 -48 -49 -50 0
uf50-0863 217 0
uf50-0863 109539 -1 -2 -3 -4 -5 6 7 -8 9 -10 11 12 13 -14 15 -16 -17 -18 19 -20 -21 22 -23 -24 25 26 27 28 29 30 -31 32 33 -34 -35 -36 -37 -38 39 40 -41 42 43 44 -45 -46 47 -48 -49 -50 0
uf50-0863 109539 -1 -2 -3 -4 -5 6 7 -8 9 -10 11 12 13 -14 15 -16 -17 -18 19 -20 -21 22 -23 -24 25 26 27 28 29 30 -31 32 33 -34 -35 -36 -37 -38 39 40 -41 42 43 44 -45 -46 47 -48 -49 -50 0
uf50-0863 109539 -1 -2 -3 -4 -5 6 7 -8 9 -10 11 12 13 -14 15 -16 -17 -18 19 -20 -21 22 -23 -24 25 26 27 28 29 30 -31 32 33 -34 -35 -36 -37 -38 39 40 -41 42 43 44 -45 -46 47 -48 -49 -50 0
uf50-0863 109539 -1 -2 -3 -4 -5 6 7 -8 9 -10 11 12 13 -14 15 -16 -17 -18 19 -20 -21 22 -23 -24 25 26 27 28 29 30 -31 32 33 -34 -35 -36 -37 -38 39 40 -41 42 43 44 -45 -46 47 -48 -49 -50 0
uf50-0863 109539 -1 -2 -3 -4 -5 6 7 -8 9 -10 11 12 13 -14 15 -16 -17 -18 19 -20 -21 22 -23 -24 25 26 27 28 29 30 -31 32 33 -34 -35 -36 -37 -38 39 40 -41 42 43 44 -45 -46 47 -48 -49 -50 0
uf50-0863 109539 -1 -2 -3 -4 -5 6 7 -8 9 -10 11 12 13 -14 15 -16 -17 -18 19 -20 -21 22 -23 -24 25 26 27 28 29 30 -31 32 33 -34 -35 -36 -37 -38 39 40 -41 42 43 44 -45 -46 47 -48 -49 -50 0
uf50-0863 109539 -1 -2 -3 -4 -5 6 7 -8 9 -10 11 12 13 -14 15 -16 -17 -18 19 -20 -21 22 -23 -24 25 26 27 28 29 30 -31 32 33 -34 -35 -36 -37 -38 39 40 -41 42 43 44 -45 -46 47 -48 -49 -50 0
uf50-0863 217 0
uf50-0863 109539 -1 -2 -3 -4 -5 6 7 -8 9 -10 11 12 13 -14 15 -16 -17 -18 19 -20 -21 22 -23 -24 25 26 27 28 29 30 -31 32 33 -34 -35 -36 -37 -38 39 40 -41 42 43 44 -45 -46 47 -48 -49 -50 0
uf50-0863 217 0
uf50-0863 109539 -1 -2 -3 -4 -5 6 7 -8 9 -10 11 12 13 -14 15 -16 -17 -18 19 -20 -21 22 -23 -24 25 26 27 28 29 30 -31 32 33 -34 -35 -36 -37 -38 39 40 -41 42 43 44 -45 -46 47 -48 -49 -50 0
uf50-0863 109539 -1 -2 -3 -4 -5 6 7 -8 9 -10 11 12 13 -14 15 -16 -17 -18 19 -20 -21 22 -23 -24 25 26 27 28 29 30 -31 32 33 -34 -35 -36 -37 -38 39 40 -41 42 43 44 -45 -46 47 -48 -49 -50 0
uf50-0863 109539 -1 -2 -3 -4 -5 6 7 -8 9 -10 11 12 13 -14 15 -16 -17 -18 19 -20 -21 22 -23 -24 25 26 27 28 29 30 -31 32 33 -34 -35 -36 -37 -38 39 40 -41 42 43 44 -45 -46 47 -48 -49 -50 0
uf50-0863 217 0
uf50-0863 109539 -1 -2 -3 -4 -5 6 7 -8 9 -10 11 12 13 -14 15 -16 -17 -18 19 -20 -21 22 -23 -24 25 26 27 28 29 30 -31 32 33 -34 -35 -36 -37 -38 39 40 -41 42 43 44 -45 -46 47 -48 -49 -50 0
uf50-0863 109539 -1 -2 -3 -4 -5 6 7 -8 9 -10 11 12 13 -14 15 -16 -17 -18 19 -20 -21 22 -23 -24 25 26 27 28 29 30 -31 32 33 -34 -35 -36 -37 -38 39 40 -41 42 43 44 -45 -46 47 -48 -49 -50 0
uf50-0863 217 0
uf50-0863 217 0
uf50-0863 217 0
uf50-0863 109539 -1 -2 -3 -4 -5 6 7 -8 9 -10 11 12 13 -14 15 -16 -17 -18 19 -20 -21 22 -23 -24 25 26 27 28 29 30 -31 32 33 -34 -35 -36 -37 -38 39 40 -41 42 43 44 -45 -46 47 -48 -49 -50 0
uf50-0863 217 0
uf50-0863 217 0
uf50-0863 109539 -1 -2 -3 -4 -5 6 7 -8 9 -10 11 12 13 -14 15 -16 -17 -18 19 -20 -21 22 -23 -24 25 26 27 28 29 30 -31 32 33 -34 -35 -36 -37 -38 39 40 -41 42 43 44 -45 -46 47 -48 -49 -50 0
uf50-0863 109539 -1 -2 -3 -4 -5 6 7 -8 9 -10 11 12 13 -14 15 -16 -17 -18 19 -20 -21 22 -23 -24 25 26 27 28 29 30 -31 32 33 -34 -35 -36 -37 -38 39 40 -41 42 43 44 -45 -46 47 -48 -49 -50 0
uf50-0863 109539 -1 -2 -3 -4 -5 6 7 -8 9 -10 11 12 13 -14 15 -16 -17 -18 19 -20 -21 22 -23 -24 25 26 27 28 29 30 -31 32 33 -34 -35 -36 -37 -38 39 40 -41 42 43 44 -45 -46 47 -48 -49 -50 0
uf50-0863 217 0
uf50-0863 109539 -1 -2 -3 -4 -5 6 7 -8 9 -10 11 12 13 -14 15 -16 -17 -18 19 -20 -21 22 -23 -24 25 26 27 28 29 30 -31 32 33 -34 -35 -36 -37 -38 39 40 -41 42 43 44 -45 -46 47 -48 -49 -50 0
uf50-0863 109539 -1 -2 -3 -4 -5 6 7 -8 9 -10 11 12 13 -14 15 -16 -17 -18 19 -20 -21 22 -23 -24 25 26 27 28 29 30 -31 32 33 -34 -35 -36 -37 -38 39 40 -41 42 43 44 -45 -46 47 -48 -49 -50 0
uf50-0863 217 0
uf50-0863 109539 -1 -2 -3 -4 -5 6 7 -8 9 -10 11 12 13 -14 15 -16 -17 -18 19 -20 -21 22 -23 -24 25 26 27 28 29 30 -31 32 33 -34 -35 -36 -37 -38 39 40 -41 42 43 44 -45 -46 47 -48 -49 -50 0
uf50-0549 125257 1 2 3 4 5 6 7 -8 9 10 -11 12 13 -14 15 -16 -17 18 19 -20 21 -22 -23 -24 25 -26 -27 28 -29 -30 31 32 33 34 35 36 37 38 -39 -40 41 42 43 44 45 46 -47 -48 49 -50 0
uf50-0549 125257 1 2 3 4 5 6 7 -8 9 10 -11 12 13 -14 15 -16 -17 18 19 -20 21 -22 -23 -24 25 -26 -27 28 -29 -30 31 32 33 34 35 36 37 38 -39 -40 41 42 43 44 45 46 -47 -48 49 -50 0
uf50-0549 125257 1 2 3 4 5 6 7 -8 9 10 -11 12 13 -14 15 -16 -17 18 19 -20 21 -22 -23 -24 25 -26 -27 28 -29 -30 31 32 33 34 35 36 37 38 -39 -40 41 42 43 44 45 46 -47 -48 49 -50 0
uf50-0549 125257 1 2 3 4 5 6 7 -8 9 10 -11 12 13 -14 15 -16 -17 18 19 -20 21 -22 -23 -24 25 -26 -27 28 -29 -30 31 32 33 34 35 36 37 38 -39 -40 41 42 43 44 45 46 -47 -48 49 -50 0
uf50-0549 125257 1 2 3 4 5 6 7 -8 9 10 -11 12 13 -14 15 -16 -17 18 19 -20 21 -22 -23 -24 25 -26 -27 28 -29 -30 31 32 33 34 35 36 37 38 -39 -40 41 42 43 44 45 46 -47 -48 49 -50 0
uf50-0549 125257 1 2 3 4 5 6 7 -8 9 10 -11 12 13 -14 15 -16 -17 18 19 -20 21 -22 -23 -24 25 -26 -27 28 -29 -30 31 32 33 34 35 36 37 38 -39 -40 41 42 43 44 45 46 -47 -48 49 -50 0
uf50-0549 125257 1 2 3 4 5 6 7 -8 9 10 -11 12 13 -14 15 -16 -17 18 19 -20 21 -22 -23 -24 25 -26 -27 28 -29 -30 31 32 33 34 35 36 37 38 -39 -40 41 42 43 44 45 46 -47 -48 49 -50 0
uf50-0549 125257 1 2 3 4 5 6 7 -8 9 10 -11 12 13 -14 15 -16 -17 18 19 -20 21 -22 -23 -24 25 -26 -27 28 -29 -30 31 32 33 34 35 36 37 38 -39 -40 41 42 43 44 45 46 -47 -48 49 -50 0
uf50-0549 125257 1 2 3 4 5 6 7 -8 9 10 -11 12 13 -14 15 -16 -17 18 19 -20 21 -22 -23 -24 25 -26 -27 28 -29 -30 31 32 33 34 35 36 37 38 -39 -40 41 42 43 44 45 46 -47 -48 49 -50 0
uf50-0549 125257 1 2 3 4 5 6 7 -8 9 10 -11 12 13 -14 15 -16 -17 18 19 -20 21 -22 -23 -24 25 -26 -27 28 -29 -30 31 32 33 34 35 36 37 38 -39 -40 41 42 43 44 45 46 -47 -48 49 -50 0
uf50-0549 125257 1 2 3 4 5 6 7 -8 9 10 -11 12 13 -14 15 -16 -17 18 19 -20 21 -22 -23 -24 25 -26 -27 28 -29 -30 31 32 33 34 35 36 37 38 -39 -40 41 42 43 44 45 46 -47 -48 49 -50 0
uf50-0549 125257 1 2 3 4 5 6 7 -8 9 10 -11 12 13 -14 15 -16 -17 18 19 -20 21 -22 -23 -24 25 -26 -27 28 -29 -30 31 32 33 34 35 36 37 38 -39 -40 41 42 43 44 45 46 -47 -48 49 -50 0
uf50-0549 125257 1 2 3 4 5 6 7 -8 9 10 -11 12 13 -14 15 -16 -17 18 19 -20 21 -22 -23 -24 25 -26 -27 28 -29 -30 31 32 33 34 35 36 37 38 -39 -40 41 42 43 44 45 46 -47 -48 49 -50 0
uf50-0549 125257 1 2 3 4 5 6 7 -8 9 10 -11 12 13 -14 15 -16 -17 18 19 -20 21 -22 -23 -24 25 -26 -27 28 -29 -30 31 32 33 34 35 36 37 38 -39 -40 41 42 43 44 45 46 -47 -48 49 -50 0
uf50-0549 125257 1 2 3 4 5 6 7 -8 9 10 -11 12 13 -14 15 -16 -17 18 19 -20 21 -22 -23 -24 25 -26 -27 28 -29 -30 31 32 33 34 35 36 37 38 -39 -40 41 42 43 44 45 46 -47 -48 49 -50 0
uf50-0549 125257 1 2 3 4 5 6 7 -8 9 10 -11 12 13 -14 15 -16 -17 18 19 -20 21 -22 -23 -24 25 -26 -27 28 -29 -30 31 32 33 34 35 36 37 38 -39 -40 41 42 43 44 45 46 -47 -48 49 -50 0
uf50-0549 125257 1 2 3 4 5 6 7 -8 9 10 -11 12 13 -14 15 -16 -17 18 19 -20 21 -22 -23 -24 25 -26 -27 28 -29 -30 31 32 33 34 35 36 37 38 -39 -40 41 42 43 44 45 46 -47 -48 49 -50 0
uf50-0549 125257 1 2 3 4 5 6 7 -8 9 10 -11 12 13 -14 15 -16 -17 18 19 -20 21 -22 -23 -24 25 -26 -27 28 -29 -30 31 32 33 34 35 36 37 38 -39 -40 41 42 43 44 45 46 -47 -48 49 -50 0
uf50-0549 125257 1 2 3 4 5 6 7 -8 9 10 -11 12 13 -14 15 -16 -17 18 19 -20 21 -22 -23 -24 25 -26 -27 28 -29 -30 31 32 33 34 35 36 37 38 -39 -40 41 42 43 44 45 46 -47 -48 49 -50 0
uf50-0549 125257 1 2 3 4 5 6 7 -8 9 10 -11 12 13 -14 15 -16 -17 18 19 -20 21 -22 -23 -24 25 -26 -27 28 -29 -30 31 32 33 34 35 36 37 38 -39 -40 41 42 43 44 45 46 -47 -48 49 -50 0
uf50-0549 125257 1 2 3 4 5 6 7 -8 9 10 -11 12 13 -14 15 -16 -17 18 19 -20 21 -22 -23 -24 25 -26 -27 28 -29 -30 31 32 33 34 35 36 37 38 -39 -40 41 42 43 44 45 46 -47 -48 49 -50 0
uf50-0549 125257 1 2 3 4 5 6 7 -8 9 10 -11 12 13 -14 15 -16 -17 18 19 -20 21 -22 -23 -24 25 -26 -27 28 -29 -30 31 32 33 34 35 36 37 38 -39 -40 41 42 43 44 45 46 -47 -48 49 -50 0
uf50-0549 125257 1 2 3 4 5 6 7 -8 9 10 -11 12 13 -14 15 -16 -17 18 19 -20 21 -22 -23 -24 25 -26 -27 28 -29 -30 31 32 33 34 35 36 37 38 -39 -40 41 42 43 44 45 46 -47 -48 49 -50 0
uf50-0549 125257 1 2 3 4 5 6 7 -8 9 10 -11 12 13 -14 15 -16 -17 18 19 -20 21 -22 -23 -24 25 -26 -27 28 -29 -30 31 32 33 34 35 36 37 38 -39 -40 41 42 43 44 45 46 -47 -48 49 -50 0
uf50-0549 125257 1 2 3 4 5 6 7 -8 9 10 -11 12 13 -14 15 -16 -17 18 19 -20 21 -22 -23 -24 25 -26 -27 28 -29 -30 31 32 33 34 35 36 37 38 -39 -40 41 42 43 44 45 46 -47 -48 49 -50 0
uf50-0549 125257 1 2 3 4 5 6 7 -8 9 10 -11 12 13 -14 15 -16 -17 18 19 -20 21 -22 -23 -24 25 -26 -27 28 -29 -30 31 32 33 34 35 36 37 38 -39 -40 41 42 43 44 45 46 -47 -48 49 -50 0
uf50-0549 125257 1 2 3 4 5 6 7 -8 9 10 -11 12 13 -14 15 -16 -17 18 19 -20 21 -22 -23 -24 25 -26 -27 28 -29 -30 31 32 33 34 35 36 37 38 -39 -40 41 42 43 44 45 46 -47 -48 49 -50 0
uf50-0549 125257 1 2 3 4 5 6 7 -8 9 10 -11 12 13 -14 15 -16 -17 18 19 -20 21 -22 -23 -24 25 -26 -27 28 -29 -30 31 32 33 34 35 36 37 38 -39 -40 41 42 43 44 45 46 -47 -48 49 -50 0
uf50-0549 125257 1 2 3 4 5 6 7 -8 9 10 -11 12 13 -14 15 -16 -17 18 19 -20 21 -22 -23 -24 25 -26 -27 28 -29 -30 31 32 33 34 35 36 37 38 -39 -40 41 42 43 44 45 46 -47 -48 49 -50 0
uf50-0549 125257 1 2 3 4 5 6 7 -8 9 10 -11 12 13 -14 15 -16 -17 18 19 -20 21 -22 -23 -24 25 -26 -27 28 -29 -30 31 32 33 34 35 36 37 38 -39 -40 41 42 43 44 45 46 -47 -48 49 -50 0
uf50-0549 125257 1 2 3 4 5 6 7 -8 9 10 -11 12 13 -14 15 -16 -17 18 19 -20 21 -22 -23 -24 25 -26 -27 28 -29 -30 31 32 33 34 35 36 37 38 -39 -40 41 42 43 44 45 46 -47 -48 49 -50 0
uf50-0549 125257 1 2 3 4 5 6 7 -8 9 10 -11 12 13 -14 15 -16 -17 18 19 -20 21 -22 -23 -24 25 -26 -27 28 -29 -30 31 32 33 34 35 36 37 38 -39 -40 41 42 43 44 45 46 -47 -48 49 -50 0
uf50-0549 124061 1 2 3 4 5 6 7 -8 9 -10 -11 12 13 -14 15 -16 -17 18 -19 20 21 -22 -23 -24 25 -26 -27 28 -29 -30 31 32 33 34 35 36 37 38 -39 -40 41 42 43 -44 45 46 -47 48 49 50 0
uf50-0549 125257 1 2 3 4 5 6 7 -8 9 10 -11 12 13 -14 15 -16 -17 18 19 -20 21 -22 -23 -24 25 -26 -27 28 -29 -30 31 32 33 34 35 36 37 38 -39 -40 41 42 43 44 45 46 -47 -48 49 -50 0
uf50-0549 125257 1 2 3 4 5 6 7 -8 9 10 -11 12 13 -14 15 -16 -17 18 19 -20 21 -22 -23 -24 25 -26 -27 28 -29 -30 31 32 33 34 35 36 37 38 -39 -40 41 42 43 44 45 46 -47 -48 49 -50 0
uf50-0549 125257 1 2 3 4 5 6 7 -8 9 10 -11 12 13 -14 15 -16 -17 18 19 -20 21 -22 -23 -24 25 -26 -27 28 -29 -30 31 32 33 34 35 36 37 38 -39 -40 41 42 43 44 45 46 -47 -48 49 -50 0
uf50-0549 125257 1 2 3 4 5 6 7 -8 9 10 -11 12 13 -14 15 -16 -17 18 19 -20 21 -22 -23 -24 25 -26 -27 28 -29 -30 31 32 33 34 35 36 37 38 -39 -40 41 42 43 44 45 46 -47 -48 49 -50 0
uf50-0549 125257 1 2 3 4 5 6 7 -8 9 10 -11 12 13 -14 15 -16 -17 18 19 -20 21 -22 -23 -24 25 -26 -27 28 -29 -30 31 32 33 34 35 36 37 38 -39 -40 41 42 43 44 45 46 -47 -48 49 -50 0
uf50-0549 125257 1 2 3 4 5 6 7 -8 9 10 -11 12 13 -14 15 -16 -17 18 19 -20 21 -22 -23 -24 25 -26 -27 28 -29 -30 31 32 33 34 35 36 37 38 -39 -40 41 42 43 44 45 46 -47 -48 49 -50 0
uf50-0549 125257 1 2 3 4 5 6 7 -8 9 10 -11 12 13 -14 15 -16 -17 18 19 -20 21 -22 -23 -24 25 -26 -27 28 -29 -30 31 32 33 34 35 36 37 38 -39 -40 41 42 43 44 45 46 -47 -48 49 -50 0
uf50-0549 125257 1 2 3 4 5 6 7 -8 9 10 -11 12 13 -14 15 -16 -17 18 19 -20 21 -22 -23 -24 25 -26 -27 28 -29 -30 31 32 33 34 35 36 37 38 -39 -40 41 42 43 44 45 46 -47 -48 49 -50 0
uf50-0549 125257 1 2 3 4 5 6 7 -8 9 10 -11 12 13 -14 15 -16 -17 18 19 -20 21 -22 -23 -24 25 -26 -27 28 -29 -30 31 32 33 34 35 36 37 38 -39 -40 41 42 43 44 45 46 -47 -48 49 -50 0
uf50-0549 125257 1 2 3 4 5 6 7 -8 9 10 -11 12 13 -14 15 -16 -17 18 19 -20 21 -22 -23 -24 25 -26 -27 28 -29 -30 31 32 33 34 35 36 37 38 -39 -40 41 42 43 44 45 46 -47 -48 49 -50 0
uf50-0549 125257 1 2 3 4 5 6 7 -8 9 10 -11 12 13 -14 15 -16 -17 18 19 -20 21 -22 -23 -24 25 -26 -27 28 -29 -30 31 32 33 34 35 36 37 38 -39 -40 41 42 43 44 45 46 -47 -48 49 -50 0
uf50-0549 125257 1 2 3 4 5 6 7 -8 9 10 -11 12 13 -14 15 -16 -17 18 19 -20 21 -22 -23 -24 25 -26 -27 28 -29 -30 31 32 33 34 35 36 37 38 -39 -40 41 42 43 44 45 46 -47 -48 49 -50 0
uf50-0549 125257 1 2 3 4 5 6 7 -8 9 10 -11 12 13 -14 15 -16 -17 18 19 -20 21 -22 -23 -24 25 -26 -27 28 -29 -30 31 32 33 34 35 36 37 38 -39 -40 41 42 43 44 45 46 -47 -48 49 -50 0
uf50-0549 125257 1 2 3 4 5 6 7 -8 9 10 -11 12 13 -14 15 -16 -17 18 19 -20 21 -22 -23 -24 25 -26 -27 28 -29 -30 31 32 33 34 35 36 37 38 -39 -40 41 42 43 44 45 46 -47 -48 49 -50 0
uf50-0549 125257 1 2 3 4 5 6 7 -8 9 10 -11 12 13 -14 15 -16 -17 18 19 -20 21 -22 -23 -24 25 -26 -27 28 -29 -30 31 32 33 34 35 36 37 38 -39 -40 41 42 43 44 45 46 -47 -48 49 -50 0
uf50-0549 125257 1 2 3 4 5 6 7 -8 9 10 -11 12 13 -14 15 -16 -17 18 19 -20 21 -22 -23 -24 25 -26 -27 28 -29 -30 31 32 33 34 35 36 37 38 -39 -40 41 42 43 44 45 46 -47 -48 49 -50 0
uf50-0549 125257 1 2 3 4 5 6 7 -8 9 10 -11 12 13 -14 15 -16 -17 18 19 -20 21 -22 -23 -24 25 -26 -27 28 -29 -30 31 32 33 34 35 36 37 38 -39 -40 41 42 43 44 45 46 -47 -48 49 -50 0
uf50-0242 119794 1 -2 3 4 -5 -6 7 -8 9 -10 11 -12 -13 14 15 -16 17 18 19 20 21 22 23 24 -25 26 27 28 -29 -30 31 -32 33 34 35 36 -37 38 -39 -40 -41 42 43 44 45 46 47 -48 -49 50 0
uf50-0242 119794 1 -2 3 4 -5 -6 7 -8 9 -10 11 -12 -13 14 15 -16 17 18 19 20 21 22 23 24 -25 26 27 28 -29 -30 31 -32 33 34 35 36 -37 38 -39 -40 -41 42 43 44 45 46 47 -48 -49 50 0
uf50-0242 113106 1 -2 3 4 -5 -6 7 -8 9 -10 11 -12 -13 14 15 -16 17 18 19 20 21 22 23 -24 -25 26 27 28 -29 -30 31 -32 33 34 35 36 -37 38 -39 -40 -41 42 -43 44 45 46 47 -48 -49 50 0
uf50-0242 119794 1 -2 3 4 -5 -6 7 -8 9 -10 11 -12 -13 14 15 -16 17 18 19 20 21 22 23 24 -25 26 27 28 -29 -30 31 -32 33 34 35 36 -37 38 -39 -40 -41 42 43 44 45 46 47 -48 -49 50 0
uf50-0242 119794 1 -2 3 4 -5 -6 7 -8 9 -10 11 -12 -13 14 15 -16 17 18 19 20 21 22 23 24 -25 26 27 28 -29 -30 31 -32 33 34 35 36 -37 38 -39 -40 -41 42 43 44 45 46 47 -48 -49 50 0
uf50-0242 119794 1 -2 3 4 -5 -6 7 -8 9 -10 11 -12 -13 14 15 -16 17 18 19 20 21 22 23 24 -25 26 27 28 -29 -30 31 -32 33 34 35 36 -37 38 -39 -40 -41 42 43 44 45 46 47 -48 -49 50 0
uf50-0242 112409 1 -2 3 4 -5 -6 7 -8 -9 -10 11 -12 -13 14 15 -16 17 18 19 20 21 22 23 24 -25 -26 27 28 -29 -30 31 -32 33 34 35 36 -37 38 39 -40 -41 -42 43 44 45 46 47 -48 -49 50 0
uf50-0242 117505 1 -2 3 4 -5 -6 7 -8 9 -10 -11 -12 -13 14 15 -16 17 18 19 20 21 22 23 24 -25 26 27 28 -29 -30 31 -32 33 34 35 36 -37 38 -39 -40 -41 42 43 44 45 46 47 -48 -49 50 0
uf50-0242 109815 1 -2 3 4 -5 -6 7 -8 -9 -10 11 -12 -13 14 15 -16 17 18 19 20 21 22 23 24 -25 -26 27 28 -29 -30 31 -32 33 34 35 36 -37 38 39 -40 -41 -42 43 44 45 46 -47 -48 -49 50 0
uf50-0242 117348 1 -2 3 4 -5 -6 7 -8 -9 -10 11 -12 -13 14 15 -16 17 18 19 20 21 22 23 24 -25 26 27 28 -29 -30 31 -32 33 34 35 36 -37 38 -39 -40 -41 42 43 44 45 46 47 -48 -49 50 0
uf50-0242 119794 1 -2 3 4 -5 -6 7 -8 9 -10 11 -12 -13 14 15 -16 17 18 19 20 21 22 23 24 -25 26 27 28 -29 -30 31 -32 33 34 35 36 -37 38 -39 -40 -41 42 43 44 45 46 47 -48 -49 50 0
uf50-0242 117440 1 -2 3 4 -5 -6 7 -8 9 -10 11 -12 -13 14 15 -16 17 18 19 20 21 22 23 -24 -25 26 27 28 -29 -30 31 -32 33 34 35 36 -37 38 -39 -40 -41 42 43 44 45 46 47 -48 -49 50 0
uf50-0242 112465 1 -2 3 4 -5 -6 7 -8 -9 -10 -11 -12 -13 14 15 -16 17 18 19 20 21 22 23 24 -25 26 27 28 -29 -30 31 -32 33 34 35 36 -37 38 -39 -40 -41 42 43 44 45 46 -47 -48 -49 50 0
uf50-0242 102384 1 2 3 -4 5 -6 7 -8 -9 10 11 -12 -13 -14 -15 -16 17 18 19 20 -21 22 23 -24 -25 26 27 28 29 -30 31 -32 33 34 -35 36 -37 38 39 40 41 -42 43 44 45 46 47 -48 -49 -50 0
uf50-0242 119794 1 -2 3 4 -5 -6 7 -8 9 -10 11 -12 -13 14 15 -16 17 18 19 20 21 22 23 24 -25 26 27 28 -29 -30 31 -32 33 34 35 36 -37 38 -39 -40 -41 42 43 44 45 46 47 -48 -49 50 0
uf50-0242 115350 1 -2 3 4 -5 -6 7 -8 -9 -10 11 -12 -13 14 15 -16 17 18 19 20 21 22 23 24 -25 26 27 28 -29 -30 31 -32 33 34 35 36 -37 38 -39 -40 -41 -42 43 44 45 46 47 -48 -49 50 0
uf50-0242 116853 1 -2 3 4 -5 -6 7 -8 9 -10 11 -12 -13 14 15 -16 17 18 19 20 21 22 23 24 -25 -26 27 28 -29 -30 31 -32 33 34 35 36 -37 38 39 -40 -41 42 43 44 45 46 47 -48 -49 50 0
uf50-0242 119794 1 -2 3 4 -5 -6 7 -8 9 -10 11 -12 -13 14 15 -16 17 18 19 20 21 22 23 24 -25 26 27 28 -29 -30 31 -32 33 34 35 36 -37 38 -39 -40 -41 42 43 44 45 46 47 -48 -49 50 0
uf50-0242 119794 1 -2 3 4 -5 -6 7 -8 9 -10 11 -12 -13 14 15 -16 17 18 19 20 21 22 23 24 -25 26 27 28 -29 -30 31 -32 33 34 35 36 -37 38 -39 -40 -41 42 43 44 45 46 47 -48 -49 50 0
uf50-0242 119794 1 -2 3 4 -5 -6 7 -8 9 -10 11 -12 -13 14 15 -16 17 18 19 20 21 22 23 24 -25 26 27 28 -29 -30 31 -32 33 34 35 36 -37 38 -39 -40 -41 42 43 44 45 46 47 -48 -49 50 0
uf50-0242 119794 1 -2 3 4 -5 -6 7 -8 9 -10 11 -12 -13 14 15 -16 17 18 19 20 21 22 23 24 -25 26 27 28 -29 -30 31 -32 33 34 35 36 -37 38 -39 -40 -41 42 43 44 45 46 47 -48 -49 50 0
uf50-0242 119794 1 -2 3 4 -5 -6 7 -8 9 -10 11 -12 -13 14 15 -16 17 18 19 20 21 22 23 24 -25 26 27 28 -29 -30 31 -32 33 34 35 36 -37 38 -39 -40 -41 42 43 44 45 46 47 -48 -49 50 0
uf50-0242 114407 1 -2 3 4 -5 -6 7 -8 -9 -10 11 -12 -13 14 15 -16 17 18 19 20 21 22 23 24 -25 -26 27 28 -29 -30 31 -32 33 34 35 36 -37 38 39 -40 -41 42 43 44 45 46 47 -48 -49 50 0
uf50-0242 119794 1 -2 3 4 -5 -6 7 -8 9 -10 11 -12 -13 14 15 -16 17 18 19 20 21 22 23 24 -25 26 27 28 -29 -30 31 -32 33 34 35 36 -37 38 -39 -40 -41 42 43 44 45 46 47 -48 -49 50 0
uf50-0242 119794 1 -2 3 4 -5 -6 7 -8 9 -10 11 -12 -13 14 15 -16 17 18 19 20 21 22 23 24 -25 26 27 28 -29 -30 31 -32 33 34 35 36 -37 38 -39 -40 -41 42 43 44 45 46 47 -48 -49 50 0
uf50-0242 119794 1 -2 3 4 -5 -6 7 -8 9 -10 11 -12 -13 14 15 -16 17 18 19 20 21 22 23 24 -25 26 27 28 -29 -30 31 -32 33 34 35 36 -37 38 -39 -40 -41 42 43 44 45 46 47 -48 -49 50 0
uf50-0242 119794 1 -2 3 4 -5 -6 7 -8 9 -10 11 -12 -13 14 15 -16 17 18 19 20 21 22 23 24 -25 26 27 28 -29 -30 31 -32 33 34 35 36 -37 38 -39 -40 -41 42 43 44 45 46 47 -48 -49 50 0
uf50-0242 114754 1 -2 3 4 -5 -6 7 -8 -9 -10 11 -12 -13 14 15 -16 17 18 19 20 21 22 23 24 -25 26 27 28 -29 -30 31 -32 33 34 35 36 -37 38 -39 -40 -41 42 43 44 45 46 -47 -48 -49 50 0
uf50-0242 117505 1 -2 3 4 -5 -6 7 -8 9 -10 -11 -12 -13 14 15 -16 17 18 19 20 21 22 23 24 -25 26 27 28 -29 -30 31 -32 33 34 35 36 -37 38 -39 -40 -41 42 43 44 45 46 47 -48 -49 50 0
uf50-0242 115407 1 -2 3 4 -5 -6 -7 -8 9 -10 -11 -12 -13 14 15 16 17 18 19 20 21 22 23 24 -25 26 27 28 -29 -30 31 -32 33 34 35 36 -37 38 -39 -40 -41 -42 43 44 45 46 47 -48 -49 50 0
uf50-0242 117505 1 -2 3 4 -5 -6 7 -8 9 -10 -11 -12 -13 14 15 -16 17 18 19 20 21 22 23 24 -25 26 27 28 -29 -30 31 -32 33 34 35 36 -37 38 -39 -40 -41 42 43 44 45 46 47 -48 -49 50 0
uf50-0242 117505 1 -2 3 4 -5 -6 7 -8 9 -10 -11 -12 -13 14 15 -16 17 18 19 20 21 22 23 24 -25 26 27 28 -29 -30 31 -32 33 34 35 36 -37 38 -39 -40 -41 42 43 44 45 46 47 -48 -49 50 0
uf50-0242 117796 1 -2 3 4 -5 -6 7 -8 9 -10 11 -12 -13 14 15 -16 17 18 19 20 21 22 23 24 -25 26 27 28 -29 -30 31 -32 33 34 35 36 -37 38 -39 -40 -41 -42 43 44 45 46 47 -48 -49 50 0
uf50-0242 117440 1 -2 3 4 -5 -6 7 -8 9 -10 11 -12 -13 14 15 -16 17 18 19 20 21 22 23 -24 -25 26 27 28 -29 -30 31 -32 33 34 35 36 -37 38 -39 -40 -41 42 43 44 45 46 47 -48 -49 50 0
uf50-0242 119794 1 -2 3 4 -5 -6 7 -8 9 -10 11 -12 -13 14 15 -16 17 18 19 20 21 22 23 24 -25 26 27 28 -29 -30 31 -32 33 34 35 36 -37 38 -39 -40 -41 42 43 44 45 46 47 -48 -49 50 0
uf50-0242 116853 1 -2 3 4 -5 -6 7 -8 9 -10 11 -12 -13 14 15 -16 17 18 19 20 21 22 23 24 -25 -26 27 28 -29 -30 31 -32 33 34 35 36 -37 38 39 -40 -41 42 43 44 45 46 47 -48 -49 50 0
uf50-0242 119794 1 -2 3 4 -5 -6 7 -8 9 -10 11 -12 -13 14 15 -16 17 18 19 20 21 22 23 24 -25 26 27 28 -29 -30 31 -32 33 34 35 36 -37 38 -39 -40 -41 42 43 44 45 46 47 -48 -49 50 0
uf50-0242 119794 1 -2 3 4 -5 -6 7 -8 9 -10 11 -12 -13 14 15 -16 17 18 19 20 21 22 23 24 -25 26 27 28 -29 -30 31 -32 33 34 35 36 -37 38 -39 -40 -41 42 43 44 45 46 47 -48 -49 50 0
uf50-0242 119794 1 -2 3 4 -5 -6 7 -8 9 -10 11 -12 -13 14 15 -16 17 18 19 20 21 22 23 24 -25 26 27 28 -29 -30 31 -32 33 34 35 36 -37 38 -39 -40 -41 42 43 44 45 46 47 -48 -49 50 0
uf50-0242 119794 1 -2 3 4 -5 -6 7 -8 9 -10 11 -12 -13 14 15 -16 17 18 19 20 21 22 23 24 -25 26 27 28 -29 -30 31 -32 33 34 35 36 -37 38 -39 -40 -41 42 43 44 45 46 47 -48 -49 50 0
uf50-0242 119794 1 -2 3 4 -5 -6 7 -8 9 -10 11 -12 -13 14 15 -16 17 18 19 20 21 22 23 24 -25 26 27 28 -29 -30 31 -32 33 34 35 36 -37 38 -39 -40 -41 42 43 44 45 46 47 -48 -49 50 0
uf50-0242 117348 1 -2 3 4 -5 -6 7 -8 -9 -10 11 -12 -13 14 15 -16 17 18 19 20 21 22 23 24 -25 26 27 28 -29 -30 31 -32 33 34 35 36 -37 38 -39 -40 -41 42 43 44 45 46 47 -48 -49 50 0
uf50-0242 119794 1 -2 3 4 -5 -6 7 -8 9 -10 11 -12 -13 14 15 -16 17 18 19 20 21 22 23 24 -25 26 27 28 -29 -30 31 -32 33 34 35 36 -37 38 -39 -40 -41 42 43 44 45 46 47 -48 -49 50 0
uf50-0242 112418 1 2 3 -4 -5 -6 -7 -8 -9 -10 -11 -12 -13 14 15 16 17 18 19 20 21 22 23 24 -25 26 27 28 -29 -30 -31 -32 33 34 35 36 -37 38 39 -40 -41 42 43 44 45 46 47 -48 -49 50 0
uf50-0242 119794 1 -2 3 4 -5 -6 7 -8 9 -10 11 -12 -13 14 15 -16 17 18 19 20 21 22 23 24 -25 26 27 28 -29 -30 31 -32 33 34 35 36 -37 38 -39 -40 -41 42 43 44 45 46 47 -48 -49 50 0
uf50-0242 119794 1 -2 3 4 -5 -6 7 -8 9 -10 11 -12 -13 14 15 -16 17 18 19 20 21 22 23 24 -25 26 27 28 -29 -30 31 -32 33 34 35 36 -37 38 -39 -40 -41 42 43 44 45 46 47 -48 -49 50 0
uf50-0242 119794 1 -2 3 4 -5 -6 7 -8 9 -10 11 -12 -13 14 15 -16 17 18 19 20 21 22 23 24 -25 26 27 28 -29 -30 31 -32 33 34 35 36 -37 38 -39 -40 -41 42 43 44 45 46 47 -48 -49 50 0
uf50-0242 119794 1 -2 3 4 -5 -6 7 -8 9 -10 11 -12 -13 14 15 -16 17 18 19 20 21 22 23 24 -25 26 27 28 -29 -30 31 -32 33 34 35 36 -37 38 -39 -40 -41 42 43 44 45 46 47 -48 -49 50 0
uf50-0242 117505 1 -2 3 4 -5 -6 7 -8 9 -10 -11 -12 -13 14 15 -16 17 18 19 20 21 22 23 24 -25 26 27 28 -29 -30 31 -32 33 34 35 36 -37 38 -39 -40 -41 42 43 44 45 46 47 -48 -49 50 0
uf50-0242 119794 1 -2 3 4 -5 -6 7 -8 9 -10 11 -12 -13 14 15 -16 17 18 19 20 21 22 23 24 -25 26 27 28 -29 -30 31 -32 33 34 35 36 -37 38 -39 -40 -41 42 43 44 45 46 47 -48 -49 50 0
uf50-0690 217 0
uf50-0690 217 0
uf50-0690 124476 1 -2 3 4 -5 -6 -7 8 -9 10 -11 12 13 14 -15 16 17 18 -19 -20 21 -22 23 -24 25 26 27 -28 29 -30 -31 -32 -33 34 35 -36 -37 38 -39 40 -41 42 -43 -44 45 46 -47 48 49 -50 0
uf50-0690 124476 1 -2 3 4 -5 -6 -7 8 -9 10 -11 12 13 14 -15 16 17 18 -19 -20 21 -22 23 -24 25 26 27 -28 29 -30 -31 -32 -33 34 35 -36 -37 38 -39 40 -41 42 -43 -44 45 46 -47 48 49 -50 0
uf50-0690 124476 1 -2 3 4 -5 -6 -7 8 -9 10 -11 12 13 14 -15 16 17 18 -19 -20 21 -22 23 -24 25 26 27 -28 29 -30 -31 -32 -33 34 35 -36 -37 38 -39 40 -41 42 -43 -44 45 46 -47 48 49 -50 0
uf50-0690 217 0
uf50-0690 124476 1 -2 3 4 -5 -6 -7 8 -9 10 -11 12 13 14 -15 16 17 18 -19 -20 21 -22 23 -24 25 26 27 -28 29 -30 -31 -32 -33 34 35 -36 -37 38 -39 40 -41 42 -43 -44 45 46 -47 48 49 -50 0
uf50-0690 217 0
uf50-0690 124476 1 -2 3 4 -5 -6 -7 8 -9 10 -11 12 13 14 -15 16 17 18 -19 -20 21 -22 23 -24 25 26 27 -28 29 -30 -31 -32 -33 34 35 -36 -37 38 -39 40 -41 42 -43 -44 45 46 -47 48 49 -50 0
uf50-0690 217 0
uf50-0690 217 0
uf50-0690 124476 1 -2 3 4 -5 -6 -7 8 -9 10 -11 12 13 14 -15 16 17 18 -19 -20 21 -22 23 -24 25 26 27 -28 29 -30 -31 -32 -33 34 35 -36 -37 38 -39 40 -41 42 -43 -44 45 46 -47 48 49 -50 0
uf50-0690 217 0
uf50-0690 124476 1 -2 3 4 -5 -6 -7 8 -9 10 -11 12 13 14 -15 16 17 18 -19 -20 21 -22 23 -24 25 26 27 -28 29 -30 -31 -32 -33 34 35 -36 -37 38 -39 40 -41 42 -43 -44 45 46 -47 48 49 -50 0
uf50-0690 124476 1 -2 3 4 -5 -6 -7 8 -9 10 -11 12 13 14 -15 16 17 18 -19 -20 21 -22 23 -24 25 26 27 -28 29 -30 -31 -32 -33 34 35 -36 -37 38 -39 40 -41 42 -43 -44 45 46 -47 48 49 -50 0
uf50-0690 124476 1 -2 3 4 -5 -6 -7 8 -9 10 -11 12 13 14 -15 16 17 18 -19 -20 21 -22 23 -24 25 26 27 -28 29 -30 -31 -32 -33 34 35 -36 -37 38 -39 40 -41 42 -43 -44 45 46 -47 48 49 -50 0
uf50-0690 124476 1 -2 3 4 -5 -6 -7 8 -9 10 -11 12 13 14 -15 16 17 18 -19 -20 21 -22 23 -24 25 26 27 -28 29 -30 -31 -32 -33 34 35 -36 -37 38 -39 40 -41 42 -43 -44 45 46 -47 48 49 -50 0
uf50-0690 217 0
uf50-0690 217 0
uf50-0690 217 0
uf50-0690 124476 1 -2 3 4 -5 -6 -7 8 -9 10 -11 12 13 14 -15 16 17 18 -19 -20 21 -22 23 -24 25 26 27 -28 29 -30 -31 -32 -33 34 35 -36 -37 38 -39 40 -41 42 -43 -44 45 46 -47 48 49 -50 0
uf50-0690 124476 1 -2 3 4 -5 -6 -7 8 -9 10 -11 12 13 14 -15 16 17 18 -19 -20 21 -22 23 -24 25 26 27 -28 29 -30 -31 -32 -33 34 35 -36 -37 38 -39 40 -41 42 -43 -44 45 46 -47 48 49 -50 0
uf50-0690 124476 1 -2 3 4 -5 -6 -7 8 -9 10 -11 12 13 14 -15 16 17 18 -19 -20 21 -22 23 -24 25 26 27 -28 29 -30 -31 -32 -33 34 35 -36 -37 38 -39 40 -41 42 -43 -44 45 46 -47 48 49 -50 0
uf50-0690 217 0
uf50-0690 217 0
uf50-0690 124476 1 -2 3 4 -5 -6 -7 8 -9 10 -11 12 13 14 -15 16 17 18 -19 -20 21 -22 23 -24 25 26 27 -28 29 -30 -31 -32 -33 34 35 -36 -37 38 -39 40 -41 42 -43 -44 45 46 -47 48 49 -50 0
uf50-0690 124476 1 -2 3 4 -5 -6 -7 8 -9 10 -11 12 13 14 -15 16 17 18 -19 -20 21 -22 23 -24 25 26 27 -28 29 -30 -31 -32 -33 34 35 -36 -37 38 -39 40 -41 42 -43 -44 45 46 -47 48 49 -50 0
uf50-0690 217 0
uf50-0690 124476 1 -2 3 4 -5 -6 -7 8 -9 10 -11 12 13 14 -15 16 17 18 -19 -20 21 -22 23 -24 25 26 27 -28 29 -30 -31 -32 -33 34 35 -36 -37 38 -39 40 -41 42 -43 -44 45 46 -47 48 49 -50 0
uf50-0690 124476 1 -2 3 4 -5 -6 -7 8 -9 10 -11 12 13 14 -15 16 17 18 -19 -20 21 -22 23 -24 25 26 27 -28 29 -30 -31 -32 -33 34 35 -36 -37 38 -39 40 -41 42 -43 -44 45 46 -47 48 49 -50 0
uf50-0690 217 0
uf50-0690 217 0
uf50-0690 217 0
uf50-0690 217 0
uf50-0690 217 0
uf50-0690 124476 1 -2 3 4 -5 -6 -7 8 -9 10 -11 12 13 14 -15 16 17 18 -19 -20 21 -22 23 -24 25 26 27 -28 29 -30 -31 -32 -33 34 35 -36 -37 38 -39 40 -41 42 -43 -44 45 46 -47 48 49 -50 0
uf50-0690 124476 1 -2 3 4 -5 -6 -7 8 -9 10 -11 12 13 14 -15 16 17 18 -19 -20 21 -22 23 -24 25 26 27 -28 29 -30 -31 -32 -33 34 35 -36 -37 38 -39 40 -41 42 -43 -44 45 46 -47 48 49 -50 0
uf50-0690 217 0
uf50-0690 217 0
uf50-0690 124476 1 -2 3 4 -5 -6 -7 8 -9 10 -11 12 13 14 -15 16 17 18 -19 -20 21 -22 23 -24 25 26 27 -28 29 -30 -31 -32 -33 34 35 -36 -37 38 -39 40 -41 42 -43 -44 45 46 -47 48 49 -50 0
uf50-0690 217 0
uf50-0690 217 0
uf50-0690 217 0
uf50-0690 124476 1 -2 3 4 -5 -6 -7 8 -9 10 -11 12 13 14 -15 16 17 18 -19 -20 21 -22 23 -24 25 26 27 -28 29 -30 -31 -32 -33 34 35 -36 -37 38 -39 40 -41 42 -43 -44 45 46 -47 48 49 -50 0
uf50-0690 217 0
uf50-0690 124476 1 -2 3 4 -5 -6 -7 8 -9 10 -11 12 13 14 -15 16 17 18 -19 -20 21 -22 23 -24 25 26 27 -28 29 -30 -31 -32 -33 34 35 -36 -37 38 -39 40 -41 42 -43 -44 45 46 -47 48 49 -50 0
uf50-0690 217 0
uf50-0690 217 0
uf50-0690 124476 1 -2 3 4 -5 -6 -7 8 -9 10 -11 12 13 14 -15 16 17 18 -19 -20 21 -22 23 -24 25 26 27 -28 29 -30 -31 -32 -33 34 35 -36 -37 38 -39 40 -41 42 -43 -44 45 46 -47 48 49 -50 0
uf50-0690 217 0
uf50-063 96537 -1 -2 -3 -4 5 -6 7 8 9 10 -11 12 -13 -14 15 -16 -17 18 -19 -20 -21 22 -23 -24 -25 26 27 28 29 -30 31 -32 33 34 -35 36 37 38 -39 -40 -41 -42 -43 44 -45 46 47 -48 -49 -50 0
uf50-063 217 0
uf50-063 96537 -1 -2 -3 -4 5 -6 7 8 9 10 -11 12 -13 -14 15 -16 -17 18 -19 -20 -21 22 -23 -24 -25 26 27 28 29 -30 31 -32 33 34 -35 36 37 38 -39 -40 -41 -42 -43 44 -45 46 47 -48 -49 -50 0
uf50-063 217 0
uf50-063 217 0
uf50-063 217 0
uf50-063 217 0
uf50-063 96537 -1 -2 -3 -4 5 -6 7 8 9 10 -11 12 -13 -14 15 -16 -17 18 -19 -20 -21 22 -23 -24 -25 26 27 28 29 -30 31 -32 33 34 -35 36 37 38 -39 -40 -41 -42 -43 44 -45 46 47 -48 -49 -50 0
uf50-063 96537 -1 -2 -3 -4 5 -6 7 8 9 10 -11 12 -13 -14 15 -16 -17 18 -19 -20 -21 22 -23 -24 -25 26 27 28 29 -30 31 -32 33 34 -35 36 37 38 -39 -40 -41 -42 -43 44 -45 46 47 -48 -49 -50 0
uf50-063 217 0
uf50-063 96537 -1 -2 -3 -4 5 -6 7 8 9 10 -11 12 -13 -14 15 -16 -17 18 -19 -20 -21 22 -23 -24 -25 26 27 28 29 -30 31 -32 33 34 -35 36 37 38 -39 -40 -41 -42 -43 44 -45 46 47 -48 -49 -50 0
uf50-063 96537 -1 -2 -3 -4 5 -6 7 8 9 10 -11 12 -13 -14 15 -16 -17 18 -19 -20 -21 22 -23 -24 -25 26 27 28 29 -30 31 -32 33 34 -35 36 37 38 -39 -40 -41 -42 -43 44 -45 46 47 -48 -49 -50 0
uf50-063 96537 -1 -2 -3 -4 5 -6 7 8 9 10 -11 12 -13 -14 15 -16 -17 18 -19 -20 -21 22 -23 -24 -25 26 27 28 29 -30 31 -32 33 34 -35 36 37 38 -39 -40 -41 -42 -43 44 -45 46 47 -48 -49 -50 0
uf50-063 217 0
uf50-063 96537 -1 -2 -3 -4 5 -6 7 8 9 10 -11 12 -13 -14 15 -16 -17 18 -19 -20 -21 22 -23 -24 -25 26 27 28 29 -30 31 -32 33 34 -35 36 37 38 -39 -40 -41 -42 -43 44 -45 46 47 -48 -49 -50 0
uf50-063 96537 -1 -2 -3 -4 5 -6 7 8 9 10 -11 12 -13 -14 15 -16 -17 18 -19 -20 -21 22 -23 -24 -25 26 27 28 29 -30 31 -32 33 34 -35 36 37 38 -39 -40 -41 -42 -43 44 -45 46 47 -48 -49 -50 0
uf50-063 217 0
uf50-063 216 0
uf50-063 217 0
uf50-063 217 0
uf50-063 96537 -1 -2 -3 -4 5 -6 7 8 9 10 -11 12 -13 -14 15 -16 -17 18 -19 -20 -21 22 -23 -24 -25 26 27 28 29 -30 31 -32 33 34 -35 36 37 38 -39 -40 -41 -42 -43 44 -45 46 47 -48 -49 -50 0
uf50-063 217 0
uf50-063 96537 -1 -2 -3 -4 5 -6 7 8 9 10 -11 12 -13 -14 15 -16 -17 18 -19 -20 -21 22 -23 -24 -25 26 27 28 29 -30 31 -32 33 34 -35 36 37 38 -39 -40 -41 -42 -43 44 -45 46 47 -48 -49 -50 0
uf50-063 96537 -1 -2 -3 -4 5 -6 7 8 9 10 -11 12 -13 -14 15 -16 -17 18 -19 -20 -21 22 -23 -24 -25 26 27 28 29 -30 31 -32 33 34 -35 36 37 38 -39 -40 -41 -42 -43 44 -45 46 47 -48 -49 -50 0
uf50-063 96537 -1 -2 -3 -4 5 -6 7 8 9 10 -11 12 -13 -14 15 -16 -17 18 -19 -20 -21 22 -23 -24 -25 26 27 28 29 -30 31 -32 33 34 -35 36 37 38 -39 -40 -41 -42 -43 44 -45 46 47 -48 -49 -50 0
uf50-063 96537 -1 -2 -3 -4 5 -6 7 8 9 10 -11 12 -13 -14 15 -16 -17 18 -19 -20 -21 22 -23 -24 -25 26 27 28 29 -30 31 -32 33 34 -35 36 37 38 -39 -40 -41 -42 -43 44 -45 46 47 -48 -49 -50 0
uf50-063 217 0
uf50-063 96537 -1 -2 -3 -4 5 -6 7 8 9 10 -11 12 -13 -14 15 -16 -17 18 -19 -20 -21 22 -23 -24 -25 26 27 28 29 -30 31 -32 33 34 -35 36 37 38 -39 -40 -41 -42 -43 44 -45 46 47 -48 -49 -50 0
uf50-063 96537 -1 -2 -3 -4 5 -6 7 8 9 10 -11 12 -13 -14 15 -16 -17 18 -19 -20 -21 22 -23 -24 -25 26 27 28 29 -30 31 -32 33 34 -35 36 37 38 -39 -40 -41 -42 -43 44 -45 46 47 -48 -49 -50 0
uf50-063 217 0
uf50-063 96537 -1 -2 -3 -4 5 -6 7 8 9 10 -11 12 -13 -14 15 -16 -17 18 -19 -20 -21 22 -23 -24 -25 26 27 28 29 -30 31 -32 33 34 -35 36 37 38 -39 -40 -41 -42 -43 44 -45 46 47 -48 -49 -50 0
uf50-063 217 0
uf50-063 96537 -1 -2 -3 -4 5 -6 7 8 9 10 -11 12 -13 -14 15 -16 -17 18 -19 -20 -21 22 -23 -24 -25 26 27 28 29 -30 31 -32 33 34 -35 36 37 38 -39 -40 -41 -42 -43 44 -45 46 47 -48 -49 -50 0
uf50-063 217 0
uf50-063 217 0
uf50-063 96537 -1 -2 -3 -4 5 -6 7 8 9 10 -11 12 -13 -14 15 -16 -17 18 -19 -20 -21 22 -23 -24 -25 26 27 28 29 -30 31 -32 33 34 -35 36 37 38 -39 -40 -41 -42 -43 44 -45 46 47 -48 -49 -50 0
uf50-063 217 0
uf50-063 96537 -1 -2 -3 -4 5 -6 7 8 9 10 -11 12 -13 -14 15 -16 -17 18 -19 -20 -21 22 -23 -24 -25 26 27 28 29 -30 31 -32 33 34 -35 36 37 38 -39 -40 -41 -42 -43 44 -45 46 47 -48 -49 -50 0
uf50-063 96537 -1 -2 -3 -4 5 -6 7 8 9 10 -11 12 -13 -14 15 -16 -17 18 -19 -20 -21 22 -23 -24 -25 26 27 28 29 -30 31 -32 33 34 -35 36 37 38 -39 -40 -41 -42 -43 44 -45 46 47 -48 -49 -50 0
uf50-063 96537 -1 -2 -3 -4 5 -6 7 8 9 10 -11 12 -13 -14 15 -16 -17 18 -19 -20 -21 22 -23 -24 -25 26 27 28 29 -30 31 -32 33 34 -35 36 37 38 -39 -40 -41 -42 -43 44 -45 46 47 -48 -49 -50 0
uf50-063 96537 -1 -2 -3 -4 5 -6 7 8 9 10 -11 12 -13 -14 15 -16 -17 18 -19 -20 -21 22 -23 -24 -25 26 27 28 29 -30 31 -32 33 34 -35 36 37 38 -39 -40 -41 -42 -43 44 -45 46 47 -48 -49 -50 0
uf50-063 96537 -1 -2 -3 -4 5 -6 7 8 9 10 -11 12 -13 -14 15 -16 -17 18 -19 -20 -21 22 -23 -24 -25 26 27 28 29 -30 31 -32 33 34 -35 36 37 38 -39 -40 -41 -42 -43 44 -45 46 47 -48 -49 -50 0
uf50-063 217 0
uf50-063 96537 -1 -2 -3 -4 5 -6 7 8 9 10 -11 12 -13 -14 15 -16 -17 18 -19 -20 -21 22 -23 -24 -25 26 27 28 29 -30 31 -32 33 34 -35 36 37 38 -39 -40 -41 -42 -43 44 -45 46 47 -48 -49 -50 0
uf50-063 96537 -1 -2 -3 -4 5 -6 7 8 9 10 -11 12 -13 -14 15 -16 -17 18 -19 -20 -21 22 -23 -24 -25 26 27 28 29 -30 31 -32 33 34 -35 36 37 38 -39 -40 -41 -42 -43 44 -45 46 47 -48 -49 -50 0
uf50-063 96537 -1 -2 -3 -4 5 -6 7 8 9 10 -11 12 -13 -14 15 -16 -17 18 -19 -20 -21 22 -23 -24 -25 26 27 28 29 -30 31 -32 33 34 -35 36 37 38 -39 -40 -41 -42 -43 44 -45 46 47 -48 -49 -50 0
uf50-063 96537 -1 -2 -3 -4 5 -6 7 8 9 10 -11 12 -13 -14 15 -16 -17 18 -19 -20 -21 22 -23 -24 -25 26 27 28 29 -30 31 -32 33 34 -35 36 37 38 -39 -40 -41 -42 -43 44 -45 46 47 -48 -49 -50 0
uf50-063 96537 -1 -2 -3 -4 5 -6 7 8 9 10 -11 12 -13 -14 15 -16 -17 18 -19 -20 -21 22 -23 -24 -25 26 27 28 29 -30 31 -32 33 34 -35 36 37 38 -39 -40 -41 -42 -43 44 -45 46 47 -48 -49 -50 0
uf50-063 96537 -1 -2 -3 -4 5 -6 7 8 9 10 -11 12 -13 -14 15 -16 -17 18 -19 -20 -21 22 -23 -24 -25 26 27 28 29 -30 31 -32 33 34 -35 36 37 38 -39 -40 -41 -42 -43 44 -45 46 47 -48 -49 -50 0
uf50-063 96537 -1 -2 -3 -4 5 -6 7 8 9 10 -11 12 -13 -14 15 -16 -17 18 -19 -20 -21 22 -23 -24 -25 26 27 28 29 -30 31 -32 33 34 -35 36 37 38 -39 -40 -41 -42 -43 44 -45 46 47 -48 -49 -50 0
uf50-0971 136949 -1 -2 3 4 5 6 7 8 9 10 11 12 13 -14 15 -16 17 -18 -19 20 -21 22 -23 -24 -25 26 27 28 -29 30 31 -32 33 -34 35 36 37 -38 39 40 -41 -42 43 -44 45 46 -47 48 49 50 0
uf50-0971 132957 1 -2 3 -4 5 6 7 8 -9 10 11 12 13 -14 15 -16 17 18 -19 20 -21 22 -23 -24 -25 26 27 -28 29 30 31 -32 33 -34 35 36 37 -38 39 40 -41 -42 43 -44 45 46 -47 48 49 50 0
uf50-0971 136949 -1 -2 3 4 5 6 7 8 9 10 11 12 13 -14 15 -16 17 -18 -19 20 -21 22 -23 -24 -25 26 27 28 -29 30 31 -32 33 -34 35 36 37 -38 39 40 -41 -42 43 -44 45 46 -47 48 49 50 0
uf50-0971 136949 -1 -2 3 4 5 6 7 8 9 10 11 12 13 -14 15 -16 17 -18 -19 20 -21 22 -23 -24 -25 26 27 28 -29 30 31 -32 33 -34 35 36 37 -38 39 40 -41 -42 43 -44 45 46 -47 48 49 50 0
uf50-0971 136949 -1 -2 3 4 5 6 7 8 9 10 11 12 13 -14 15 -16 17 -18 -19 20 -21 22 -23 -24 -25 26 27 28 -29 30 31 -32 33 -34 35 36 37 -38 39 40 -41 -42 43 -44 45 46 -47 48 49 50 0
uf50-0971 126382 1 -2 3 -4 -5 6 7 8 -9 10 11 12 13 -14 15 -16 17 18 -19 20 -21 22 -23 -24 -25 26 27 -28 29 30 31 -32 -33 -34 35 36 37 -38 39 40 -41 -42 43 -44 45 46 -47 48 49 50 0
uf50-0971 136949 -1 -2 3 4 5 6 7 8 9 10 11 12 13 -14 15 -16 17 -18 -19 20 -21 22 -23 -24 -25 26 27 28 -29 30 31 -32 33 -34 35 36 37 -38 39 40 -41 -42 43 -44 45 46 -47 48 49 50 0
uf50-0971 136949 -1 -2 3 4 5 6 7 8 9 10 11 12 13 -14 15 -16 17 -18 -19 20 -21 22 -23 -24 -25 26 27 28 -29 30 31 -32 33 -34 35 36 37 -38 39 40 -41 -42 43 -44 45 46 -47 48 49 50 0
uf50-0971 136949 -1 -2 3 4 5 6 7 8 9 10 11 12 13 -14 15 -16 17 -18 -19 20 -21 22 -23 -24 -25 26 27 28 -29 30 31 -32 33 -34 35 36 37 -38 39 40 -41 -42 43 -44 45 46 -47 48 49 50 0
uf50-0971 136949 -1 -2 3 4 5 6 7 8 9 10 11 12 13 -14 15 -16 17 -18 -19 20 -21 22 -23 -24 -25 26 27 28 -29 30 31 -32 33 -34 35 36 37 -38 39 40 -41 -42 43 -44 45 46 -47 48 49 50 0
uf50-0971 136949 -1 -2 3 4 5 6 7 8 9 10 11 12 13 -14 15 -16 17 -18 -19 20 -21 22 -23 -24 -25 26 27 28 -29 30 31 -32 33 -34 35 36 37 -38 39 40 -41 -42 43 -44 45 46 -47 48 49 50 0
uf50-0971 132957 1 -2 3 -4 5 6 7 8 -9 10 11 12 13 -14 15 -16 17 18 -19 20 -21 22 -23 -24 -25 26 27 -28 29 30 31 -32 33 -34 35 36 37 -38 39 40 -41 -42 43 -44 45 46 -47 48 49 50 0
uf50-0971 136949 -1 -2 3 4 5 6 7 8 9 10 11 12 13 -14 15 -16 17 -18 -19 20 -21 22 -23 -24 -25 26 27 28 -29 30 31 -32 33 -34 35 36 37 -38 39 40 -41 -42 43 -44 45 46 -47 48 49 50 0
uf50-0971 133113 1 -2 3 4 5 6 7 8 9 10 11 12 13 -14 15 -16 17 -18 -19 20 -21 22 -23 -24 -25 26 27 -28 -29 30 31 -32 33 -34 35 36 37 -38 39 40 -41 -42 43 -44 45 46 -47 48 -49 50 0
uf50-0971 133191 -1 -2 3 4 5 6 7 -8 9 10 11 12 13 -14 15 -16 17 -18 -19 20 -21 22 -23 -24 25 26 27 -28 -29 30 31 -32 33 -34 35 36 37 -38 39 40 -41 -42 43 -44 45 46 -47 48 49 50 0
uf50-0971 136949 -1 -2 3 4 5 6 7 8 9 10 11 12 13 -14 15 -16 17 -18 -19 20 -21 22 -23 -24 -25 26 27 28 -29 30 31 -32 33 -34 35 36 37 -38 39 40 -41 -42 43 -44 45 46 -47 48 49 50 0
uf50-0971 135524 -1 -2 3 4 5 6 7 -8 9 10 11 12 13 -14 15 -16 17 -18 -19 20 -21 22 -23 -24 25 26 27 28 -29 30 31 -32 33 -34 35 36 37 -38 39 40 -41 -42 43 -44 45 46 -47 48 49 50 0
uf50-0971 136949 -1 -2 3 4 5 6 7 8 9 10 11 12 13 -14 15 -16 17 -18 -19 20 -21 22 -23 -24 -25 26 27 28 -29 30 31 -32 33 -34 35 36 37 -38 39 40 -41 -42 43 -44 45 46 -47 48 49 50 0
uf50-0971 136949 -1 -2 3 4 5 6 7 8 9 10 11 12 13 -14 15 -16 17 -18 -19 20 -21 22 -23 -24 -25 26 27 28 -29 30 31 -32 33 -34 35 36 37 -38 39 40 -41 -42 43 -44 45 46 -47 48 49 50 0
uf50-0971 136949 -1 -2 3 4 5 6 7 8 9 10 11 12 13 -14 15 -16 17 -18 -19 20 -21 22 -23 -24 -25 26 27 28 -29 30 31 -32 33 -34 35 36 37 -38 39 40 -41 -42 43 -44 45 46 -47 48 49 50 0
uf50-0971 136949 -1 -2 3 4 5 6 7 8 9 10 11 12 13 -14 15 -16 17 -18 -19 20 -21 22 -23 -24 -25 26 27 28 -29 30 31 -32 33 -34 35 36 37 -38 39 40 -41 -42 43 -44 45 46 -47 48 49 50 0
uf50-0971 136949 -1 -2 3 4 5 6 7 8 9 10 11 12 13 -14 15 -16 17 -18 -19 20 -21 22 -23 -24 -25 26 27 28 -29 30 31 -32 33 -34 35 36 37 -38 39 40 -41 -42 43 -44 45 46 -47 48 49 50 0
uf50-0971 136949 -1 -2 3 4 5 6 7 8 9 10 11 12 13 -14 15 -16 17 -18 -19 20 -21 22 -23 -24 -25 26 27 28 -29 30 31 -32 33 -34 35 36 37 -38 39 40 -41 -42 43 -44 45 46 -47 48 49 50 0
uf50-0971 136949 -1 -2 3 4 5 6 7 8 9 10 11 12 13 -14 15 -16 17 -18 -19 20 -21 22 -23 -24 -25 26 27 28 -29 30 31 -32 33 -34 35 36 37 -38 39 40 -41 -42 43 -44 45 46 -47 48 49 50 0
uf50-0971 136949 -1 -2 3 4 5 6 7 8 9 10 11 12 13 -14 15 -16 17 -18 -19 20 -21 22 -23 -24 -25 26 27 28 -29 30 31 -32 33 -34 35 36 37 -38 39 40 -41 -42 43 -44 45 46 -47 48 49 50 0
uf50-0971 136949 -1 -2 3 4 5 6 7 8 9 10 11 12 13 -14 15 -16 17 -18 -19 20 -21 22 -23 -24 -25 26 27 28 -29 30 31 -32 33 -34 35 36 37 -38 39 40 -41 -42 43 -44 45 46 -47 48 49 50 0
uf50-0971 136949 -1 -2 3 4 5 6 7 8 9 10 11 12 13 -14 15 -16 17 -18 -19 20 -21 22 -23 -24 -25 26 27 28 -29 30 31 -32 33 -34 35 36 37 -38 39 40 -41 -42 43 -44 45 46 -47 48 49 50 0
uf50-0971 131688 1 -2 3 4 5 6 7 -8 9 10 11 12 13 -14 15 -16 17 -18 -19 20 -21 22 -23 -24 25 26 27 -28 -29 30 31 -32 33 -34 35 36 37 -38 39 40 -41 -42 43 -44 45 46 -47 48 -49 50 0
uf50-0971 136949 -1 -2 3 4 5 6 7 8 9 10 11 12 13 -14 15 -16 17 -18 -19 20 -21 22 -23 -24 -25 26 27 28 -29 30 31 -32 33 -34 35 36 37 -38 39 40 -41 -42 43 -44 45 46 -47 48 49 50 0
uf50-0971 133504 -1 -2 3 -4 5 6 7 8 -9 10 11 12 13 -14 15 -16 17 -18 -19 20 -21 22 -23 -24 -25 26 27 28 29 30 31 -32 33 -34 35 36 37 -38 39 40 -41 -42 43 -44 45 46 -47 48 49 50 0
uf50-0971 136949 -1 -2 3 4 5 6 7 8 9 10 11 12 13 -14 15 -16 17 -18 -19 20 -21 22 -23 -24 -25 26 27 28 -29 30 31 -32 33 -34 35 36 37 -38 39 40 -41 -42 43 -44 45 46 -47 48 49 50 0
uf50-0971 136949 -1 -2 3 4 5 6 7 8 9 10 11 12 13 -14 15 -16 17 -18 -19 20 -21 22 -23 -24 -25 26 27 28 -29 30 31 -32 33 -34 35 36 37 -38 39 40 -41 -42 43 -44 45 46 -47 48 49 50 0
uf50-0971 136949 -1 -2 3 4 5 6 7 8 9 10 11 12 13 -14 15 -16 17 -18 -19 20 -21 22 -23 -24 -25 26 27 28 -29 30 31 -32 33 -34 35 36 37 -38 39 40 -41 -42 43 -44 45 46 -47 48 49 50 0
uf50-0971 132455 -1 -2 3 4 5 6 7 8 -9 10 11 12 13 -14 15 -16 17 -18 -19 20 -21 22 -23 -24 -25 26 27 -28 -29 30 31 -32 33 -34 35 36 37 -38 39 40 -41 -42 43 -44 45 46 -47 48 49 50 0
uf50-0971 136949 -1 -2 3 4 5 6 7 8 9 10 11 12 13 -14 15 -16 17 -18 -19 20 -21 22 -23 -24 -25 26 27 28 -29 30 31 -32 33 -34 35 36 37 -38 39 40 -41 -42 43 -44 45 46 -47 48 49 50 0
uf50-0971 136949 -1 -2 3 4 5 6 7 8 9 10 11 12 13 -14 15 -16 17 -18 -19 20 -21 22 -23 -24 -25 26 27 28 -29 30 31 -32 33 -34 35 36 37 -38 39 40 -41 -42 43 -44 45 46 -47 48 49 50 0
uf50-0971 136949 -1 -2 3 4 5 6 7 8 9 10 11 12 13 -14 15 -16 17 -18 -19 20 -21 22 -23 -24 -25 26 27 28 -29 30 31 -32 33 -34 35 36 37 -38 39 40 -41 -42 43 -44 45 46 -47 48 49 50 0
uf50-0971 136949 -1 -2 3 4 5 6 7 8 9 10 11 12 13 -14 15 -16 17 -18 -19 20 -21 22 -23 -24 -25 26 27 28 -29 30 31 -32 33 -34 35 36 37 -38 39 40 -41 -42 43 -44 45 46 -47 48 49 50 0
uf50-0971 136949 -1 -2 3 4 5 6 7 8 9 10 11 12 13 -14 15 -16 17 -18 -19 20 -21 22 -23 -24 -25 26 27 28 -29 30 31 -32 33 -34 35 36 37 -38 39 40 -41 -42 43 -44 45 46 -47 48 49 50 0
uf50-0971 136949 -1 -2 3 4 5 6 7 8 9 10 11 12 13 -14 15 -16 17 -18 -19 20 -21 22 -23 -24 -25 26 27 28 -29 30 31 -32 33 -34 35 36 37 -38 39 40 -41 -42 43 -44 45 46 -47 48 49 50 0
uf50-0971 136949 -1 -2 3 4 5 6 7 8 9 10 11 12 13 -14 15 -16 17 -18 -19 20 -21 22 -23 -24 -25 26 27 28 -29 30 31 -32 33 -34 35 36 37 -38 39 40 -41 -42 43 -44 45 46 -47 48 49 50 0
uf50-0971 136949 -1 -2 3 4 5 6 7 8 9 10 11 12 13 -14 15 -16 17 -18 -19 20 -21 22 -23 -24 -25 26 27 28 -29 30 31 -32 33 -34 35 36 37 -38 39 40 -41 -42 43 -44 45 46 -47 48 49 50 0
uf50-0971 136949 -1 -2 3 4 5 6 7 8 9 10 11 12 13 -14 15 -16 17 -18 -19 20 -21 22 -23 -24 -25 26 27 28 -29 30 31 -32 33 -34 35 36 37 -38 39 40 -41 -42 43 -44 45 46 -47 48 49 50 0
uf50-0971 136949 -1 -2 3 4 5 6 7 8 9 10 11 12 13 -14 15 -16 17 -18 -19 20 -21 22 -23 -24 -25 26 27 28 -29 30 31 -32 33 -34 35 36 37 -38 39 40 -41 -42 43 -44 45 46 -47 48 49 50 0
uf50-0971 136949 -1 -2 3 4 5 6 7 8 9 10 11 12 13 -14 15 -16 17 -18 -19 20 -21 22 -23 -24 -25 26 27 28 -29 30 31 -32 33 -34 35 36 37 -38 39 40 -41 -42 43 -44 45 46 -47 48 49 50 0
uf50-0971 131688 1 -2 3 4 5 6 7 -8 9 10 11 12 13 -14 15 -16 17 -18 -19 20 -21 22 -23 -24 25 26 27 -28 -29 30 31 -32 33 -34 35 36 37 -38 39 40 -41 -42 43 -44 45 46 -47 48 -49 50 0
uf50-0971 136949 -1 -2 3 4 5 6 7 8 9 10 11 12 13 -14 15 -16 17 -18 -19 20 -21 22 -23 -24 -25 26 27 28 -29 30 31 -32 33 -34 35 36 37 -38 39 40 -41 -42 43 -44 45 46 -47 48 49 50 0
uf50-0971 133629 -1 -2 3 -4 5 6 7 -8 9 10 11 12 13 -14 15 -16 17 -18 -19 20 -21 22 -23 -24 25 26 27 28 -29 30 31 -32 33 -34 35 36 37 -38 39 40 -41 -42 43 -44 45 46 -47 48 49 50 0
uf50-0971 136949 -1 -2 3 4 5 6 7 8 9 10 11 12 13 -14 15 -16 17 -18 -19 20 -21 22 -23 -24 -25 26 27 28 -29 30 31 -32 33 -34 35 36 37 -38 39 40 -41 -42 43 -44 45 46 -47 48 49 50 0
uf50-0971 135446 1 -2 3 4 5 6 7 8 9 10 11 12 13 -14 15 -16 17 -18 -19 20 -21 22 -23 -24 -25 26 27 28 -29 30 31 -32 33 -34 35 36 37 -38 39 40 -41 -42 43 -44 45 46 -47 48 -49 50 0
uf50-0151 128061 -1 2 -3 4 -5 -6 -7 -8 -9 -10 -11 -12 13 -14 15 16 17 18 19 20 -21 22 -23 -24 25 26 -27 28 29 30 31 32 -33 34 -35 36 37 -38 39 -40 41 -42 -43 -44 45 46 47 -48 49 50 0
uf50-0151 128061 -1 2 -3 4 -5 -6 -7 -8 -9 -10 -11 -12 13 -14 15 16 17 18 19 20 -21 22 -23 -24 25 26 -27 28 29 30 31 32 -33 34 -35 36 37 -38 39 -40 41 -42 -43 -44 45 46 47 -48 49 50 0
uf50-0151 128061 -1 2 -3 4 -5 -6 -7 -8 -9 -10 -11 -12 13 -14 15 16 17 18 19 20 -21 22 -23 -24 25 26 -27 28 29 30 31 32 -33 34 -35 36 37 -38 39 -40 41 -42 -43 -44 45 46 47 -48 49 50 0
uf50-0151 128061 -1 2 -3 4 -5 -6 -7 -8 -9 -10 -11 -12 13 -14 15 16 17 18 19 20 -21 22 -23 -24 25 26 -27 28 29 30 31 32 -33 34 -35 36 37 -38 39 -40 41 -42 -43 -44 45 46 47 -48 49 50 0
uf50-0151 128061 -1 2 -3 4 -5 -6 -7 -8 -9 -10 -11 -12 13 -14 15 16 17 18 19 20 -21 22 -23 -24 25 26 -27 28 29 30 31 32 -33 34 -35 36 37 -38 39 -40 41 -42 -43 -44 45 46 47 -48 49 50 0
uf50-0151 128061 -1 2 -3 4 -5 -6 -7 -8 -9 -10 -11 -12 13 -14 15 16 17 18 19 20 -21 22 -23 -24 25 26 -27 28 29 30 31 32 -33 34 -35 36 37 -38 39 -40 41 -42 -43 -44 45 46 47 -48 49 50 0
uf50-0151 128061 -1 2 -3 4 -5 -6 -7 -8 -9 -10 -11 -12 13 -14 15 16 17 18 19 20 -21 22 -23 -24 25 26 -27 28 29 30 31 32 -33 34 -35 36 37 -38 39 -40 41 -42 -43 -44 45 46 47 -48 49 50 0
uf50-0151 128061 -1 2 -3 4 -5 -6 -7 -8 -9 -10 -11 -12 13 -14 15 16 17 18 19 20 -21 22 -23 -24 25 26 -27 28 29 30 31 32 -33 34 -35 36 37 -38 39 -40 41 -42 -43 -44 45 46 47 -48 49 50 0
uf50-0151 128061 -1 2 -3 4 -5 -6 -7 -8 -9 -10 -11 -12 13 -14 15 16 17 18 19 20 -21 22 -23 -24 25 26 -27 28 29 30 31 32 -33 34 -35 36 37 -38 39 -40 41 -42 -43 -44 45 46 47 -48 49 50 0
uf50-0151 128061 -1 2 -3 4 -5 -6 -7 -8 -9 -10 -11 -12 13 -14 15 16 17 18 19 20 -21 22 -23 -24 25 26 -27 28 29 30 31 32 -33 34 -35 36 37 -38 39 -40 41 -42 -43 -44 45 46 47 -48 49 50 0
uf50-0151 128061 -1 2 -3 4 -5 -6 -7 -8 -9 -10 -11 -12 13 -14 15 16 17 18 19 20 -21 22 -23 -24 25 26 -27 28 29 30 31 32 -33 34 -35 36 37 -38 39 -40 41 -42 -43 -44 45 46 47 -48 49 50 0
uf50-0151 128061 -1 2 -3 4 -5 -6 -7 -8 -9 -10 -11 -12 13 -14 15 16 17 18 19 20 -21 22 -23 -24 25 26 -27 28 29 30 31 32 -33 34 -35 36 37 -38 39 -40 41 -42 -43 -44 45 46 47 -48 49 50 0
uf50-0151 128061 -1 2 -3 4 -5 -6 -7 -8 -9 -10 -11 -12 13 -14 15 16 17 18 19 20 -21 22 -23 -24 25 26 -27 28 29 30 31 32 -33 34 -35 36 37 -38 39 -40 41 -42 -43 -44 45 46 47 -48 49 50 0
uf50-0151 128061 -1 2 -3 4 -5 -6 -7 -8 -9 -10 -11 -12 13 -14 15 16 17 18 19 20 -21 22 -23 -24 25 26 -27 28 29 30 31 32 -33 34 -35 36 37 -38 39 -40 41 -42 -43 -44 45 46 47 -48 49 50 0
uf50-0151 128061 -1 2 -3 4 -5 -6 -7 -8 -9 -10 -11 -12 13 -14 15 16 17 18 19 20 -21 22 -23 -24 25 26 -27 28 29 30 31 32 -33 34 -35 36 37 -38 39 -40 41 -42 -43 -44 45 46 47 -48 49 50 0
uf50-0151 217 0
uf50-0151 128061 -1 2 -3 4 -5 -6 -7 -8 -9 -10 -11 -12 13 -14 15 16 17 18 19 20 -21 22 -23 -24 25 26 -27 28 29 30 31 32 -33 34 -35 36 37 -38 39 -40 41 -42 -43 -44 45 46 47 -48 49 50 0
uf50-0151 217 0
uf50-0151 128061 -1 2 -3 4 -5 -6 -7 -8 -9 -10 -11 -12 13 -14 15 16 17 18 19 20 -21 22 -23 -24 25 26 -27 28 29 30 31 32 -33 34 -35 36 37 -38 39 -40 41 -42 -43 -44 45 46 47 -48 49 50 0
uf50-0151 128061 -1 2 -3 4 -5 -6 -7 -8 -9 -10 -11 -12 13 -14 15 16 17 18 19 20 -21 22 -23 -24 25 26 -27 28 29 30 31 32 -33 34 -35 36 37 -38 39 -40 41 -42 -43 -44 45 46 47 -48 49 50 0
uf50-0151 128061 -1 2 -3 4 -5 -6 -7 -8 -9 -10 -11 -12 13 -14 15 16 17 18 19 20 -21 22 -23 -24 25 26 -27 28 29 30 31 32 -33 34 -35 36 37 -38 39 -40 41 -42 -43 -44 45 46 47 -48 49 50 0
uf50-0151 128061 -1 2 -3 4 -5 -6 -7 -8 -9 -10 -11 -12 13 -14 15 16 17 18 19 20 -21 22 -23 -24 25 26 -27 28 29 30 31 32 -33 34 -35 36 37 -38 39 -40 41 -42 -43 -44 45 46 47 -48 49 50 0
uf50-0151 128061 -1 2 -3 4 -5 -6 -7 -8 -9 -10 -11 -12 13 -14 15 16 17 18 19 20 -21 22 -23 -24 25 26 -27 28 29 30 31 32 -33 34 -35 36 37 -38 39 -40 41 -42 -43 -44 45 46 47 -48 49 50 0
uf50-0151 128061 -1 2 -3 4 -5 -6 -7 -8 -9 -10 -11 -12 13 -14 15 16 17 18 19 20 -21 22 -23 -24 25 26 -27 28 29 30 31 32 -33 34 -35 36 37 -38 39 -40 41 -42 -43 -44 45 46 47 -48 49 50 0
uf50-0151 128061 -1 2 -3 4 -5 -6 -7 -8 -9 -10 -11 -12 13 -14 15 16 17 18 19 20 -21 22 -23 -24 25 26 -27 28 29 30 31 32 -33 34 -35 36 37 -38 39 -40 41 -42 -43 -44 45 46 47 -48 49 50 0
uf50-0151 128061 -1 2 -3 4 -5 -6 -7 -8 -9 -10 -11 -12 13 -14 15 16 17 18 19 20 -21 22 -23 -24 25 26 -27 28 29 30 31 32 -33 34 -35 36 37 -38 39 -40 41 -42 -43 -44 45 46 47 -48 49 50 0
uf50-0151 128061 -1 2 -3 4 -5 -6 -7 -8 -9 -10 -11 -12 13 -14 15 16 17 18 19 20 -21 22 -23 -24 25 26 -27 28 29 30 31 32 -33 34 -35 36 37 -38 39 -40 41 -42 -43 -44 45 46 47 -48 49 50 0
uf50-0151 128061 -1 2 -3 4 -5 -6 -7 -8 -9 -10 -11 -12 13 -14 15 16 17 18 19 20 -21 22 -23 -24 25 26 -27 28 29 30 31 32 -33 34 -35 36 37 -38 39 -40 41 -42 -43 -44 45 46 47 -48 49 50 0
uf50-0151 217 0
uf50-0151 128061 -1 2 -3 4 -5 -6 -7 -8 -9 -10 -11 -12 13 -14 15 16 17 18 19 20 -21 22 -23 -24 25 26 -27 28 29 30 31 32 -33 34 -35 36 37 -38 39 -40 41 -42 -43 -44 45 46 47 -48 49 50 0
uf50-0151 128061 -1 2 -3 4 -5 -6 -7 -8 -9 -10 -11 -12 13 -14 15 16 17 18 19 20 -21 22 -23 -24 25 26 -27 28 29 30 31 32 -33 34 -35 36 37 -38 39 -40 41 -42 -43 -44 45 46 47 -48 49 50 0
uf50-0151 217 0
uf50-0151 128061 -1 2 -3 4 -5 -6 -7 -8 -9 -10 -11 -12 13 -14 15 16 17 18 19 20 -21 22 -23 -24 25 26 -27 28 29 30 31 32 -33 34 -35 36 37 -38 39 -40 41 -42 -43 -44 45 46 47 -48 49 50 0
uf50-0151 128061 -1 2 -3 4 -5 -6 -7 -8 -9 -10 -11 -12 13 -14 15 16 17 18 19 20 -21 22 -23 -24 25 26 -27 28 29 30 31 32 -33 34 -35 36 37 -38 39 -40 41 -42 -43 -44 45 46 47 -48 49 50 0
uf50-0151 217 0
uf50-0151 128061 -1 2 -3 4 -5 -6 -7 -8 -9 -10 -11 -12 13 -14 15 16 17 18 19 20 -21 22 -23 -24 25 26 -27 28 29 30 31 32 -33 34 -35 36 37 -38 39 -40 41 -42 -43 -44 45 46 47 -48 49 50 0
uf50-0151 128061 -1 2 -3 4 -5 -6 -7 -8 -9 -10 -11 -12 13 -14 15 16 17 18 19 20 -21 22 -23 -24 25 26 -27 28 29 30 31 32 -33 34 -35 36 37 -38 39 -40 41 -42 -43 -44 45 46 47 -48 49 50 0
uf50-0151 128061 -1 2 -3 4 -5 -6 -7 -8 -9 -10 -11 -12 13 -14 15 16 17 18 19 20 -21 22 -23 -24 25 26 -27 28 29 30 31 32 -33 34 -35 36 37 -38 39 -40 41 -42 -43 -44 45 46 47 -48 49 50 0
uf50-0151 217 0
uf50-0151 128061 -1 2 -3 4 -5 -6 -7 -8 -9 -10 -11 -12 13 -14 15 16 17 18 19 20 -21 22 -23 -24 25 26 -27 28 29 30 31 32 -33 34 -35 36 37 -38 39 -40 41 -42 -43 -44 45 46 47 -48 49 50 0
uf50-0151 128061 -1 2 -3 4 -5 -6 -7 -8 -9 -10 -11 -12 13 -14 15 16 17 18 19 20 -21 22 -23 -24 25 26 -27 28 29 30 31 32 -33 34 -35 36 37 -38 39 -40 41 -42 -43 -44 45 46 47 -48 49 50 0
uf50-0151 128061 -1 2 -3 4 -5 -6 -7 -8 -9 -10 -11 -12 13 -14 15 16 17 18 19 20 -21 22 -23 -24 25 26 -27 28 29 30 31 32 -33 34 -35 36 37 -38 39 -40 41 -42 -43 -44 45 46 47 -48 49 50 0
uf50-0151 128061 -1 2 -3 4 -5 -6 -7 -8 -9 -10 -11 -12 13 -14 15 16 17 18 19 20 -21 22 -23 -24 25 26 -27 28 29 30 31 32 -33 34 -35 36 37 -38 39 -40 41 -42 -43 -44 45 46 47 -48 49 50 0
uf50-0151 128061 -1 2 -3 4 -5 -6 -7 -8 -9 -10 -11 -12 13 -14 15 16 17 18 19 20 -21 22 -23 -24 25 26 -27 28 29 30 31 32 -33 34 -35 36 37 -38 39 -40 41 -42 -43 -44 45 46 47 -48 49 50 0
uf50-0151 128061 -1 2 -3 4 -5 -6 -7 -8 -9 -10 -11 -12 13 -14 15 16 17 18 19 20 -21 22 -23 -24 25 26 -27 28 29 30 31 32 -33 34 -35 36 37 -38 39 -40 41 -42 -43 -44 45 46 47 -48 49 50 0
uf50-0151 128061 -1 2 -3 4 -5 -6 -7 -8 -9 -10 -11 -12 13 -14 15 16 17 18 19 20 -21 22 -23 -24 25 26 -27 28 29 30 31 32 -33 34 -35 36 37 -38 39 -40 41 -42 -43 -44 45 46 47 -48 49 50 0
uf50-0151 128061 -1 2 -3 4 -5 -6 -7 -8 -9 -10 -11 -12 13 -14 15 16 17 18 19 20 -21 22 -23 -24 25 26 -27 28 29 30 31 32 -33 34 -35 36 37 -38 39 -40 41 -42 -43 -44 45 46 47 -48 49 50 0
uf50-0151 128061 -1 2 -3 4 -5 -6 -7 -8 -9 -10 -11 -12 13 -14 15 16 17 18 19 20 -21 22 -23 -24 25 26 -27 28 29 30 31 32 -33 34 -35 36 37 -38 39 -40 41 -42 -43 -44 45 46 47 -48 49 50 0
uf50-0151 128061 -1 2 -3 4 -5 -6 -7 -8 -9 -10 -11 -12 13 -14 15 16 17 18 19 20 -21 22 -23 -24 25 26 -27 28 29 30 31 32 -33 34 -35 36 37 -38 39 -40 41 -42 -43 -44 45 46 47 -48 49 50 0
uf50-0151 128061 -1 2 -3 4 -5 -6 -7 -8 -9 -10 -11 -12 13 -14 15 16 17 18 19 20 -21 22 -23 -24 25 26 -27 28 29 30 31 32 -33 34 -35 36 37 -38 39 -40 41 -42 -43 -44 45 46 47 -48 49 50 0
uf50-0355 111740 -1 2 -3 -4 -5 6 -7 -8 -9 10 11 12 13 14 -15 -16 -17 -18 -19 20 21 -22 -23 24 25 26 27 -28 -29 -30 -31 32 -33 34 35 36 -37 -38 -39 40 -41 42 43 -44 45 46 47 -48 -49 50 0
uf50-0355 111740 -1 2 -3 -4 -5 6 -7 -8 -9 10 11 12 13 14 -15 -16 -17 -18 -19 20 21 -22 -23 24 25 26 27 -28 -29 -30 -31 32 -33 34 35 36 -37 -38 -39 40 -41 42 43 -44 45 46 47 -48 -49 50 0
uf50-0355 111740 -1 2 -3 -4 -5 6 -7 -8 -9 10 11 12 13 14 -15 -16 -17 -18 -19 20 21 -22 -23 24 25 26 27 -28 -29 -30 -31 32 -33 34 35 36 -37 -38 -39 40 -41 42 43 -44 45 46 47 -48 -49 50 0
uf50-0355 111740 -1 2 -3 -4 -5 6 -7 -8 -9 10 11 12 13 14 -15 -16 -17 -18 -19 20 21 -22 -23 24 25 26 27 -28 -29 -30 -31 32 -33 34 35 36 -37 -38 -39 40 -41 42 43 -44 45 46 47 -48 -49 50 0
uf50-0355 111740 -1 2 -3 -4 -5 6 -7 -8 -9 10 11 12 13 14 -15 -16 -17 -18 -19 20 21 -22 -23 24 25 26 27 -28 -29 -30 -31 32 -33 34 35 36 -37 -38 -39 40 -41 42 43 -44 45 46 47 -48 -49 50 0
uf50-0355 111740 -1 2 -3 -4 -5 6 -7 -8 -9 10 11 12 13 14 -15 -16 -17 -18 -19 20 21 -22 -23 24 25 26 27 -28 -29 -30 -31 32 -33 34 35 36 -37 -38 -39 40 -41 42 43 -44 45 46 47 -48 -49 50 0
uf50-0355 111740 -1 2 -3 -4 -5 6 -7 -8 -9 10 11 12 13 14 -15 -16 -17 -18 -19 20 21 -22 -23 24 25 26 27 -28 -29 -30 -31 32 -33 34 35 36 -37 -38 -39 40 -41 42 43 -44 45 46 47 -48 -49 50 0
uf50-0355 111740 -1 2 -3 -4 -5 6 -7 -8 -9 10 11 12 13 14 -15 -16 -17 -18 -19 20 21 -22 -23 24 25 26 27 -28 -29 -30 -31 32 -33 34 35 36 -37 -38 -39 40 -41 42 43 -44 45 46 47 -48 -49 50 0
uf50-0355 111740 -1 2 -3 -4 -5 6 -7 -8 -9 10 11 12 13 14 -15 -16 -17 -18 -19 20 21 -22 -23 24 25 26 27 -28 -29 -30 -31 32 -33 34 35 36 -37 -38 -39 40 -41 42 43 -44 45 46 47 -48 -49 50 0
uf50-0355 111740 -1 2 -3 -4 -5 6 -7 -8 -9 10 11 12 13 14 -15 -16 -17 -18 -19 20 21 -22 -23 24 25 26 27 -28 -29 -30 -31 32 -33 34 35 36 -37 -38 -39 40 -41 42 43 -44 45 46 47 -48 -49 50 0
uf50-0355 217 0
uf50-0355 111740 -1 2 -3 -4 -5 6 -7 -8 -9 10 11 12 13 14 -15 -16 -17 -18 -19 20 21 -22 -23 24 25 26 27 -28 -29 -30 -31 32 -33 34 35 36 -37 -38 -39 40 -41 42 43 -44 45 46 47 -48 -49 50 0
uf50-0355 111740 -1 2 -3 -4 -5 6 -7 -8 -9 10 11 12 13 14 -15 -16 -17 -18 -19 20 21 -22 -23 24 25 26 27 -28 -29 -30 -31 32 -33 34 35 36 -37 -38 -39 40 -41 42 43 -44 45 46 47 -48 -49 50 0
uf50-0355 111740 -1 2 -3 -4 -5 6 -7 -8 -9 10 11 12 13 14 -15 -16 -17 -18 -19 20 21 -22 -23 24 25 26 27 -28 -29 -30 -31 32 -33 34 35 36 -37 -38 -39 40 -41 42 43 -44 45 46 47 -48 -49 50 0
uf50-0355 111740 -1 2 -3 -4 -5 6 -7 -8 -9 10 11 12 13 14 -15 -16 -17 -18 -19 20 21 -22 -23 24 25 26 27 -28 -29 -30 -31 32 -33 34 35 36 -37 -38 -39 40 -41 42 43 -44 45 46 47 -48 -49 50 0
uf50-0355 217 0
uf50-0355 111740 -1 2 -3 -4 -5 6 -7 -8 -9 10 11 12 13 14 -15 -16 -17 -18 -19 20 21 -22 -23 24 25 26 27 -28 -29 -30 -31 32 -33 34 35 36 -37 -38 -39 40 -41 42 43 -44 45 46 47 -48 -49 50 0
uf50-0355 111740 -1 2 -3 -4 -5 6 -7 -8 -9 10 11 12 13 14 -15 -16 -17 -18 -19 20 21 -22 -23 24 25 26 27 -28 -29 -30 -31 32 -33 34 35 36 -37 -38 -39 40 -41 42 43 -44 45 46 47 -48 -49 50 0
uf50-0355 111740 -1 2 -3 -4 -5 6 -7 -8 -9 10 11 12 13 14 -15 -16 -17 -18 -19 20 21 -22 -23 24 25 26 27 -28 -29 -30 -31 32 -33 34 35 36 -37 -38 -39 40 -41 42 43 -44 45 46 47 -48 -49 50 0
uf50-0355 111740 -1 2 -3 -4 -5 6 -7 -8 -9 10 11 12 13 14 -15 -16 -17 -18 -19 20 21 -22 -23 24 25 26 27 -28 -29 -30 -31 32 -33 34 35 36 -37 -38 -39 40 -41 42 43 -44 45 46 47 -48 -49 50 0
uf50-0355 111740 -1 2 -3 -4 -5 6 -7 -8 -9 10 11 12 13 14 -15 -16 -17 -18 -19 20 21 -22 -23 24 25 26 27 -28 -29 -30 -31 32 -33 34 35 36 -37 -38 -39 40 -41 42 43 -44 45 46 47 -48 -49 50 0
uf50-0355 111740 -1 2 -3 -4 -5 6 -7 -8 -9 10 11 12 13 14 -15 -16 -17 -18 -19 20 21 -22 -23 24 25 26 27 -28 -29 -30 -31 32 -33 34 35 36 -37 -38 -39 40 -41 42 43 -44 45 46 47 -48 -49 50 0
uf50-0355 111740 -1 2 -3 -4 -5 6 -7 -8 -9 10 11 12 13 14 -15 -16 -17 -18 -19 20 21 -22 -23 24 25 26 27 -28 -29 -30 -31 32 -33 34 35 36 -37 -38 -39 40 -41 42 43 -44 45 46 47 -48 -49 50 0
uf50-0355 111740 -1 2 -3 -4 -5 6 -7 -8 -9 10 11 12 13 14 -15 -16 -17 -18 -19 20 21 -22 -23 24 25 26 27 -28 -29 -30 -31 32 -33 34 35 36 -37 -38 -39 40 -41 42 43 -44 45 46 47 -48 -49 50 0
uf50-0355 111740 -1 2 -3 -4 -5 6 -7 -8 -9 10 11 12 13 14 -15 -16 -17 -18 -19 20 21 -22 -23 24 25 26 27 -28 -29 -30 -31 32 -33 34 35 36 -37 -38 -39 40 -41 42 43 -44 45 46 47 -48 -49 50 0
uf50-0355 111740 -1 2 -3 -4 -5 6 -7 -8 -9 10 11 12 13 14 -15 -16 -17 -18 -19 20 21 -22 -23 24 25 26 27 -28 -29 -30 -31 32 -33 34 35 36 -37 -38 -39 40 -41 42 43 -44 45 46 47 -48 -49 50 0
uf50-0355 111740 -1 2 -3 -4 -5 6 -7 -8 -9 10 11 12 13 14 -15 -16 -17 -18 -19 20 21 -22 -23 24 25 26 27 -28 -29 -30 -31 32 -33 34 35 36 -37 -38 -39 40 -41 42 43 -44 45 46 47 -48 -49 50 0
uf50-0355 105462 -1 2 -3 -4 -5 6 -7 -8 -9 10 -11 -12 13 14 -15 -16 -17 -18 -19 20 -21 -22 -23 24 25 26 27 -28 -29 -30 -31 32 -33 34 35 36 -37 -38 -39 40 -41 42 43 -44 45 46 47 -48 -49 50 0
uf50-0355 111740 -1 2 -3 -4 -5 6 -7 -8 -9 10 11 12 13 14 -15 -16 -17 -18 -19 20 21 -22 -23 24 25 26 27 -28 -29 -30 -31 32 -33 34 35 36 -37 -38 -39 40 -41 42 43 -44 45 46 47 -48 -49 50 0
uf50-0355 111740 -1 2 -3 -4 -5 6 -7 -8 -9 10 11 12 13 14 -15 -16 -17 -18 -19 20 21 -22 -23 24 25 26 27 -28 -29 -30 -31 32 -33 34 35 36 -37 -38 -39 40 -41 42 43 -44 45 46 47 -48 -49 50 0
uf50-0355 111740 -1 2 -3 -4 -5 6 -7 -8 -9 10 11 12 13 14 -15 -16 -17 -18 -19 20 21 -22 -23 24 25 26 27 -28 -29 -30 -31 32 -33 34 35 36 -37 -38 -39 40 -41 42 43 -44 45 46 47 -48 -49 50 0
uf50-0355 111740 -1 2 -3 -4 -5 6 -7 -8 -9 10 11 12 13 14 -15 -16 -17 -18 -19 20 21 -22 -23 24 25 26 27 -28 -29 -30 -31 32 -33 34 35 36 -37 -38 -39 40 -41 42 43 -44 45 46 47 -48 -49 50 0
uf50-0355 111740 -1 2 -3 -4 -5 6 -7 -8 -9 10 11 12 13 14 -15 -16 -17 -18 -19 20 21 -22 -23 24 25 26 27 -28 -29 -30 -31 32 -33 34 35 36 -37 -38 -39 40 -41 42 43 -44 45 46 47 -48 -49 50 0
uf50-0355 111740 -1 2 -3 -4 -5 6 -7 -8 -9 10 11 12 13 14 -15 -16 -17 -18 -19 20 21 -22 -23 24 25 26 27 -28 -29 -30 -31 32 -33 34 35 36 -37 -38 -39 40 -41 42 43 -44 45 46 47 -48 -49 50 0
uf50-0355 111740 -1 2 -3 -4 -5 6 -7 -8 -9 10 11 12 13 14 -15 -16 -17 -18 -19 20 21 -22 -23 24 25 26 27 -28 -29 -30 -31 32 -33 34 35 36 -37 -38 -39 40 -41 42 43 -44 45 46 47 -48 -49 50 0
uf50-0355 111740 -1 2 -3 -4 -5 6 -7 -8 -9 10 11 12 13 14 -15 -16 -17 -18 -19 20 21 -22 -23 24 25 26 27 -28 -29 -30 -31 32 -33 34 35 36 -37 -38 -39 40 -41 42 43 -44 45 46 47 -48 -49 50 0
uf50-0355 111740 -1 2 -3 -4 -5 6 -7 -8 -9 10 11 12 13 14 -15 -16 -17 -18 -19 20 21 -22 -23 24 25 26 27 -28 -29 -30 -31 32 -33 34 35 36 -37 -38 -39 40 -41 42 43 -44 45 46 47 -48 -49 50 0
uf50-0355 111740 -1 2 -3 -4 -5 6 -7 -8 -9 10 11 12 13 14 -15 -16 -17 -18 -19 20 21 -22 -23 24 25 26 27 -28 -29 -30 -31 32 -33 34 35 36 -37 -38 -39 40 -41 42 43 -44 45 46 47 -48 -49 50 0
uf50-0355 217 0
uf50-0355 109229 -1 2 -3 -4 -5 6 -7 -8 -9 10 -11 -12 13 14 -15 -16 -17 -18 -19 20 21 -22 -23 24 25 26 27 -28 -29 -30 31 32 -33 34 35 36 -37 -38 -39 40 -41 42 43 -44 45 46 47 -48 -49 50 0
uf50-0355 111740 -1 2 -3 -4 -5 6 -7 -8 -9 10 11 12 13 14 -15 -16 -17 -18 -19 20 21 -22 -23 24 25 26 27 -28 -29 -30 -31 32 -33 34 35 36 -37 -38 -39 40 -41 42 43 -44 45 46 47 -48 -49 50 0
uf50-0355 111740 -1 2 -3 -4 -5 6 -7 -8 -9 10 11 12 13 14 -15 -16 -17 -18 -19 20 21 -22 -23 24 25 26 27 -28 -29 -30 -31 32 -33 34 35 36 -37 -38 -39 40 -41 42 43 -44 45 46 47 -48 -49 50 0
uf50-0355 111740 -1 2 -3 -4 -5 6 -7 -8 -9 10 11 12 13 14 -15 -16 -17 -18 -19 20 21 -22 -23 24 25 26 27 -28 -29 -30 -31 32 -33 34 35 36 -37 -38 -39 40 -41 42 43 -44 45 46 47 -48 -49 50 0
uf50-0355 111740 -1 2 -3 -4 -5 6 -7 -8 -9 10 11 12 13 14 -15 -16 -17 -18 -19 20 21 -22 -23 24 25 26 27 -28 -29 -30 -31 32 -33 34 35 36 -37 -38 -39 40 -41 42 43 -44 45 46 47 -48 -49 50 0
uf50-0355 111740 -1 2 -3 -4 -5 6 -7 -8 -9 10 11 12 13 14 -15 -16 -17 -18 -19 20 21 -22 -23 24 25 26 27 -28 -29 -30 -31 32 -33 34 35 36 -37 -38 -39 40 -41 42 43 -44 45 46 47 -48 -49 50 0
uf50-0355 217 0
uf50-0355 111740 -1 2 -3 -4 -5 6 -7 -8 -9 10 11 12 13 14 -15 -16 -17 -18 -19 20 21 -22 -23 24 25 26 27 -28 -29 -30 -31 32 -33 34 35 36 -37 -38 -39 40 -41 42 43 -44 45 46 47 -48 -49 50 0
uf50-0355 111740 -1 2 -3 -4 -5 6 -7 -8 -9 10 11 12 13 14 -15 -16 -17 -18 -19 20 21 -22 -23 24 25 26 27 -28 -29 -30 -31 32 -33 34 35 36 -37 -38 -39 40 -41 42 43 -44 45 46 47 -48 -49 50 0
uf50-0355 111740 -1 2 -3 -4 -5 6 -7 -8 -9 10 11 12 13 14 -15 -16 -17 -18 -19 20 21 -22 -23 24 25 26 27 -28 -29 -30 -31 32 -33 34 35 36 -37 -38 -39 40 -41 42 43 -44 45 46 47 -48 -49 50 0
uf50-0355 111740 -1 2 -3 -4 -5 6 -7 -8 -9 10 11 12 13 14 -15 -16 -17 -18 -19 20 21 -22 -23 24 25 26 27 -28 -29 -30 -31 32 -33 34 35 36 -37 -38 -39 40 -41 42 43 -44 45 46 47 -48 -49 50 0
