uf50-0416 9179 1 -2 -3 4 -5 -6 -7 8 9 10 11 -12 13 14 15 16 -17 18 19 20 -21 -22 23 24 25 -26 27 -28 -29 -30 31 32 -33 34 -35 -36 37 -38 39 40 41 42 -43 -44 -45 46 -47 48 -49 50 0
uf50-0416 9179 1 -2 -3 4 -5 -6 -7 8 9 10 11 -12 13 14 15 16 -17 18 19 20 -21 -22 23 24 25 -26 27 -28 -29 -30 31 32 -33 34 -35 -36 37 -38 39 40 41 42 -43 -44 -45 46 -47 48 -49 50 0
uf50-0416 9179 1 -2 -3 4 -5 -6 -7 8 9 10 11 -12 13 14 15 16 -17 18 19 20 -21 -22 23 24 25 -26 27 -28 -29 -30 31 32 -33 34 -35 -36 37 -38 39 40 41 42 -43 -44 -45 46 -47 48 -49 50 0
uf50-0416 9179 1 -2 -3 4 -5 -6 -7 8 9 10 11 -12 13 14 15 16 -17 18 19 20 -21 -22 23 24 25 -26 27 -28 -29 -30 31 32 -33 34 -35 -36 37 -38 39 40 41 42 -43 -44 -45 46 -47 48 -49 50 0
uf50-0416 9179 1 -2 -3 4 -5 -6 -7 8 9 10 11 -12 13 14 15 16 -17 18 19 20 -21 -22 23 24 25 -26 27 -28 -29 -30 31 32 -33 34 -35 -36 37 -38 39 40 41 42 -43 -44 -45 46 -47 48 -49 50 0
uf50-0416 9179 1 -2 -3 4 -5 -6 -7 8 9 10 11 -12 13 14 15 16 -17 18 19 20 -21 -22 23 24 25 -26 27 -28 -29 -30 31 32 -33 34 -35 -36 37 -38 39 40 41 42 -43 -44 -45 46 -47 48 -49 50 0
uf50-0416 9179 1 -2 -3 4 -5 -6 -7 8 9 10 11 -12 13 14 15 16 -17 18 19 20 -21 -22 23 24 25 -26 27 -28 -29 -30 31 32 -33 34 -35 -36 37 -38 39 40 41 42 -43 -44 -45 46 -47 48 -49 50 0
uf50-0416 9034 1 -2 -3 4 -5 -6 -7 8 9 10 11 -12 13 14 15 16 -17 18 19 20 -21 -22 23 24 25 -26 27 -28 29 -30 31 -32 -33 34 -35 -36 37 -38 39 40 41 42 -43 -44 -45 46 -47 48 -49 50 0
uf50-0416 9179 1 -2 -3 4 -5 -6 -7 8 9 10 11 -12 13 14 15 16 -17 18 19 20 -21 -22 23 24 25 -26 27 -28 -29 -30 31 32 -33 34 -35 -36 37 -38 39 40 41 42 -43 -44 -45 46 -47 48 -49 50 0
uf50-0416 9179 1 -2 -3 4 -5 -6 -7 8 9 10 11 -12 13 14 15 16 -17 18 19 20 -21 -22 23 24 25 -26 27 -28 -29 -30 31 32 -33 34 -35 -36 37 -38 39 40 41 42 -43 -44 -45 46 -47 48 -49 50 0
uf50-0416 9034 1 -2 -3 4 -5 -6 -7 8 9 10 11 -12 13 14 15 16 -17 18 19 20 -21 -22 23 24 25 -26 27 -28 29 -30 31 -32 -33 34 -35 -36 37 -38 39 40 41 42 -43 -44 -45 46 -47 48 -49 50 0
uf50-0416 9091 1 -2 -3 4 -5 -6 -7 8 -9 10 11 -12 13 14 15 16 -17 18 19 20 -21 -22 23 24 25 -26 27 -28 -29 -30 31 32 -33 34 -35 -36 37 -38 39 40 41 42 -43 -44 -45 46 -47 48 -49 50 0
uf50-0416 8846 1 -2 -3 4 -5 -6 -7 8 -9 10 11 -12 13 14 15 16 -17 18 19 -20 -21 -22 23 24 25 -26 27 -28 29 -30 31 32 -33 34 -35 -36 37 -38 39 40 41 42 -43 -44 -45 46 -47 48 -49 50 0
uf50-0416 8652 1 -2 -3 4 -5 -6 -7 8 9 10 11 -12 13 14 15 -16 -17 18 19 20 -21 -22 23 24 -25 -26 27 -28 -29 -30 31 32 33 34 -35 -36 37 -38 39 40 41 42 -43 -44 -45 46 -47 48 -49 50 0
uf50-0416 9179 1 -2 -3 4 -5 -6 -7 8 9 10 11 -12 13 14 15 16 -17 18 19 20 -21 -22 23 24 25 -26 27 -28 -29 -30 31 32 -33 34 -35 -36 37 -38 39 40 41 42 -43 -44 -45 46 -47 48 -49 50 0
uf50-0416 8857 1 -2 -3 4 -5 -6 -7 8 -9 10 11 -12 13 14 15 16 -17 18 19 20 -21 -22 23 24 -25 -26 27 -28 -29 -30 31 32 -33 34 -35 -36 37 -38 39 40 41 42 -43 -44 -45 46 -47 48 -49 50 0
uf50-0416 8946 1 -2 -3 4 -5 -6 -7 8 -9 10 11 -12 13 14 15 16 -17 18 19 20 -21 -22 23 24 25 -26 27 -28 29 -30 31 -32 -33 34 -35 -36 37 -38 39 40 41 42 -43 -44 -45 46 -47 48 -49 50 0
uf50-0416 9179 1 -2 -3 4 -5 -6 -7 8 9 10 11 -12 13 14 15 16 -17 18 19 20 -21 -22 23 24 25 -26 27 -28 -29 -30 31 32 -33 34 -35 -36 37 -38 39 40 41 42 -43 -44 -45 46 -47 48 -49 50 0
uf50-0416 9179 1 -2 -3 4 -5 -6 -7 8 9 10 11 -12 13 14 15 16 -17 18 19 20 -21 -22 23 24 25 -26 27 -28 -29 -30 31 32 -33 34 -35 -36 37 -38 39 40 41 42 -43 -44 -45 46 -47 48 -49 50 0
uf50-0416 9179 1 -2 -3 4 -5 -6 -7 8 9 10 11 -12 13 14 15 16 -17 18 19 20 -21 -22 23 24 25 -26 27 -28 -29 -30 31 32 -33 34 -35 -36 37 -38 39 40 41 42 -43 -44 -45 46 -47 48 -49 50 0
uf50-0416 9179 1 -2 -3 4 -5 -6 -7 8 9 10 11 -12 13 14 15 16 -17 18 19 20 -21 -22 23 24 25 -26 27 -28 -29 -30 31 32 -33 34 -35 -36 37 -38 39 40 41 42 -43 -44 -45 46 -47 48 -49 50 0
uf50-0416 9179 1 -2 -3 4 -5 -6 -7 8 9 10 11 -12 13 14 15 16 -17 18 19 20 -21 -22 23 24 25 -26 27 -28 -29 -30 31 32 -33 34 -35 -36 37 -38 39 40 41 42 -43 -44 -45 46 -47 48 -49 50 0
uf50-0416 8402 1 2 -3 -4 -5 6 -7 -8 -9 10 11 -12 13 -14 -15 16 -17 18 -19 20 -21 22 23 24 25 -26 -27 28 -29 -30 31 32 -33 34 -35 -36 -37 -38 39 40 41 42 -43 44 -45 46 -47 48 -49 50 0
uf50-0416 9179 1 -2 -3 4 -5 -6 -7 8 9 10 11 -12 13 14 15 16 -17 18 19 20 -21 -22 23 24 25 -26 27 -28 -29 -30 31 32 -33 34 -35 -36 37 -38 39 40 41 42 -43 -44 -45 46 -47 48 -49 50 0
uf50-0416 9179 1 -2 -3 4 -5 -6 -7 8 9 10 11 -12 13 14 15 16 -17 18 19 20 -21 -22 23 24 25 -26 27 -28 -29 -30 31 32 -33 34 -35 -36 37 -38 39 40 41 42 -43 -44 -45 46 -47 48 -49 50 0
uf50-0416 9179 1 -2 -3 4 -5 -6 -7 8 9 10 11 -12 13 14 15 16 -17 18 19 20 -21 -22 23 24 25 -26 27 -28 -29 -30 31 32 -33 34 -35 -36 37 -38 39 40 41 42 -43 -44 -45 46 -47 48 -49 50 0
uf50-0416 9179 1 -2 -3 4 -5 -6 -7 8 9 10 11 -12 13 14 15 16 -17 18 19 20 -21 -22 23 24 25 -26 27 -28 -29 -30 31 32 -33 34 -35 -36 37 -38 39 40 41 42 -43 -44 -45 46 -47 48 -49 50 0
uf50-0416 9091 1 -2 -3 4 -5 -6 -7 8 -9 10 11 -12 13 14 15 16 -17 18 19 20 -21 -22 23 24 25 -26 27 -28 -29 -30 31 32 -33 34 -35 -36 37 -38 39 40 41 42 -43 -44 -45 46 -47 48 -49 50 0
uf50-0416 9179 1 -2 -3 4 -5 -6 -7 8 9 10 11 -12 13 14 15 16 -17 18 19 20 -21 -22 23 24 25 -26 27 -28 -29 -30 31 32 -33 34 -35 -36 37 -38 39 40 41 42 -43 -44 -45 46 -47 48 -49 50 0
uf50-0416 8846 1 -2 -3 4 -5 -6 -7 8 -9 10 11 -12 13 14 15 16 -17 18 19 -20 -21 -22 23 24 25 -26 27 -28 29 -30 31 32 -33 34 -35 -36 37 -38 39 40 41 42 -43 -44 -45 46 -47 48 -49 50 0
uf50-0416 9179 1 -2 -3 4 -5 -6 -7 8 9 10 11 -12 13 14 15 16 -17 18 19 20 -21 -22 23 24 25 -26 27 -28 -29 -30 31 32 -33 34 -35 -36 37 -38 39 40 41 42 -43 -44 -45 46 -47 48 -49 50 0
uf50-0416 8010 1 2 -3 -4 -5 6 -7 -8 -9 10 11 -12 -13 -14 -15 16 -17 18 -19 20 -21 22 23 24 25 26 -27 28 -29 -30 31 32 -33 34 -35 -36 -37 -38 39 40 41 42 -43 -44 45 46 -47 48 -49 50 0
uf50-0416 9179 1 -2 -3 4 -5 -6 -7 8 9 10 11 -12 13 14 15 16 -17 18 19 20 -21 -22 23 24 25 -26 27 -28 -29 -30 31 32 -33 34 -35 -36 37 -38 39 40 41 42 -43 -44 -45 46 -47 48 -49 50 0
uf50-0416 8857 1 -2 -3 4 -5 -6 -7 8 -9 10 11 -12 13 14 15 16 -17 18 19 20 -21 -22 23 24 -25 -26 27 -28 -29 -30 31 32 -33 34 -35 -36 37 -38 39 40 41 42 -43 -44 -45 46 -47 48 -49 50 0
uf50-0416 9091 1 -2 -3 4 -5 -6 -7 8 -9 10 11 -12 13 14 15 16 -17 18 19 20 -21 -22 23 24 25 -26 27 -28 -29 -30 31 32 -33 34 -35 -36 37 -38 39 40 41 42 -43 -44 -45 46 -47 48 -49 50 0
uf50-0416 9179 1 -2 -3 4 -5 -6 -7 8 9 10 11 -12 13 14 15 16 -17 18 19 20 -21 -22 23 24 25 -26 27 -28 -29 -30 31 32 -33 34 -35 -36 37 -38 39 40 41 42 -43 -44 -45 46 -47 48 -49 50 0
uf50-0416 9179 1 -2 -3 4 -5 -6 -7 8 9 10 11 -12 13 14 15 16 -17 18 19 20 -21 -22 23 24 25 -26 27 -28 -29 -30 31 32 -33 34 -35 -36 37 -38 39 40 41 42 -43 -44 -45 46 -47 48 -49 50 0
uf50-0416 9179 1 -2 -3 4 -5 -6 -7 8 9 10 11 -12 13 14 15 16 -17 18 19 20 -21 -22 23 24 25 -26 27 -28 -29 -30 31 32 -33 34 -35 -36 37 -38 39 40 41 42 -43 -44 -45 46 -47 48 -49 50 0
uf50-0416 9179 1 -2 -3 4 -5 -6 -7 8 9 10 11 -12 13 14 15 16 -17 18 19 20 -21 -22 23 24 25 -26 27 -28 -29 -30 31 32 -33 34 -35 -36 37 -38 39 40 41 42 -43 -44 -45 46 -47 48 -49 50 0
uf50-0416 9179 1 -2 -3 4 -5 -6 -7 8 9 10 11 -12 13 14 15 16 -17 18 19 20 -21 -22 23 24 25 -26 27 -28 -29 -30 31 32 -33 34 -35 -36 37 -38 39 40 41 42 -43 -44 -45 46 -47 48 -49 50 0
uf50-0416 9179 1 -2 -3 4 -5 -6 -7 8 9 10 11 -12 13 14 15 16 -17 18 19 20 -21 -22 23 24 25 -26 27 -28 -29 -30 31 32 -33 34 -35 -36 37 -38 39 40 41 42 -43 -44 -45 46 -47 48 -49 50 0
uf50-0416 9179 1 -2 -3 4 -5 -6 -7 8 9 10 11 -12 13 14 15 16 -17 18 19 20 -21 -22 23 24 25 -26 27 -28 -29 -30 31 32 -33 34 -35 -36 37 -38 39 40 41 42 -43 -44 -45 46 -47 48 -49 50 0
uf50-0416 9179 1 -2 -3 4 -5 -6 -7 8 9 10 11 -12 13 14 15 16 -17 18 19 20 -21 -22 23 24 25 -26 27 -28 -29 -30 31 32 -33 34 -35 -36 37 -38 39 40 41 42 -43 -44 -45 46 -47 48 -49 50 0
uf50-0416 9179 1 -2 -3 4 -5 -6 -7 8 9 10 11 -12 13 14 15 16 -17 18 19 20 -21 -22 23 24 25 -26 27 -28 -29 -30 31 32 -33 34 -35 -36 37 -38 39 40 41 42 -43 -44 -45 46 -47 48 -49 50 0
uf50-0416 8564 1 -2 -3 4 -5 -6 -7 8 -9 10 11 -12 13 14 15 -16 -17 18 19 20 -21 -22 23 24 -25 -26 27 -28 -29 -30 31 32 33 34 -35 -36 37 -38 39 40 41 42 -43 -44 -45 46 -47 48 -49 50 0
uf50-0416 9179 1 -2 -3 4 -5 -6 -7 8 9 10 11 -12 13 14 15 16 -17 18 19 20 -21 -22 23 24 25 -26 27 -28 -29 -30 31 32 -33 34 -35 -36 37 -38 39 40 41 42 -43 -44 -45 46 -47 48 -49 50 0
uf50-0416 9179 1 -2 -3 4 -5 -6 -7 8 9 10 11 -12 13 14 15 16 -17 18 19 20 -21 -22 23 24 25 -26 27 -28 -29 -30 31 32 -33 34 -35 -36 37 -38 39 40 41 42 -43 -44 -45 46 -47 48 -49 50 0
uf50-0416 9179 1 -2 -3 4 -5 -6 -7 8 9 10 11 -12 13 14 15 16 -17 18 19 20 -21 -22 23 24 25 -26 27 -28 -29 -30 31 32 -33 34 -35 -36 37 -38 39 40 41 42 -43 -44 -45 46 -47 48 -49 50 0
uf50-0416 9034 1 -2 -3 4 -5 -6 -7 8 9 10 11 -12 13 14 15 16 -17 18 19 20 -21 -22 23 24 25 -26 27 -28 29 -30 31 -32 -33 34 -35 -36 37 -38 39 40 41 42 -43 -44 -45 46 -47 48 -49 50 0
uf50-0416 9179 1 -2 -3 4 -5 -6 -7 8 9 10 11 -12 13 14 15 16 -17 18 19 20 -21 -22 23 24 25 -26 27 -28 -29 -30 31 32 -33 34 -35 -36 37 -38 39 40 41 42 -43 -44 -45 46 -47 48 -49 50 0
uf50-0416 9179 1 -2 -3 4 -5 -6 -7 8 9 10 11 -12 13 14 15 16 -17 18 19 20 -21 -22 23 24 25 -26 27 -28 -29 -30 31 32 -33 34 -35 -36 37 -38 39 40 41 42 -43 -44 -45 46 -47 48 -49 50 0
uf50-0416 9179 1 -2 -3 4 -5 -6 -7 8 9 10 11 -12 13 14 15 16 -17 18 19 20 -21 -22 23 24 25 -26 27 -28 -29 -30 31 32 -33 34 -35 -36 37 -38 39 40 41 42 -43 -44 -45 46 -47 48 -49 50 0
uf50-0416 9179 1 -2 -3 4 -5 -6 -7 8 9 10 11 -12 13 14 15 16 -17 18 19 20 -21 -22 23 24 25 -26 27 -28 -29 -30 31 32 -33 34 -35 -36 37 -38 39 40 41 42 -43 -44 -45 46 -47 48 -49 50 0
uf50-0416 9179 1 -2 -3 4 -5 -6 -7 8 9 10 11 -12 13 14 15 16 -17 18 19 20 -21 -22 23 24 25 -26 27 -28 -29 -30 31 32 -33 34 -35 -36 37 -38 39 40 41 42 -43 -44 -45 46 -47 48 -49 50 0
uf50-0416 9179 1 -2 -3 4 -5 -6 -7 8 9 10 11 -12 13 14 15 16 -17 18 19 20 -21 -22 23 24 25 -26 27 -28 -29 -30 31 32 -33 34 -35 -36 37 -38 39 40 41 42 -43 -44 -45 46 -47 48 -49 50 0
uf50-0416 8945 1 -2 -3 4 -5 -6 -7 8 9 10 11 -12 13 14 15 16 -17 18 19 20 -21 -22 23 24 -25 -26 27 -28 -29 -30 31 32 -33 34 -35 -36 37 -38 39 40 41 42 -43 -44 -45 46 -47 48 -49 50 0
uf50-0416 9179 1 -2 -3 4 -5 -6 -7 8 9 10 11 -12 13 14 15 16 -17 18 19 20 -21 -22 23 24 25 -26 27 -28 -29 -30 31 32 -33 34 -35 -36 37 -38 39 40 41 42 -43 -44 -45 46 -47 48 -49 50 0
uf50-0416 9179 1 -2 -3 4 -5 -6 -7 8 9 10 11 -12 13 14 15 16 -17 18 19 20 -21 -22 23 24 25 -26 27 -28 -29 -30 31 32 -33 34 -35 -36 37 -38 39 40 41 42 -43 -44 -45 46 -47 48 -49 50 0
uf50-0416 9179 1 -2 -3 4 -5 -6 -7 8 9 10 11 -12 13 14 15 16 -17 18 19 20 -21 -22 23 24 25 -26 27 -28 -29 -30 31 32 -33 34 -35 -36 37 -38 39 40 41 42 -43 -44 -45 46 -47 48 -49 50 0
uf50-0416 9179 1 -2 -3 4 -5 -6 -7 8 9 10 11 -12 13 14 15 16 -17 18 19 20 -21 -22 23 24 25 -26 27 -28 -29 -30 31 32 -33 34 -35 -36 37 -38 39 40 41 42 -43 -44 -45 46 -47 48 -49 50 0
uf50-0416 9179 1 -2 -3 4 -5 -6 -7 8 9 10 11 -12 13 14 15 16 -17 18 19 20 -21 -22 23 24 25 -26 27 -28 -29 -30 31 32 -33 34 -35 -36 37 -38 39 40 41 42 -43 -44 -45 46 -47 48 -49 50 0
uf50-0416 8010 1 2 -3 -4 -5 6 -7 -8 -9 10 11 -12 -13 -14 -15 16 -17 18 -19 20 -21 22 23 24 25 26 -27 28 -29 -30 31 32 -33 34 -35 -36 -37 -38 39 40 41 42 -43 -44 45 46 -47 48 -49 50 0
uf50-0416 9179 1 -2 -3 4 -5 -6 -7 8 9 10 11 -12 13 14 15 16 -17 18 19 20 -21 -22 23 24 25 -26 27 -28 -29 -30 31 32 -33 34 -35 -36 37 -38 39 40 41 42 -43 -44 -45 46 -47 48 -49 50 0
uf50-0416 9179 1 -2 -3 4 -5 -6 -7 8 9 10 11 -12 13 14 15 16 -17 18 19 20 -21 -22 23 24 25 -26 27 -28 -29 -30 31 32 -33 34 -35 -36 37 -38 39 40 41 42 -43 -44 -45 46 -47 48 -49 50 0
uf50-0416 8499 1 -2 -3 4 -5 -6 -7 8 -9 10 11 -12 13 14 15 16 -17 18 19 -20 -21 -22 23 24 25 -26 27 -28 -29 -30 31 -32 -33 34 -35 -36 37 -38 39 40 41 42 -43 -44 -45 46 -47 48 -49 50 0
uf50-0416 9179 1 -2 -3 4 -5 -6 -7 8 9 10 11 -12 13 14 15 16 -17 18 19 20 -21 -22 23 24 25 -26 27 -28 -29 -30 31 32 -33 34 -35 -36 37 -38 39 40 41 42 -43 -44 -45 46 -47 48 -49 50 0
uf50-0416 9179 1 -2 -3 4 -5 -6 -7 8 9 10 11 -12 13 14 15 16 -17 18 19 20 -21 -22 23 24 25 -26 27 -28 -29 -30 31 32 -33 34 -35 -36 37 -38 39 40 41 42 -43 -44 -45 46 -47 48 -49 50 0
uf50-0416 8564 1 -2 -3 4 -5 -6 -7 8 -9 10 11 -12 13 14 15 -16 -17 18 19 20 -21 -22 23 24 -25 -26 27 -28 -29 -30 31 32 33 34 -35 -36 37 -38 39 40 41 42 -43 -44 -45 46 -47 48 -49 50 0
uf50-0416 9179 1 -2 -3 4 -5 -6 -7 8 9 10 11 -12 13 14 15 16 -17 18 19 20 -21 -22 23 24 25 -26 27 -28 -29 -30 31 32 -33 34 -35 -36 37 -38 39 40 41 42 -43 -44 -45 46 -47 48 -49 50 0
uf50-0416 9179 1 -2 -3 4 -5 -6 -7 8 9 10 11 -12 13 14 15 16 -17 18 19 20 -21 -22 23 24 25 -26 27 -28 -29 -30 31 32 -33 34 -35 -36 37 -38 39 40 41 42 -43 -44 -45 46 -47 48 -49 50 0
uf50-0416 9179 1 -2 -3 4 -5 -6 -7 8 9 10 11 -12 13 14 15 16 -17 18 19 20 -21 -22 23 24 25 -26 27 -28 -29 -30 31 32 -33 34 -35 -36 37 -38 39 40 41 42 -43 -44 -45 46 -47 48 -49 50 0
uf50-0416 9179 1 -2 -3 4 -5 -6 -7 8 9 10 11 -12 13 14 15 16 -17 18 19 20 -21 -22 23 24 25 -26 27 -28 -29 -30 31 32 -33 34 -35 -36 37 -38 39 40 41 42 -43 -44 -45 46 -47 48 -49 50 0
uf50-0416 9179 1 -2 -3 4 -5 -6 -7 8 9 10 11 -12 13 14 15 16 -17 18 19 20 -21 -22 23 24 25 -26 27 -28 -29 -30 31 32 -33 34 -35 -36 37 -38 39 40 41 42 -43 -44 -45 46 -47 48 -49 50 0
uf50-0416 9179 1 -2 -3 4 -5 -6 -7 8 9 10 11 -12 13 14 15 16 -17 18 19 20 -21 -22 23 24 25 -26 27 -28 -29 -30 31 32 -33 34 -35 -36 37 -38 39 40 41 42 -43 -44 -45 46 -47 48 -49 50 0
uf50-0416 9179 1 -2 -3 4 -5 -6 -7 8 9 10 11 -12 13 14 15 16 -17 18 19 20 -21 -22 23 24 25 -26 27 -28 -29 -30 31 32 -33 34 -35 -36 37 -38 39 40 41 42 -43 -44 -45 46 -47 48 -49 50 0
uf50-0416 9179 1 -2 -3 4 -5 -6 -7 8 9 10 11 -12 13 14 15 16 -17 18 19 20 -21 -22 23 24 25 -26 27 -28 -29 -30 31 32 -33 34 -35 -36 37 -38 39 40 41 42 -43 -44 -45 46 -47 48 -49 50 0
uf50-0416 9179 1 -2 -3 4 -5 -6 -7 8 9 10 11 -12 13 14 15 16 -17 18 19 20 -21 -22 23 24 25 -26 27 -28 -29 -30 31 32 -33 34 -35 -36 37 -38 39 40 41 42 -43 -44 -45 46 -47 48 -49 50 0
uf50-0416 9179 1 -2 -3 4 -5 -6 -7 8 9 10 11 -12 13 14 15 16 -17 18 19 20 -21 -22 23 24 25 -26 27 -28 -29 -30 31 32 -33 34 -35 -36 37 -38 39 40 41 42 -43 -44 -45 46 -47 48 -49 50 0
uf50-0416 8945 1 -2 -3 4 -5 -6 -7 8 9 10 11 -12 13 14 15 16 -17 18 19 20 -21 -22 23 24 -25 -26 27 -28 -29 -30 31 32 -33 34 -35 -36 37 -38 39 40 41 42 -43 -44 -45 46 -47 48 -49 50 0
uf50-0416 9179 1 -2 -3 4 -5 -6 -7 8 9 10 11 -12 13 14 15 16 -17 18 19 20 -21 -22 23 24 25 -26 27 -28 -29 -30 31 32 -33 34 -35 -36 37 -38 39 40 41 42 -43 -44 -45 46 -47 48 -49 50 0
uf50-0416 9179 1 -2 -3 4 -5 -6 -7 8 9 10 11 -12 13 14 15 16 -17 18 19 20 -21 -22 23 24 25 -26 27 -28 -29 -30 31 32 -33 34 -35 -36 37 -38 39 40 41 42 -43 -44 -45 46 -47 48 -49 50 0
uf50-0416 9179 1 -2 -3 4 -5 -6 -7 8 9 10 11 -12 13 14 15 16 -17 18 19 20 -21 -22 23 24 25 -26 27 -28 -29 -30 31 32 -33 34 -35 -36 37 -38 39 40 41 42 -43 -44 -45 46 -47 48 -49 50 0
uf50-0416 9179 1 -2 -3 4 -5 -6 -7 8 9 10 11 -12 13 14 15 16 -17 18 19 20 -21 -22 23 24 25 -26 27 -28 -29 -30 31 32 -33 34 -35 -36 37 -38 39 40 41 42 -43 -44 -45 46 -47 48 -49 50 0
uf50-0416 9179 1 -2 -3 4 -5 -6 -7 8 9 10 11 -12 13 14 15 16 -17 18 19 20 -21 -22 23 24 25 -26 27 -28 -29 -30 31 32 -33 34 -35 -36 37 -38 39 40 41 42 -43 -44 -45 46 -47 48 -49 50 0
uf50-0416 9179 1 -2 -3 4 -5 -6 -7 8 9 10 11 -12 13 14 15 16 -17 18 19 20 -21 -22 23 24 25 -26 27 -28 -29 -30 31 32 -33 34 -35 -36 37 -38 39 40 41 42 -43 -44 -45 46 -47 48 -49 50 0
uf50-0416 9179 1 -2 -3 4 -5 -6 -7 8 9 10 11 -12 13 14 15 16 -17 18 19 20 -21 -22 23 24 25 -26 27 -28 -29 -30 31 32 -33 34 -35 -36 37 -38 39 40 41 42 -43 -44 -45 46 -47 48 -49 50 0
uf50-0416 9179 1 -2 -3 4 -5 -6 -7 8 9 10 11 -12 13 14 15 16 -17 18 19 20 -21 -22 23 24 25 -26 27 -28 -29 -30 31 32 -33 34 -35 -36 37 -38 39 40 41 42 -43 -44 -45 46 -47 48 -49 50 0
uf50-0416 9179 1 -2 -3 4 -5 -6 -7 8 9 10 11 -12 13 14 15 16 -17 18 19 20 -21 -22 23 24 25 -26 27 -28 -29 -30 31 32 -33 34 -35 -36 37 -38 39 40 41 42 -43 -44 -45 46 -47 48 -49 50 0
uf50-0416 9179 1 -2 -3 4 -5 -6 -7 8 9 10 11 -12 13 14 15 16 -17 18 19 20 -21 -22 23 24 25 -26 27 -28 -29 -30 31 32 -33 34 -35 -36 37 -38 39 40 41 42 -43 -44 -45 46 -47 48 -49 50 0
uf50-0416 9179 1 -2 -3 4 -5 -6 -7 8 9 10 11 -12 13 14 15 16 -17 18 19 20 -21 -22 23 24 25 -26 27 -28 -29 -30 31 32 -33 34 -35 -36 37 -38 39 40 41 42 -43 -44 -45 46 -47 48 -49 50 0
uf50-0416 9179 1 -2 -3 4 -5 -6 -7 8 9 10 11 -12 13 14 15 16 -17 18 19 20 -21 -22 23 24 25 -26 27 -28 -29 -30 31 32 -33 34 -35 -36 37 -38 39 40 41 42 -43 -44 -45 46 -47 48 -49 50 0
uf50-0416 9179 1 -2 -3 4 -5 -6 -7 8 9 10 11 -12 13 14 15 16 -17 18 19 20 -21 -22 23 24 25 -26 27 -28 -29 -30 31 32 -33 34 -35 -36 37 -38 39 40 41 42 -43 -44 -45 46 -47 48 -49 50 0
uf50-0416 9179 1 -2 -3 4 -5 -6 -7 8 9 10 11 -12 13 14 15 16 -17 18 19 20 -21 -22 23 24 25 -26 27 -28 -29 -30 31 32 -33 34 -35 -36 37 -38 39 40 41 42 -43 -44 -45 46 -47 48 -49 50 0
uf50-0416 9179 1 -2 -3 4 -5 -6 -7 8 9 10 11 -12 13 14 15 16 -17 18 19 20 -21 -22 23 24 25 -26 27 -28 -29 -30 31 32 -33 34 -35 -36 37 -38 39 40 41 42 -43 -44 -45 46 -47 48 -49 50 0
uf50-0416 8946 1 -2 -3 4 -5 -6 -7 8 -9 10 11 -12 13 14 15 16 -17 18 19 20 -21 -22 23 24 25 -26 27 -28 29 -30 31 -32 -33 34 -35 -36 37 -38 39 40 41 42 -43 -44 -45 46 -47 48 -49 50 0
uf50-0416 9179 1 -2 -3 4 -5 -6 -7 8 9 10 11 -12 13 14 15 16 -17 18 19 20 -21 -22 23 24 25 -26 27 -28 -29 -30 31 32 -33 34 -35 -36 37 -38 39 40 41 42 -43 -44 -45 46 -47 48 -49 50 0
uf50-0416 9179 1 -2 -3 4 -5 -6 -7 8 9 10 11 -12 13 14 15 16 -17 18 19 20 -21 -22 23 24 25 -26 27 -28 -29 -30 31 32 -33 34 -35 -36 37 -38 39 40 41 42 -43 -44 -45 46 -47 48 -49 50 0
uf50-0416 9179 1 -2 -3 4 -5 -6 -7 8 9 10 11 -12 13 14 15 16 -17 18 19 20 -21 -22 23 24 25 -26 27 -28 -29 -30 31 32 -33 34 -35 -36 37 -38 39 40 41 42 -43 -44 -45 46 -47 48 -49 50 0
uf50-0416 9179 1 -2 -3 4 -5 -6 -7 8 9 10 11 -12 13 14 15 16 -17 18 19 20 -21 -22 23 24 25 -26 27 -28 -29 -30 31 32 -33 34 -35 -36 37 -38 39 40 41 42 -43 -44 -45 46 -47 48 -49 50 0
uf50-0416 9179 1 -2 -3 4 -5 -6 -7 8 9 10 11 -12 13 14 15 16 -17 18 19 20 -21 -22 23 24 25 -26 27 -28 -29 -30 31 32 -33 34 -35 -36 37 -38 39 40 41 42 -43 -44 -45 46 -47 48 -49 50 0
