uf50-0824 9134 1 -2 3 4 5 -6 -7 -8 -9 10 11 -12 -13 14 15 16 17 -18 19 20 -21 22 -23 24 -25 26 27 -28 29 -30 31 -32 33 34 -35 36 -37 -38 39 -40 41 -42 43 44 45 46 47 48 -49 50 0
uf50-0824 10074 1 -2 3 4 5 6 -7 -8 9 10 11 12 -13 14 -15 -16 17 18 -19 20 -21 22 -23 24 25 -26 27 -28 29 -30 31 32 33 34 -35 -36 -37 -38 39 -40 -41 42 43 44 45 -46 47 48 -49 50 0
uf50-0824 10074 1 -2 3 4 5 6 -7 -8 9 10 11 12 -13 14 -15 -16 17 18 -19 20 -21 22 -23 24 25 -26 27 -28 29 -30 31 32 33 34 -35 -36 -37 -38 39 -40 -41 42 43 44 45 -46 47 48 -49 50 0
uf50-0824 9843 1 -2 -3 4 5 -6 -7 -8 9 10 11 12 -13 14 -15 -16 17 18 -19 20 -21 22 -23 24 25 -26 27 -28 29 -30 31 -32 33 34 -35 -36 -37 -38 39 -40 -41 42 43 44 45 -46 47 48 -49 50 0
uf50-0824 9239 1 -2 3 4 5 -6 -7 -8 9 10 11 12 -13 14 -15 16 17 -18 -19 20 -21 22 -23 24 -25 26 27 -28 29 -30 31 -32 33 34 -35 36 -37 -38 39 -40 -41 -42 43 -44 45 46 47 48 -49 50 0
uf50-0824 10074 1 -2 3 4 5 6 -7 -8 9 10 11 12 -13 14 -15 -16 17 18 -19 20 -21 22 -23 24 25 -26 27 -28 29 -30 31 32 33 34 -35 -36 -37 -38 39 -40 -41 42 43 44 45 -46 47 48 -49 50 0
uf50-0824 10074 1 -2 3 4 5 6 -7 -8 9 10 11 12 -13 14 -15 -16 17 18 -19 20 -21 22 -23 24 25 -26 27 -28 29 -30 31 32 33 34 -35 -36 -37 -38 39 -40 -41 42 43 44 45 -46 47 48 -49 50 0
uf50-0824 10074 1 -2 3 4 5 6 -7 -8 9 10 11 12 -13 14 -15 -16 17 18 -19 20 -21 22 -23 24 25 -26 27 -28 29 -30 31 32 33 34 -35 -36 -37 -38 39 -40 -41 42 43 44 45 -46 47 48 -49 50 0
uf50-0824 9428 1 -2 -3 4 5 6 -7 -8 9 10 -11 12 -13 14 -15 -16 17 18 -19 20 -21 -22 -23 24 25 -26 27 -28 29 -30 31 32 33 34 -35 -36 -37 -38 39 -40 -41 42 43 44 45 -46 47 48 -49 50 0
uf50-0824 10074 1 -2 3 4 5 6 -7 -8 9 10 11 12 -13 14 -15 -16 17 18 -19 20 -21 22 -23 24 25 -26 27 -28 29 -30 31 32 33 34 -35 -36 -37 -38 39 -40 -41 42 43 44 45 -46 47 48 -49 50 0
uf50-0824 9239 1 -2 3 4 5 -6 -7 -8 9 10 11 12 -13 14 -15 16 17 -18 -19 20 -21 22 -23 24 -25 26 27 -28 29 -30 31 -32 33 34 -35 36 -37 -38 39 -40 -41 -42 43 -44 45 46 47 48 -49 50 0
uf50-0824 10074 1 -2 3 4 5 6 -7 -8 9 10 11 12 -13 14 -15 -16 17 18 -19 20 -21 22 -23 24 25 -26 27 -28 29 -30 31 32 33 34 -35 -36 -37 -38 39 -40 -41 42 43 44 45 -46 47 48 -49 50 0
uf50-0824 9939 1 -2 -3 4 5 6 -7 -8 9 10 11 12 -13 14 -15 -16 17 18 -19 20 -21 22 -23 24 25 -26 27 -28 29 -30 31 32 33 34 -35 -36 -37 -38 39 -40 -41 42 43 44 45 -46 47 48 -49 50 0
uf50-0824 10074 1 -2 3 4 5 6 -7 -8 9 10 11 12 -13 14 -15 -16 17 18 -19 20 -21 22 -23 24 25 -26 27 -28 29 -30 31 32 33 34 -35 -36 -37 -38 39 -40 -41 42 43 44 45 -46 47 48 -49 50 0
uf50-0824 10074 1 -2 3 4 5 6 -7 -8 9 10 11 12 -13 14 -15 -16 17 18 -19 20 -21 22 -23 24 25 -26 27 -28 29 -30 31 32 33 34 -35 -36 -37 -38 39 -40 -41 42 43 44 45 -46 47 48 -49 50 0
uf50-0824 9478 1 -2 -3 4 5 -6 -7 -8 9 10 -11 12 -13 14 -15 -16 17 18 19 20 -21 -22 -23 24 25 -26 27 -28 29 -30 31 -32 33 34 -35 -36 -37 -38 39 -40 -41 42 43 44 45 -46 47 48 -49 50 0
uf50-0824 9630 1 -2 -3 4 5 6 -7 -8 9 10 -11 12 -13 14 -15 -16 17 18 -19 20 -21 22 -23 24 25 -26 27 -28 29 -30 31 32 33 34 -35 -36 -37 -38 39 -40 -41 42 43 44 45 -46 47 48 -49 50 0
uf50-0824 9239 1 -2 3 4 5 -6 -7 -8 9 10 11 12 -13 14 -15 16 17 -18 -19 20 -21 22 -23 24 -25 26 27 -28 29 -30 31 -32 33 34 -35 36 -37 -38 39 -40 -41 -42 43 -44 45 46 47 48 -49 50 0
uf50-0824 10074 1 -2 3 4 5 6 -7 -8 9 10 11 12 -13 14 -15 -16 17 18 -19 20 -21 22 -23 24 25 -26 27 -28 29 -30 31 32 33 34 -35 -36 -37 -38 39 -40 -41 42 43 44 45 -46 47 48 -49 50 0
uf50-0824 9239 1 -2 3 4 5 -6 -7 -8 9 10 11 12 -13 14 -15 16 17 -18 -19 20 -21 22 -23 24 -25 26 27 -28 29 -30 31 -32 33 34 -35 36 -37 -38 39 -40 -41 -42 43 -44 45 46 47 48 -49 50 0
uf50-0824 9737 1 -2 -3 4 5 6 -7 -8 9 10 11 12 -13 14 -15 -16 17 18 -19 20 -21 -22 -23 24 25 -26 27 -28 29 -30 31 32 33 34 -35 -36 -37 -38 39 -40 -41 42 43 44 45 -46 47 48 -49 50 0
uf50-0824 9473 1 -2 3 4 5 -6 -7 -8 9 10 -11 12 -13 14 -15 -16 17 18 -19 20 -21 22 -23 24 25 -26 27 -28 29 -30 31 32 33 34 -35 -36 -37 -38 39 -40 -41 42 43 44 45 -46 47 48 -49 -50 0
uf50-0824 9939 1 -2 -3 4 5 6 -7 -8 9 10 11 12 -13 14 -15 -16 17 18 -19 20 -21 22 -23 24 25 -26 27 -28 29 -30 31 32 33 34 -35 -36 -37 -38 39 -40 -41 42 43 44 45 -46 47 48 -49 50 0
uf50-0824 10074 1 -2 3 4 5 6 -7 -8 9 10 11 12 -13 14 -15 -16 17 18 -19 20 -21 22 -23 24 25 -26 27 -28 29 -30 31 32 33 34 -35 -36 -37 -38 39 -40 -41 42 43 44 45 -46 47 48 -49 50 0
uf50-0824 9428 1 -2 -3 4 5 6 -7 -8 9 10 -11 12 -13 14 -15 -16 17 18 -19 20 -21 -22 -23 24 25 -26 27 -28 29 -30 31 32 33 34 -35 -36 -37 -38 39 -40 -41 42 43 44 45 -46 47 48 -49 50 0
uf50-0824 10074 1 -2 3 4 5 6 -7 -8 9 10 11 12 -13 14 -15 -16 17 18 -19 20 -21 22 -23 24 25 -26 27 -28 29 -30 31 32 33 34 -35 -36 -37 -38 39 -40 -41 42 43 44 45 -46 47 48 -49 50 0
uf50-0824 10074 1 -2 3 4 5 6 -7 -8 9 10 11 12 -13 14 -15 -16 17 18 -19 20 -21 22 -23 24 25 -26 27 -28 29 -30 31 32 33 34 -35 -36 -37 -38 39 -40 -41 42 43 44 45 -46 47 48 -49 50 0
uf50-0824 9599 1 -2 -3 4 5 -6 -7 -8 9 10 -11 12 -13 14 -15 -16 17 18 -19 20 -21 22 -23 24 25 -26 27 -28 29 -30 31 32 33 34 -35 -36 -37 -38 39 -40 -41 42 43 44 45 -46 47 48 -49 50 0
uf50-0824 10043 1 -2 3 4 5 -6 -7 -8 9 10 11 12 -13 14 -15 -16 17 18 -19 20 -21 22 -23 24 25 -26 27 -28 29 -30 31 32 33 34 -35 -36 -37 -38 39 -40 -41 42 43 44 45 -46 47 48 -49 50 0
uf50-0824 10074 1 -2 3 4 5 6 -7 -8 9 10 11 12 -13 14 -15 -16 17 18 -19 20 -21 22 -23 24 25 -26 27 -28 29 -30 31 32 33 34 -35 -36 -37 -38 39 -40 -41 42 43 44 45 -46 47 48 -49 50 0
uf50-0824 9134 1 -2 3 4 5 -6 -7 -8 -9 10 11 -12 -13 14 15 16 17 -18 19 20 -21 22 -23 24 -25 26 27 -28 29 -30 31 -32 33 34 -35 36 -37 -38 39 -40 41 -42 43 44 45 46 47 48 -49 50 0
uf50-0824 10074 1 -2 3 4 5 6 -7 -8 9 10 11 12 -13 14 -15 -16 17 18 -19 20 -21 22 -23 24 25 -26 27 -28 29 -30 31 32 33 34 -35 -36 -37 -38 39 -40 -41 42 43 44 45 -46 47 48 -49 50 0
uf50-0824 10074 1 -2 3 4 5 6 -7 -8 9 10 11 12 -13 14 -15 -16 17 18 -19 20 -21 22 -23 24 25 -26 27 -28 29 -30 31 32 33 34 -35 -36 -37 -38 39 -40 -41 42 43 44 45 -46 47 48 -49 50 0
uf50-0824 10074 1 -2 3 4 5 6 -7 -8 9 10 11 12 -13 14 -15 -16 17 18 -19 20 -21 22 -23 24 25 -26 27 -28 29 -30 31 32 33 34 -35 -36 -37 -38 39 -40 -41 42 43 44 45 -46 47 48 -49 50 0
uf50-0824 9313 1 -2 -3 4 5 6 -7 -8 9 10 -11 12 -13 14 -15 -16 17 18 19 20 -21 -22 -23 24 25 -26 27 -28 29 -30 31 32 33 34 -35 -36 -37 -38 39 -40 -41 42 43 44 45 -46 47 48 -49 -50 0
uf50-0824 10074 1 -2 3 4 5 6 -7 -8 9 10 11 12 -13 14 -15 -16 17 18 -19 20 -21 22 -23 24 25 -26 27 -28 29 -30 31 32 33 34 -35 -36 -37 -38 39 -40 -41 42 43 44 45 -46 47 48 -49 50 0
uf50-0824 10074 1 -2 3 4 5 6 -7 -8 9 10 11 12 -13 14 -15 -16 17 18 -19 20 -21 22 -23 24 25 -26 27 -28 29 -30 31 32 33 34 -35 -36 -37 -38 39 -40 -41 42 43 44 45 -46 47 48 -49 50 0
uf50-0824 9571 1 -2 -3 4 5 -6 -7 -8 9 10 11 12 -13 14 -15 -16 17 18 -19 20 -21 22 -23 24 25 -26 27 -28 29 -30 31 -32 33 34 -35 -36 -37 -38 39 -40 -41 42 43 -44 45 -46 47 48 -49 50 0
uf50-0824 9134 1 -2 3 4 5 -6 -7 -8 -9 10 11 -12 -13 14 15 16 17 -18 19 20 -21 22 -23 24 -25 26 27 -28 29 -30 31 -32 33 34 -35 36 -37 -38 39 -40 41 -42 43 44 45 46 47 48 -49 50 0
uf50-0824 9647 1 -2 -3 4 5 -6 -7 -8 9 10 11 12 -13 14 -15 -16 17 18 -19 20 -21 22 -23 24 25 -26 27 -28 29 -30 31 32 33 34 -35 -36 -37 -38 39 -40 -41 42 43 44 45 -46 47 48 -49 -50 0
uf50-0824 10074 1 -2 3 4 5 6 -7 -8 9 10 11 12 -13 14 -15 -16 17 18 -19 20 -21 22 -23 24 25 -26 27 -28 29 -30 31 32 33 34 -35 -36 -37 -38 39 -40 -41 42 43 44 45 -46 47 48 -49 50 0
uf50-0824 10074 1 -2 3 4 5 6 -7 -8 9 10 11 12 -13 14 -15 -16 17 18 -19 20 -21 22 -23 24 25 -26 27 -28 29 -30 31 32 33 34 -35 -36 -37 -38 39 -40 -41 42 43 44 45 -46 47 48 -49 50 0
uf50-0824 10074 1 -2 3 4 5 6 -7 -8 9 10 11 12 -13 14 -15 -16 17 18 -19 20 -21 22 -23 24 25 -26 27 -28 29 -30 31 32 33 34 -35 -36 -37 -38 39 -40 -41 42 43 44 45 -46 47 48 -49 50 0
uf50-0824 10074 1 -2 3 4 5 6 -7 -8 9 10 11 12 -13 14 -15 -16 17 18 -19 20 -21 22 -23 24 25 -26 27 -28 29 -30 31 32 33 34 -35 -36 -37 -38 39 -40 -41 42 43 44 45 -46 47 48 -49 50 0
uf50-0824 10074 1 -2 3 4 5 6 -7 -8 9 10 11 12 -13 14 -15 -16 17 18 -19 20 -21 22 -23 24 25 -26 27 -28 29 -30 31 32 33 34 -35 -36 -37 -38 39 -40 -41 42 43 44 45 -46 47 48 -49 50 0
uf50-0824 10074 1 -2 3 4 5 6 -7 -8 9 10 11 12 -13 14 -15 -16 17 18 -19 20 -21 22 -23 24 25 -26 27 -28 29 -30 31 32 33 34 -35 -36 -37 -38 39 -40 -41 42 43 44 45 -46 47 48 -49 50 0
uf50-0824 9765 1 -2 3 4 5 6 -7 -8 9 10 -11 12 -13 14 -15 -16 17 18 -19 20 -21 22 -23 24 25 -26 27 -28 29 -30 31 32 33 34 -35 -36 -37 -38 39 -40 -41 42 43 44 45 -46 47 48 -49 50 0
uf50-0824 10074 1 -2 3 4 5 6 -7 -8 9 10 11 12 -13 14 -15 -16 17 18 -19 20 -21 22 -23 24 25 -26 27 -28 29 -30 31 32 33 34 -35 -36 -37 -38 39 -40 -41 42 43 44 45 -46 47 48 -49 50 0
uf50-0824 10074 1 -2 3 4 5 6 -7 -8 9 10 11 12 -13 14 -15 -16 17 18 -19 20 -21 22 -23 24 25 -26 27 -28 29 -30 31 32 33 34 -35 -36 -37 -38 39 -40 -41 42 43 44 45 -46 47 48 -49 50 0
uf50-0824 10074 1 -2 3 4 5 6 -7 -8 9 10 11 12 -13 14 -15 -16 17 18 -19 20 -21 22 -23 24 25 -26 27 -28 29 -30 31 32 33 34 -35 -36 -37 -38 39 -40 -41 42 43 44 45 -46 47 48 -49 50 0
uf50-0824 10074 1 -2 3 4 5 6 -7 -8 9 10 11 12 -13 14 -15 -16 17 18 -19 20 -21 22 -23 24 25 -26 27 -28 29 -30 31 32 33 34 -35 -36 -37 -38 39 -40 -41 42 43 44 45 -46 47 48 -49 50 0
uf50-0824 10074 1 -2 3 4 5 6 -7 -8 9 10 11 12 -13 14 -15 -16 17 18 -19 20 -21 22 -23 24 25 -26 27 -28 29 -30 31 32 33 34 -35 -36 -37 -38 39 -40 -41 42 43 44 45 -46 47 48 -49 50 0
uf50-0824 10074 1 -2 3 4 5 6 -7 -8 9 10 11 12 -13 14 -15 -16 17 18 -19 20 -21 22 -23 24 25 -26 27 -28 29 -30 31 32 33 34 -35 -36 -37 -38 39 -40 -41 42 43 44 45 -46 47 48 -49 50 0
uf50-0824 9134 1 -2 3 4 5 -6 -7 -8 -9 10 11 -12 -13 14 15 16 17 -18 19 20 -21 22 -23 24 -25 26 27 -28 29 -30 31 -32 33 34 -35 36 -37 -38 39 -40 41 -42 43 44 45 46 47 48 -49 50 0
uf50-0824 10074 1 -2 3 4 5 6 -7 -8 9 10 11 12 -13 14 -15 -16 17 18 -19 20 -21 22 -23 24 25 -26 27 -28 29 -30 31 32 33 34 -35 -36 -37 -38 39 -40 -41 42 43 44 45 -46 47 48 -49 50 0
uf50-0824 9782 1 -2 3 4 5 -6 -7 -8 9 10 11 12 -13 14 -15 -16 17 18 -19 20 -21 22 -23 24 25 -26 27 -28 29 -30 31 32 33 34 -35 -36 -37 -38 39 -40 -41 42 43 44 45 -46 47 48 -49 -50 0
uf50-0824 9813 1 -2 3 4 5 6 -7 -8 9 10 11 12 -13 14 -15 -16 17 18 -19 20 -21 22 -23 24 25 -26 27 -28 29 -30 31 32 33 34 -35 -36 -37 -38 39 -40 -41 42 43 44 45 -46 47 48 -49 -50 0
uf50-0824 10074 1 -2 3 4 5 6 -7 -8 9 10 11 12 -13 14 -15 -16 17 18 -19 20 -21 22 -23 24 25 -26 27 -28 29 -30 31 32 33 34 -35 -36 -37 -38 39 -40 -41 42 43 44 45 -46 47 48 -49 50 0
uf50-0824 9134 1 -2 3 4 5 -6 -7 -8 -9 10 11 -12 -13 14 15 16 17 -18 19 20 -21 22 -23 24 -25 26 27 -28 29 -30 31 -32 33 34 -35 36 -37 -38 39 -40 41 -42 43 44 45 46 47 48 -49 50 0
uf50-0824 9765 1 -2 3 4 5 6 -7 -8 9 10 -11 12 -13 14 -15 -16 17 18 -19 20 -21 22 -23 24 25 -26 27 -28 29 -30 31 32 33 34 -35 -36 -37 -38 39 -40 -41 42 43 44 45 -46 47 48 -49 50 0
uf50-0824 10074 1 -2 3 4 5 6 -7 -8 9 10 11 12 -13 14 -15 -16 17 18 -19 20 -21 22 -23 24 25 -26 27 -28 29 -30 31 32 33 34 -35 -36 -37 -38 39 -40 -41 42 43 44 45 -46 47 48 -49 50 0
uf50-0824 10074 1 -2 3 4 5 6 -7 -8 9 10 11 12 -13 14 -15 -16 17 18 -19 20 -21 22 -23 24 25 -26 27 -28 29 -30 31 32 33 34 -35 -36 -37 -38 39 -40 -41 42 43 44 45 -46 47 48 -49 50 0
uf50-0824 10074 1 -2 3 4 5 6 -7 -8 9 10 11 12 -13 14 -15 -16 17 18 -19 20 -21 22 -23 24 25 -26 27 -28 29 -30 31 32 33 34 -35 -36 -37 -38 39 -40 -41 42 43 44 45 -46 47 48 -49 50 0
uf50-0824 10043 1 -2 3 4 5 -6 -7 -8 9 10 11 12 -13 14 -15 -16 17 18 -19 20 -21 22 -23 24 25 -26 27 -28 29 -30 31 32 33 34 -35 -36 -37 -38 39 -40 -41 42 43 44 45 -46 47 48 -49 50 0
uf50-0824 9134 1 -2 3 4 5 -6 -7 -8 -9 10 11 -12 -13 14 15 16 17 -18 19 20 -21 22 -23 24 -25 26 27 -28 29 -30 31 -32 33 34 -35 36 -37 -38 39 -40 41 -42 43 44 45 46 47 48 -49 50 0
uf50-0824 9134 1 -2 3 4 5 -6 -7 -8 -9 10 11 -12 -13 14 15 16 17 -18 19 20 -21 22 -23 24 -25 26 27 -28 29 -30 31 -32 33 34 -35 36 -37 -38 39 -40 41 -42 43 44 45 46 47 48 -49 50 0
uf50-0824 10074 1 -2 3 4 5 6 -7 -8 9 10 11 12 -13 14 -15 -16 17 18 -19 20 -21 22 -23 24 25 -26 27 -28 29 -30 31 32 33 34 -35 -36 -37 -38 39 -40 -41 42 43 44 45 -46 47 48 -49 50 0
uf50-0824 10074 1 -2 3 4 5 6 -7 -8 9 10 11 12 -13 14 -15 -16 17 18 -19 20 -21 22 -23 24 25 -26 27 -28 29 -30 31 32 33 34 -35 -36 -37 -38 39 -40 -41 42 43 44 45 -46 47 48 -49 50 0
uf50-0824 10074 1 -2 3 4 5 6 -7 -8 9 10 11 12 -13 14 -15 -16 17 18 -19 20 -21 22 -23 24 25 -26 27 -28 29 -30 31 32 33 34 -35 -36 -37 -38 39 -40 -41 42 43 44 45 -46 47 48 -49 50 0
uf50-0824 9765 1 -2 3 4 5 6 -7 -8 9 10 -11 12 -13 14 -15 -16 17 18 -19 20 -21 22 -23 24 25 -26 27 -28 29 -30 31 32 33 34 -35 -36 -37 -38 39 -40 -41 42 43 44 45 -46 47 48 -49 50 0
uf50-0824 9787 1 -2 -3 4 5 -6 -7 -8 9 10 11 12 -13 14 -15 -16 17 18 19 20 -21 -22 -23 24 25 -26 27 -28 29 -30 31 -32 33 34 -35 -36 -37 -38 39 -40 -41 42 43 44 45 -46 47 48 -49 50 0
uf50-0824 9134 1 -2 3 4 5 -6 -7 -8 -9 10 11 -12 -13 14 15 16 17 -18 19 20 -21 22 -23 24 -25 26 27 -28 29 -30 31 -32 33 34 -35 36 -37 -38 39 -40 41 -42 43 44 45 46 47 48 -49 50 0
uf50-0824 9170 1 -2 -3 4 5 -6 -7 -8 9 10 11 12 -13 14 -15 -16 17 18 19 20 -21 -22 -23 24 25 -26 27 -28 29 -30 31 32 -33 34 -35 -36 -37 -38 39 -40 -41 42 43 44 45 -46 47 48 -49 -50 0
uf50-0824 9445 1 -2 3 4 5 -6 -7 -8 9 10 11 12 -13 14 -15 -16 17 18 -19 20 -21 22 -23 24 25 -26 27 -28 29 -30 31 -32 33 34 -35 -36 -37 -38 39 -40 -41 42 43 -44 45 -46 47 48 -49 -50 0
uf50-0824 10074 1 -2 3 4 5 6 -7 -8 9 10 11 12 -13 14 -15 -16 17 18 -19 20 -21 22 -23 24 25 -26 27 -28 29 -30 31 32 33 34 -35 -36 -37 -38 39 -40 -41 42 43 44 45 -46 47 48 -49 50 0
uf50-0824 10074 1 -2 3 4 5 6 -7 -8 9 10 11 12 -13 14 -15 -16 17 18 -19 20 -21 22 -23 24 25 -26 27 -28 29 -30 31 32 33 34 -35 -36 -37 -38 39 -40 -41 42 43 44 45 -46 47 48 -49 50 0
uf50-0824 10074 1 -2 3 4 5 6 -7 -8 9 10 11 12 -13 14 -15 -16 17 18 -19 20 -21 22 -23 24 25 -26 27 -28 29 -30 31 32 33 34 -35 -36 -37 -38 39 -40 -41 42 43 44 45 -46 47 48 -49 50 0
uf50-0824 9841 1 -2 3 4 5 -6 -7 -8 9 10 11 12 -13 14 -15 -16 17 18 -19 20 -21 -22 -23 24 25 -26 27 -28 29 -30 31 32 33 34 -35 -36 -37 -38 39 -40 -41 42 43 44 45 -46 47 48 -49 50 0
uf50-0824 9630 1 -2 -3 4 5 6 -7 -8 9 10 -11 12 -13 14 -15 -16 17 18 -19 20 -21 22 -23 24 25 -26 27 -28 29 -30 31 32 33 34 -35 -36 -37 -38 39 -40 -41 42 43 44 45 -46 47 48 -49 50 0
uf50-0824 10074 1 -2 3 4 5 6 -7 -8 9 10 11 12 -13 14 -15 -16 17 18 -19 20 -21 22 -23 24 25 -26 27 -28 29 -30 31 32 33 34 -35 -36 -37 -38 39 -40 -41 42 43 44 45 -46 47 48 -49 50 0
uf50-0824 10074 1 -2 3 4 5 6 -7 -8 9 10 11 12 -13 14 -15 -16 17 18 -19 20 -21 22 -23 24 25 -26 27 -28 29 -30 31 32 33 34 -35 -36 -37 -38 39 -40 -41 42 43 44 45 -46 47 48 -49 50 0
uf50-0824 9352 1 -2 3 4 5 -6 -7 -8 9 10 -11 12 -13 14 -15 -16 17 18 19 20 -21 -22 -23 24 25 -26 27 -28 29 -30 31 -32 33 34 -35 -36 -37 -38 39 -40 -41 42 43 44 45 -46 47 48 -49 -50 0
uf50-0824 9134 1 -2 3 4 5 -6 -7 -8 -9 10 11 -12 -13 14 15 16 17 -18 19 20 -21 22 -23 24 -25 26 27 -28 29 -30 31 -32 33 34 -35 36 -37 -38 39 -40 41 -42 43 44 45 46 47 48 -49 50 0
uf50-0824 10074 1 -2 3 4 5 6 -7 -8 9 10 11 12 -13 14 -15 -16 17 18 -19 20 -21 22 -23 24 25 -26 27 -28 29 -30 31 32 33 34 -35 -36 -37 -38 39 -40 -41 42 43 44 45 -46 47 48 -49 50 0
uf50-0824 10074 1 -2 3 4 5 6 -7 -8 9 10 11 12 -13 14 -15 -16 17 18 -19 20 -21 22 -23 24 25 -26 27 -28 29 -30 31 32 33 34 -35 -36 -37 -38 39 -40 -41 42 43 44 45 -46 47 48 -49 50 0
uf50-0824 10074 1 -2 3 4 5 6 -7 -8 9 10 11 12 -13 14 -15 -16 17 18 -19 20 -21 22 -23 24 25 -26 27 -28 29 -30 31 32 33 34 -35 -36 -37 -38 39 -40 -41 42 43 44 45 -46 47 48 -49 50 0
uf50-0824 10074 1 -2 3 4 5 6 -7 -8 9 10 11 12 -13 14 -15 -16 17 18 -19 20 -21 22 -23 24 25 -26 27 -28 29 -30 31 32 33 34 -35 -36 -37 -38 39 -40 -41 42 43 44 45 -46 47 48 -49 50 0
uf50-0824 10074 1 -2 3 4 5 6 -7 -8 9 10 11 12 -13 14 -15 -16 17 18 -19 20 -21 22 -23 24 25 -26 27 -28 29 -30 31 32 33 34 -35 -36 -37 -38 39 -40 -41 42 43 44 45 -46 47 48 -49 50 0
uf50-0824 9939 1 -2 -3 4 5 6 -7 -8 9 10 11 12 -13 14 -15 -16 17 18 -19 20 -21 22 -23 24 25 -26 27 -28 29 -30 31 32 33 34 -35 -36 -37 -38 39 -40 -41 42 43 44 45 -46 47 48 -49 50 0
uf50-0824 10074 1 -2 3 4 5 6 -7 -8 9 10 11 12 -13 14 -15 -16 17 18 -19 20 -21 22 -23 24 25 -26 27 -28 29 -30 31 32 33 34 -35 -36 -37 -38 39 -40 -41 42 43 44 45 -46 47 48 -49 50 0
uf50-0824 9609 1 -2 -3 4 5 -6 -7 -8 9 10 11 12 -13 14 -15 -16 17 18 -19 20 -21 22 -23 24 25 -26 27 -28 29 -30 31 -32 33 34 -35 -36 -37 -38 39 -40 -41 42 -43 44 45 -46 47 48 -49 50 0
uf50-0824 10074 1 -2 3 4 5 6 -7 -8 9 10 11 12 -13 14 -15 -16 17 18 -19 20 -21 22 -23 24 25 -26 27 -28 29 -30 31 32 33 34 -35 -36 -37 -38 39 -40 -41 42 43 44 45 -46 47 48 -49 50 0
uf50-0824 9717 1 -2 3 4 5 -6 -7 -8 9 10 11 12 -13 14 -15 -16 17 18 -19 20 -21 22 -23 24 25 -26 27 -28 29 -30 31 -32 33 34 -35 -36 -37 -38 39 -40 -41 42 43 44 45 -46 47 48 -49 -50 0
uf50-0824 9939 1 -2 -3 4 5 6 -7 -8 9 10 11 12 -13 14 -15 -16 17 18 -19 20 -21 22 -23 24 25 -26 27 -28 29 -30 31 32 33 34 -35 -36 -37 -38 39 -40 -41 42 43 44 45 -46 47 48 -49 50 0
uf50-0824 10074 1 -2 3 4 5 6 -7 -8 9 10 11 12 -13 14 -15 -16 17 18 -19 20 -21 22 -23 24 25 -26 27 -28 29 -30 31 32 33 34 -35 -36 -37 -38 39 -40 -41 42 43 44 45 -46 47 48 -49 50 0
uf50-0824 9134 1 -2 3 4 5 -6 -7 -8 -9 10 11 -12 -13 14 15 16 17 -18 19 20 -21 22 -23 24 -25 26 27 -28 29 -30 31 -32 33 34 -35 36 -37 -38 39 -40 41 -42 43 44 45 46 47 48 -49 50 0
uf50-0824 9813 1 -2 3 4 5 6 -7 -8 9 10 11 12 -13 14 -15 -16 17 18 -19 20 -21 22 -23 24 25 -26 27 -28 29 -30 31 32 33 34 -35 -36 -37 -38 39 -40 -41 42 43 44 45 -46 47 48 -49 -50 0
uf50-0824 10074 1 -2 3 4 5 6 -7 -8 9 10 11 12 -13 14 -15 -16 17 18 -19 20 -21 22 -23 24 25 -26 27 -28 29 -30 31 32 33 34 -35 -36 -37 -38 39 -40 -41 42 43 44 45 -46 47 48 -49 50 0
uf50-0824 10074 1 -2 3 4 5 6 -7 -8 9 10 11 12 -13 14 -15 -16 17 18 -19 20 -21 22 -23 24 25 -26 27 -28 29 -30 31 32 33 34 -35 -36 -37 -38 39 -40 -41 42 43 44 45 -46 47 48 -49 50 0
uf50-0824 10074 1 -2 3 4 5 6 -7 -8 9 10 11 12 -13 14 -15 -16 17 18 -19 20 -21 22 -23 24 25 -26 27 -28 29 -30 31 32 33 34 -35 -36 -37 -38 39 -40 -41 42 43 44 45 -46 47 48 -49 50 0
