uf20-0528 90 0
uf20-0528 90 0
uf20-0528 4068 -1 -2 -3 4 -5 6 -7 8 -9 10 11 -12 13 -14 -15 16 17 -18 19 -20 0
uf20-0528 90 0
uf20-0528 89 0
uf20-0528 90 0
uf20-0528 89 0
uf20-0528 4068 -1 -2 -3 4 -5 6 -7 8 -9 10 11 -12 13 -14 -15 16 17 -18 19 -20 0
uf20-0528 89 0
uf20-0528 89 0
uf20-0528 90 0
uf20-0528 90 0
uf20-0528 4068 -1 -2 -3 4 -5 6 -7 8 -9 10 11 -12 13 -14 -15 16 17 -18 19 -20 0
uf20-0528 4068 -1 -2 -3 4 -5 6 -7 8 -9 10 11 -12 13 -14 -15 16 17 -18 19 -20 0
uf20-0528 89 0
uf20-0528 90 0
uf20-0528 89 0
uf20-0528 90 0
uf20-0528 4068 -1 -2 -3 4 -5 6 -7 8 -9 10 11 -12 13 -14 -15 16 17 -18 19 -20 0
uf20-0528 90 0
uf20-0528 90 0
uf20-0528 89 0
uf20-0528 90 0
uf20-0528 89 0
uf20-0528 89 0
uf20-0528 89 0
uf20-0528 89 0
uf20-0528 90 0
uf20-0528 89 0
uf20-0528 90 0
uf20-0528 89 0
uf20-0528 4068 -1 -2 -3 4 -5 6 -7 8 -9 10 11 -12 13 -14 -15 16 17 -18 19 -20 0
uf20-0528 89 0
uf20-0528 89 0
uf20-0528 4068 -1 -2 -3 4 -5 6 -7 8 -9 10 11 -12 13 -14 -15 16 17 -18 19 -20 0
uf20-0528 89 0
uf20-0528 89 0
uf20-0528 89 0
uf20-0528 89 0
uf20-0528 90 0
uf20-0528 89 0
uf20-0528 90 0
uf20-0528 89 0
uf20-0528 89 0
uf20-0528 89 0
uf20-0528 90 0
uf20-0528 89 0
uf20-0528 89 0
uf20-0528 89 0
uf20-0528 89 0
