uf20-0542 53720 1 2 3 4 5 6 7 8 9 -10 -11 12 -13 14 15 -16 -17 18 19 20 0
uf20-0542 53720 1 2 3 4 5 6 7 8 9 -10 -11 12 -13 14 15 -16 -17 18 19 20 0
uf20-0542 53720 1 2 3 4 5 6 7 8 9 -10 -11 12 -13 14 15 -16 -17 18 19 20 0
uf20-0542 53720 1 2 3 4 5 6 7 8 9 -10 -11 12 -13 14 15 -16 -17 18 19 20 0
uf20-0542 53720 1 2 3 4 5 6 7 8 9 -10 -11 12 -13 14 15 -16 -17 18 19 20 0
uf20-0542 53720 1 2 3 4 5 6 7 8 9 -10 -11 12 -13 14 15 -16 -17 18 19 20 0
uf20-0542 53720 1 2 3 4 5 6 7 8 9 -10 -11 12 -13 14 15 -16 -17 18 19 20 0
uf20-0542 53720 1 2 3 4 5 6 7 8 9 -10 -11 12 -13 14 15 -16 -17 18 19 20 0
uf20-0542 53720 1 2 3 4 5 6 7 8 9 -10 -11 12 -13 14 15 -16 -17 18 19 20 0
uf20-0542 53720 1 2 3 4 5 6 7 8 9 -10 -11 12 -13 14 15 -16 -17 18 19 20 0
uf20-0542 53720 1 2 3 4 5 6 7 8 9 -10 -11 12 -13 14 15 -16 -17 18 19 20 0
uf20-0542 53720 1 2 3 4 5 6 7 8 9 -10 -11 12 -13 14 15 -16 -17 18 19 20 0
uf20-0542 53720 1 2 3 4 5 6 7 8 9 -10 -11 12 -13 14 15 -16 -17 18 19 20 0
uf20-0542 53720 1 2 3 4 5 6 7 8 9 -10 -11 12 -13 14 15 -16 -17 18 19 20 0
uf20-0542 53720 1 2 3 4 5 6 7 8 9 -10 -11 12 -13 14 15 -16 -17 18 19 20 0
uf20-0542 53720 1 2 3 4 5 6 7 8 9 -10 -11 12 -13 14 15 -16 -17 18 19 20 0
uf20-0542 53720 1 2 3 4 5 6 7 8 9 -10 -11 12 -13 14 15 -16 -17 18 19 20 0
uf20-0542 53720 1 2 3 4 5 6 7 8 9 -10 -11 12 -13 14 15 -16 -17 18 19 20 0
uf20-0542 53720 1 2 3 4 5 6 7 8 9 -10 -11 12 -13 14 15 -16 -17 18 19 20 0
uf20-0542 53720 1 2 3 4 5 6 7 8 9 -10 -11 12 -13 14 15 -16 -17 18 19 20 0
uf20-0542 53720 1 2 3 4 5 6 7 8 9 -10 -11 12 -13 14 15 -16 -17 18 19 20 0
uf20-0542 53720 1 2 3 4 5 6 7 8 9 -10 -11 12 -13 14 15 -16 -17 18 19 20 0
uf20-0542 53720 1 2 3 4 5 6 7 8 9 -10 -11 12 -13 14 15 -16 -17 18 19 20 0
uf20-0542 53720 1 2 3 4 5 6 7 8 9 -10 -11 12 -13 14 15 -16 -17 18 19 20 0
uf20-0542 53720 1 2 3 4 5 6 7 8 9 -10 -11 12 -13 14 15 -16 -17 18 19 20 0
uf20-0542 53720 1 2 3 4 5 6 7 8 9 -10 -11 12 -13 14 15 -16 -17 18 19 20 0
uf20-0542 53720 1 2 3 4 5 6 7 8 9 -10 -11 12 -13 14 15 -16 -17 18 19 20 0
uf20-0542 53720 1 2 3 4 5 6 7 8 9 -10 -11 12 -13 14 15 -16 -17 18 19 20 0
uf20-0542 53720 1 2 3 4 5 6 7 8 9 -10 -11 12 -13 14 15 -16 -17 18 19 20 0
uf20-0542 53720 1 2 3 4 5 6 7 8 9 -10 -11 12 -13 14 15 -16 -17 18 19 20 0
uf20-0542 53720 1 2 3 4 5 6 7 8 9 -10 -11 12 -13 14 15 -16 -17 18 19 20 0
uf20-0542 53720 1 2 3 4 5 6 7 8 9 -10 -11 12 -13 14 15 -16 -17 18 19 20 0
uf20-0542 53720 1 2 3 4 5 6 7 8 9 -10 -11 12 -13 14 15 -16 -17 18 19 20 0
uf20-0542 53720 1 2 3 4 5 6 7 8 9 -10 -11 12 -13 14 15 -16 -17 18 19 20 0
uf20-0542 53720 1 2 3 4 5 6 7 8 9 -10 -11 12 -13 14 15 -16 -17 18 19 20 0
uf20-0542 53720 1 2 3 4 5 6 7 8 9 -10 -11 12 -13 14 15 -16 -17 18 19 20 0
uf20-0542 53720 1 2 3 4 5 6 7 8 9 -10 -11 12 -13 14 15 -16 -17 18 19 20 0
uf20-0542 53720 1 2 3 4 5 6 7 8 9 -10 -11 12 -13 14 15 -16 -17 18 19 20 0
uf20-0542 53720 1 2 3 4 5 6 7 8 9 -10 -11 12 -13 14 15 -16 -17 18 19 20 0
uf20-0542 53720 1 2 3 4 5 6 7 8 9 -10 -11 12 -13 14 15 -16 -17 18 19 20 0
uf20-0542 53720 1 2 3 4 5 6 7 8 9 -10 -11 12 -13 14 15 -16 -17 18 19 20 0
uf20-0542 53720 1 2 3 4 5 6 7 8 9 -10 -11 12 -13 14 15 -16 -17 18 19 20 0
uf20-0542 53720 1 2 3 4 5 6 7 8 9 -10 -11 12 -13 14 15 -16 -17 18 19 20 0
uf20-0542 53720 1 2 3 4 5 6 7 8 9 -10 -11 12 -13 14 15 -16 -17 18 19 20 0
uf20-0542 53720 1 2 3 4 5 6 7 8 9 -10 -11 12 -13 14 15 -16 -17 18 19 20 0
uf20-0542 53381 1 2 3 4 5 6 7 8 9 -10 11 -12 -13 14 15 -16 -17 18 19 20 0
uf20-0542 53720 1 2 3 4 5 6 7 8 9 -10 -11 12 -13 14 15 -16 -17 18 19 20 0
uf20-0542 53720 1 2 3 4 5 6 7 8 9 -10 -11 12 -13 14 15 -16 -17 18 19 20 0
uf20-0542 53720 1 2 3 4 5 6 7 8 9 -10 -11 12 -13 14 15 -16 -17 18 19 20 0
uf20-0542 53720 1 2 3 4 5 6 7 8 9 -10 -11 12 -13 14 15 -16 -17 18 19 20 0
uf20-0542 53720 1 2 3 4 5 6 7 8 9 -10 -11 12 -13 14 15 -16 -17 18 19 20 0
uf20-0542 53720 1 2 3 4 5 6 7 8 9 -10 -11 12 -13 14 15 -16 -17 18 19 20 0
uf20-0542 53720 1 2 3 4 5 6 7 8 9 -10 -11 12 -13 14 15 -16 -17 18 19 20 0
uf20-0542 53720 1 2 3 4 5 6 7 8 9 -10 -11 12 -13 14 15 -16 -17 18 19 20 0
uf20-0542 53720 1 2 3 4 5 6 7 8 9 -10 -11 12 -13 14 15 -16 -17 18 19 20 0
uf20-0542 53720 1 2 3 4 5 6 7 8 9 -10 -11 12 -13 14 15 -16 -17 18 19 20 0
uf20-0542 52343 -1 2 3 4 5 6 7 8 9 -10 -11 12 -13 14 15 -16 -17 18 19 20 0
uf20-0542 53720 1 2 3 4 5 6 7 8 9 -10 -11 12 -13 14 15 -16 -17 18 19 20 0
uf20-0542 53720 1 2 3 4 5 6 7 8 9 -10 -11 12 -13 14 15 -16 -17 18 19 20 0
uf20-0542 53720 1 2 3 4 5 6 7 8 9 -10 -11 12 -13 14 15 -16 -17 18 19 20 0
uf20-0542 53720 1 2 3 4 5 6 7 8 9 -10 -11 12 -13 14 15 -16 -17 18 19 20 0
uf20-0542 53720 1 2 3 4 5 6 7 8 9 -10 -11 12 -13 14 15 -16 -17 18 19 20 0
uf20-0542 53720 1 2 3 4 5 6 7 8 9 -10 -11 12 -13 14 15 -16 -17 18 19 20 0
uf20-0542 53720 1 2 3 4 5 6 7 8 9 -10 -11 12 -13 14 15 -16 -17 18 19 20 0
uf20-0542 53720 1 2 3 4 5 6 7 8 9 -10 -11 12 -13 14 15 -16 -17 18 19 20 0
uf20-0542 53720 1 2 3 4 5 6 7 8 9 -10 -11 12 -13 14 15 -16 -17 18 19 20 0
uf20-0542 53720 1 2 3 4 5 6 7 8 9 -10 -11 12 -13 14 15 -16 -17 18 19 20 0
uf20-0542 53720 1 2 3 4 5 6 7 8 9 -10 -11 12 -13 14 15 -16 -17 18 19 20 0
uf20-0542 53720 1 2 3 4 5 6 7 8 9 -10 -11 12 -13 14 15 -16 -17 18 19 20 0
uf20-0542 53720 1 2 3 4 5 6 7 8 9 -10 -11 12 -13 14 15 -16 -17 18 19 20 0
uf20-0542 53720 1 2 3 4 5 6 7 8 9 -10 -11 12 -13 14 15 -16 -17 18 19 20 0
uf20-0542 53720 1 2 3 4 5 6 7 8 9 -10 -11 12 -13 14 15 -16 -17 18 19 20 0
uf20-0542 53720 1 2 3 4 5 6 7 8 9 -10 -11 12 -13 14 15 -16 -17 18 19 20 0
uf20-0542 53720 1 2 3 4 5 6 7 8 9 -10 -11 12 -13 14 15 -16 -17 18 19 20 0
uf20-0542 53720 1 2 3 4 5 6 7 8 9 -10 -11 12 -13 14 15 -16 -17 18 19 20 0
uf20-0542 53720 1 2 3 4 5 6 7 8 9 -10 -11 12 -13 14 15 -16 -17 18 19 20 0
uf20-0542 53720 1 2 3 4 5 6 7 8 9 -10 -11 12 -13 14 15 -16 -17 18 19 20 0
uf20-0542 53720 1 2 3 4 5 6 7 8 9 -10 -11 12 -13 14 15 -16 -17 18 19 20 0
uf20-0542 53720 1 2 3 4 5 6 7 8 9 -10 -11 12 -13 14 15 -16 -17 18 19 20 0
uf20-0542 53720 1 2 3 4 5 6 7 8 9 -10 -11 12 -13 14 15 -16 -17 18 19 20 0
uf20-0542 53720 1 2 3 4 5 6 7 8 9 -10 -11 12 -13 14 15 -16 -17 18 19 20 0
uf20-0542 53720 1 2 3 4 5 6 7 8 9 -10 -11 12 -13 14 15 -16 -17 18 19 20 0
uf20-0542 53720 1 2 3 4 5 6 7 8 9 -10 -11 12 -13 14 15 -16 -17 18 19 20 0
uf20-0542 53720 1 2 3 4 5 6 7 8 9 -10 -11 12 -13 14 15 -16 -17 18 19 20 0
uf20-0542 53720 1 2 3 4 5 6 7 8 9 -10 -11 12 -13 14 15 -16 -17 18 19 20 0
uf20-0542 53720 1 2 3 4 5 6 7 8 9 -10 -11 12 -13 14 15 -16 -17 18 19 20 0
uf20-0542 53720 1 2 3 4 5 6 7 8 9 -10 -11 12 -13 14 15 -16 -17 18 19 20 0
uf20-0542 53720 1 2 3 4 5 6 7 8 9 -10 -11 12 -13 14 15 -16 -17 18 19 20 0
uf20-0542 53720 1 2 3 4 5 6 7 8 9 -10 -11 12 -13 14 15 -16 -17 18 19 20 0
uf20-0542 53720 1 2 3 4 5 6 7 8 9 -10 -11 12 -13 14 15 -16 -17 18 19 20 0
uf20-0542 53720 1 2 3 4 5 6 7 8 9 -10 -11 12 -13 14 15 -16 -17 18 19 20 0
uf20-0542 53720 1 2 3 4 5 6 7 8 9 -10 -11 12 -13 14 15 -16 -17 18 19 20 0
uf20-0542 53720 1 2 3 4 5 6 7 8 9 -10 -11 12 -13 14 15 -16 -17 18 19 20 0
uf20-0542 53720 1 2 3 4 5 6 7 8 9 -10 -11 12 -13 14 15 -16 -17 18 19 20 0
uf20-0542 53720 1 2 3 4 5 6 7 8 9 -10 -11 12 -13 14 15 -16 -17 18 19 20 0
uf20-0542 53720 1 2 3 4 5 6 7 8 9 -10 -11 12 -13 14 15 -16 -17 18 19 20 0
uf20-0542 53720 1 2 3 4 5 6 7 8 9 -10 -11 12 -13 14 15 -16 -17 18 19 20 0
uf20-0542 53720 1 2 3 4 5 6 7 8 9 -10 -11 12 -13 14 15 -16 -17 18 19 20 0
uf20-0542 53720 1 2 3 4 5 6 7 8 9 -10 -11 12 -13 14 15 -16 -17 18 19 20 0
uf20-0542 53720 1 2 3 4 5 6 7 8 9 -10 -11 12 -13 14 15 -16 -17 18 19 20 0
