uf50-0644 217 0
uf50-0644 217 0
uf50-0644 8567 1 -2 -3 4 5 -6 -7 8 9 -10 11 12 13 14 15 16 17 18 -19 -20 21 22 -23 -24 -25 -26 27 -28 -29 30 31 32 -33 -34 -35 36 -37 38 -39 -40 41 42 -43 -44 -45 46 -47 48 -49 50 0
uf50-0644 217 0
uf50-0644 216 0
uf50-0644 8920 1 -2 -3 4 5 -6 -7 8 9 -10 11 12 -13 14 15 16 17 18 19 -20 21 22 -23 -24 -25 -26 -27 -28 29 30 31 32 33 34 35 -36 -37 38 -39 -40 41 42 43 -44 -45 46 -47 48 -49 50 0
uf50-0644 9028 1 -2 -3 4 5 -6 7 8 9 -10 11 12 -13 14 15 16 17 18 19 -20 21 22 -23 -24 -25 -26 -27 -28 29 30 31 32 33 34 35 -36 -37 38 -39 -40 41 42 43 44 -45 46 -47 48 -49 50 0
uf50-0644 217 0
uf50-0644 217 0
uf50-0644 217 0
uf50-0644 217 0
uf50-0644 216 0
uf50-0644 217 0
uf50-0644 8867 1 -2 -3 4 5 -6 7 8 9 -10 11 12 -13 14 15 16 17 -18 19 -20 21 22 -23 -24 -25 -26 -27 -28 29 30 31 32 33 34 35 -36 -37 38 -39 40 41 42 43 44 -45 46 -47 48 -49 50 0
uf50-0644 217 0
uf50-0644 8776 1 -2 -3 4 5 -6 7 8 9 10 11 12 -13 14 15 16 17 -18 19 -20 21 22 -23 -24 -25 -26 -27 -28 -29 30 31 32 33 34 35 -36 -37 38 -39 -40 41 42 43 44 -45 46 -47 48 -49 50 0
uf50-0644 9028 1 -2 -3 4 5 -6 7 8 9 -10 11 12 -13 14 15 16 17 18 19 -20 21 22 -23 -24 -25 -26 -27 -28 29 30 31 32 33 34 35 -36 -37 38 -39 -40 41 42 43 44 -45 46 -47 48 -49 50 0
uf50-0644 8996 1 -2 -3 4 5 -6 7 8 9 10 11 12 -13 14 15 16 17 -18 19 -20 21 22 -23 -24 -25 -26 -27 -28 29 30 31 32 33 34 35 -36 -37 38 -39 40 41 42 43 44 -45 46 -47 48 -49 50 0
uf50-0644 217 0
uf50-0644 217 0
uf50-0644 217 0
uf50-0644 8867 1 -2 -3 4 5 -6 7 8 9 10 11 12 -13 14 15 16 17 -18 19 -20 21 22 -23 -24 -25 -26 -27 -28 -29 30 31 32 33 34 35 -36 -37 38 -39 40 41 42 43 44 -45 46 -47 48 -49 50 0
uf50-0644 217 0
uf50-0644 8867 1 -2 -3 4 5 -6 7 8 9 -10 11 12 -13 14 15 16 17 -18 19 -20 21 22 -23 -24 -25 -26 -27 -28 29 30 31 32 33 34 35 -36 -37 38 -39 40 41 42 43 44 -45 46 -47 48 -49 50 0
uf50-0644 217 0
uf50-0644 217 0
uf50-0644 217 0
uf50-0644 217 0
uf50-0644 217 0
uf50-0644 217 0
uf50-0644 217 0
uf50-0644 8996 1 -2 -3 4 5 -6 7 8 9 10 11 12 -13 14 15 16 17 -18 19 -20 21 22 -23 -24 -25 -26 -27 -28 29 30 31 32 33 34 35 -36 -37 38 -39 40 41 42 43 44 -45 46 -47 48 -49 50 0
uf50-0644 8668 1 -2 -3 4 5 -6 -7 8 9 -10 11 12 -13 14 15 16 17 -18 19 -20 21 22 -23 -24 -25 -26 -27 -28 29 30 31 32 33 34 35 -36 -37 38 -39 -40 41 42 43 -44 -45 46 -47 48 -49 50 0
uf50-0644 8996 1 -2 -3 4 5 -6 7 8 9 10 11 12 -13 14 15 16 17 -18 19 -20 21 22 -23 -24 -25 -26 -27 -28 29 30 31 32 33 34 35 -36 -37 38 -39 40 41 42 43 44 -45 46 -47 48 -49 50 0
uf50-0644 9028 1 -2 -3 4 5 -6 7 8 9 -10 11 12 -13 14 15 16 17 18 19 -20 21 22 -23 -24 -25 -26 -27 -28 29 30 31 32 33 34 35 -36 -37 38 -39 -40 41 42 43 44 -45 46 -47 48 -49 50 0
uf50-0644 217 0
uf50-0644 8851 1 -2 -3 4 5 -6 7 8 9 10 11 12 -13 14 15 16 17 -18 19 -20 21 22 -23 -24 -25 -26 -27 -28 29 30 31 32 33 34 35 -36 -37 38 -39 -40 41 42 43 -44 -45 46 -47 48 -49 50 0
uf50-0644 216 0
uf50-0644 8996 1 -2 -3 4 5 -6 7 8 9 10 11 12 -13 14 15 16 17 -18 19 -20 21 22 -23 -24 -25 -26 -27 -28 29 30 31 32 33 34 35 -36 -37 38 -39 40 41 42 43 44 -45 46 -47 48 -49 50 0
uf50-0644 8996 1 -2 -3 4 5 -6 7 8 9 10 11 12 -13 14 15 16 17 -18 19 -20 21 22 -23 -24 -25 -26 -27 -28 29 30 31 32 33 34 35 -36 -37 38 -39 40 41 42 43 44 -45 46 -47 48 -49 50 0
uf50-0644 217 0
uf50-0644 8996 1 -2 -3 4 5 -6 7 8 9 10 11 12 -13 14 15 16 17 -18 19 -20 21 22 -23 -24 -25 -26 -27 -28 29 30 31 32 33 34 35 -36 -37 38 -39 40 41 42 43 44 -45 46 -47 48 -49 50 0
uf50-0644 217 0
uf50-0644 8905 1 -2 -3 4 5 -6 7 8 9 10 11 12 -13 14 15 16 17 -18 19 -20 21 22 -23 -24 -25 -26 -27 -28 29 30 31 32 33 34 35 -36 -37 38 -39 -40 41 42 43 44 -45 46 -47 48 -49 50 0
uf50-0644 217 0
uf50-0644 217 0
uf50-0644 8942 1 -2 -3 4 5 -6 7 8 9 10 11 12 -13 14 15 16 17 -18 19 -20 21 22 -23 -24 -25 -26 -27 -28 29 30 31 32 33 34 35 -36 -37 38 -39 40 41 42 43 -44 -45 46 -47 48 -49 50 0
uf50-0644 8996 1 -2 -3 4 5 -6 7 8 9 10 11 12 -13 14 15 16 17 -18 19 -20 21 22 -23 -24 -25 -26 -27 -28 29 30 31 32 33 34 35 -36 -37 38 -39 40 41 42 43 44 -45 46 -47 48 -49 50 0
uf50-0644 217 0
uf50-0644 217 0
uf50-0996 215 0
uf50-0996 216 0
uf50-0996 216 0
uf50-0996 213 0
uf50-0996 214 0
uf50-0996 214 0
uf50-0996 215 0
uf50-0996 215 0
uf50-0996 213 0
uf50-0996 214 0
uf50-0996 213 0
uf50-0996 215 0
uf50-0996 216 0
uf50-0996 213 0
uf50-0996 213 0
uf50-0996 213 0
uf50-0996 213 0
uf50-0996 214 0
uf50-0996 214 0
uf50-0996 214 0
uf50-0996 216 0
uf50-0996 213 0
uf50-0996 215 0
uf50-0996 215 0
uf50-0996 214 0
uf50-0996 213 0
uf50-0996 215 0
uf50-0996 217 0
uf50-0996 214 0
uf50-0996 214 0
uf50-0996 215 0
uf50-0996 215 0
uf50-0996 217 0
uf50-0996 214 0
uf50-0996 214 0
uf50-0996 214 0
uf50-0996 215 0
uf50-0996 215 0
uf50-0996 215 0
uf50-0996 213 0
uf50-0996 213 0
uf50-0996 213 0
uf50-0996 215 0
uf50-0996 215 0
uf50-0996 213 0
uf50-0996 215 0
uf50-0996 214 0
uf50-0996 215 0
uf50-0996 214 0
uf50-0996 214 0
uf50-0196 215 0
uf50-0196 216 0
uf50-0196 215 0
uf50-0196 216 0
uf50-0196 215 0
uf50-0196 216 0
uf50-0196 215 0
uf50-0196 215 0
uf50-0196 7826 1 -2 -3 -4 -5 -6 -7 8 9 10 11 12 -13 14 15 16 -17 -18 -19 -20 -21 22 23 24 -25 -26 27 -28 29 30 -31 32 -33 -34 35 -36 -37 -38 -39 40 -41 -42 43 44 -45 46 47 48 -49 -50 0
uf50-0196 216 0
uf50-0196 215 0
uf50-0196 216 0
uf50-0196 215 0
uf50-0196 216 0
uf50-0196 216 0
uf50-0196 216 0
uf50-0196 216 0
uf50-0196 215 0
uf50-0196 217 0
uf50-0196 216 0
uf50-0196 217 0
uf50-0196 217 0
uf50-0196 215 0
uf50-0196 216 0
uf50-0196 216 0
uf50-0196 214 0
uf50-0196 215 0
uf50-0196 215 0
uf50-0196 216 0
uf50-0196 215 0
uf50-0196 215 0
uf50-0196 216 0
uf50-0196 216 0
uf50-0196 215 0
uf50-0196 217 0
uf50-0196 215 0
uf50-0196 216 0
uf50-0196 216 0
uf50-0196 216 0
uf50-0196 214 0
uf50-0196 215 0
uf50-0196 216 0
uf50-0196 216 0
uf50-0196 216 0
uf50-0196 216 0
uf50-0196 217 0
uf50-0196 217 0
uf50-0196 215 0
uf50-0196 215 0
uf50-0196 216 0
uf50-0799 217 0
uf50-0799 214 0
uf50-0799 215 0
uf50-0799 217 0
uf50-0799 216 0
uf50-0799 217 0
uf50-0799 10705 -1 2 3 4 -5 6 -7 8 9 10 -11 -12 -13 14 15 16 -17 -18 19 -20 -21 22 23 24 25 26 27 -28 -29 30 -31 -32 -33 -34 35 36 -37 38 39 -40 41 -42 -43 -44 45 -46 -47 48 -49 -50 0
uf50-0799 216 0
uf50-0799 216 0
uf50-0799 216 0
uf50-0799 217 0
uf50-0799 217 0
uf50-0799 216 0
uf50-0799 216 0
uf50-0799 217 0
uf50-0799 216 0
uf50-0799 217 0
uf50-0799 216 0
uf50-0799 216 0
uf50-0799 217 0
uf50-0799 11284 -1 2 3 4 -5 6 -7 8 9 10 -11 -12 -13 14 15 16 -17 -18 19 -20 -21 22 23 24 25 26 27 -28 -29 30 31 -32 -33 -34 35 36 -37 38 39 -40 41 42 -43 -44 45 -46 47 48 -49 -50 0
uf50-0799 214 0
uf50-0799 217 0
uf50-0799 215 0
uf50-0799 216 0
uf50-0799 215 0
uf50-0799 216 0
uf50-0799 217 0
uf50-0799 216 0
uf50-0799 216 0
uf50-0799 217 0
uf50-0799 217 0
uf50-0799 216 0
uf50-0799 216 0
uf50-0799 217 0
uf50-0799 216 0
uf50-0799 217 0
uf50-0799 215 0
uf50-0799 215 0
uf50-0799 217 0
uf50-0799 216 0
uf50-0799 216 0
uf50-0799 215 0
uf50-0799 217 0
uf50-0799 216 0
uf50-0799 216 0
uf50-0799 216 0
uf50-0799 217 0
uf50-0799 216 0
uf50-0799 216 0
uf50-0500 216 0
uf50-0500 216 0
uf50-0500 217 0
uf50-0500 216 0
uf50-0500 216 0
uf50-0500 216 0
uf50-0500 216 0
uf50-0500 216 0
uf50-0500 216 0
uf50-0500 216 0
uf50-0500 217 0
uf50-0500 216 0
uf50-0500 216 0
uf50-0500 216 0
uf50-0500 216 0
uf50-0500 216 0
uf50-0500 216 0
uf50-0500 216 0
uf50-0500 216 0
uf50-0500 216 0
uf50-0500 216 0
uf50-0500 216 0
uf50-0500 216 0
uf50-0500 216 0
uf50-0500 216 0
uf50-0500 216 0
uf50-0500 217 0
uf50-0500 216 0
uf50-0500 216 0
uf50-0500 216 0
uf50-0500 216 0
uf50-0500 216 0
uf50-0500 216 0
uf50-0500 216 0
uf50-0500 216 0
uf50-0500 216 0
uf50-0500 216 0
uf50-0500 216 0
uf50-0500 216 0
uf50-0500 216 0
uf50-0500 216 0
uf50-0500 216 0
uf50-0500 216 0
uf50-0500 215 0
uf50-0500 216 0
uf50-0500 216 0
uf50-0500 216 0
uf50-0500 216 0
uf50-0500 216 0
uf50-0500 215 0
uf50-0496 216 0
uf50-0496 216 0
uf50-0496 216 0
uf50-0496 216 0
uf50-0496 215 0
uf50-0496 215 0
uf50-0496 214 0
uf50-0496 215 0
uf50-0496 215 0
uf50-0496 215 0
uf50-0496 217 0
uf50-0496 217 0
uf50-0496 217 0
uf50-0496 216 0
uf50-0496 214 0
uf50-0496 215 0
uf50-0496 216 0
uf50-0496 214 0
uf50-0496 217 0
uf50-0496 216 0
uf50-0496 10143 1 -2 3 4 -5 -6 -7 -8 9 10 11 12 13 -14 -15 -16 -17 -18 -19 20 21 -22 23 -24 25 -26 27 28 29 30 31 -32 33 34 -35 36 37 -38 -39 -40 -41 42 -43 44 45 46 47 48 49 -50 0
uf50-0496 10000 1 -2 3 -4 -5 -6 -7 -8 9 10 11 12 13 -14 -15 -16 -17 -18 -19 20 21 -22 23 -24 -25 -26 27 28 29 30 31 32 33 34 -35 36 37 -38 -39 -40 -41 42 43 44 45 46 47 48 49 -50 0
uf50-0496 216 0
uf50-0496 6037 1 2 -3 -4 -5 -6 -7 -8 -9 -10 11 12 -13 14 -15 -16 17 -18 19 -20 21 -22 23 -24 25 26 -27 28 -29 30 -31 32 -33 -34 35 -36 37 38 39 -40 -41 42 -43 44 45 -46 47 -48 -49 -50 0
uf50-0496 217 0
uf50-0496 215 0
uf50-0496 214 0
uf50-0496 217 0
uf50-0496 216 0
uf50-0496 216 0
uf50-0496 9995 1 -2 3 4 -5 -6 -7 -8 -9 10 11 12 13 -14 -15 -16 -17 -18 -19 20 21 -22 23 -24 25 -26 27 28 29 30 31 32 -33 34 -35 36 37 38 39 -40 -41 42 -43 44 45 46 47 48 49 -50 0
uf50-0496 215 0
uf50-0496 215 0
uf50-0496 217 0
uf50-0496 217 0
uf50-0496 216 0
uf50-0496 214 0
uf50-0496 217 0
uf50-0496 217 0
uf50-0496 9083 1 -2 3 -4 -5 -6 -7 -8 -9 10 -11 12 13 -14 -15 -16 -17 -18 -19 20 21 -22 23 -24 25 -26 27 28 -29 30 31 32 -33 34 -35 36 37 38 39 -40 -41 42 -43 44 45 46 47 48 49 -50 0
uf50-0496 216 0
uf50-0496 214 0
uf50-0496 216 0
uf50-0496 9808 1 -2 3 -4 -5 -6 -7 -8 9 10 11 12 13 -14 -15 -16 -17 -18 -19 20 21 22 23 -24 25 -26 27 28 29 30 31 -32 33 34 -35 36 37 -38 -39 -40 -41 42 -43 44 -45 46 47 48 49 -50 0
uf50-0496 217 0
uf50-0496 215 0
uf50-0496 10276 1 -2 3 4 -5 -6 -7 -8 9 10 11 12 13 -14 -15 -16 -17 -18 -19 20 21 22 23 -24 25 -26 27 28 29 30 31 -32 33 34 -35 36 37 -38 -39 -40 -41 42 -43 44 45 46 47 48 49 -50 0
uf50-0496 217 0
uf50-0496 10320 1 -2 3 4 -5 -6 -7 -8 9 10 11 12 13 -14 -15 -16 -17 -18 -19 20 21 -22 23 -24 25 -26 27 28 29 30 31 32 -33 34 -35 36 37 38 39 -40 -41 42 -43 44 45 46 47 48 49 -50 0
uf50-0496 217 0
uf50-0210 217 0
uf50-0210 216 0
uf50-0210 215 0
uf50-0210 215 0
uf50-0210 216 0
uf50-0210 216 0
uf50-0210 217 0
uf50-0210 217 0
uf50-0210 217 0
uf50-0210 217 0
uf50-0210 215 0
uf50-0210 217 0
uf50-0210 217 0
uf50-0210 217 0
uf50-0210 216 0
uf50-0210 217 0
uf50-0210 215 0
uf50-0210 217 0
uf50-0210 216 0
uf50-0210 217 0
uf50-0210 217 0
uf50-0210 214 0
uf50-0210 217 0
uf50-0210 215 0
uf50-0210 217 0
uf50-0210 216 0
uf50-0210 217 0
uf50-0210 216 0
uf50-0210 216 0
uf50-0210 216 0
uf50-0210 217 0
uf50-0210 216 0
uf50-0210 216 0
uf50-0210 216 0
uf50-0210 215 0
uf50-0210 217 0
uf50-0210 215 0
uf50-0210 215 0
uf50-0210 215 0
uf50-0210 217 0
uf50-0210 217 0
uf50-0210 216 0
uf50-0210 216 0
uf50-0210 217 0
uf50-0210 216 0
uf50-0210 217 0
uf50-0210 216 0
uf50-0210 217 0
uf50-0210 217 0
uf50-0210 216 0
uf50-0810 215 0
uf50-0810 215 0
uf50-0810 215 0
uf50-0810 216 0
uf50-0810 215 0
uf50-0810 216 0
uf50-0810 215 0
uf50-0810 215 0
uf50-0810 215 0
uf50-0810 217 0
uf50-0810 215 0
uf50-0810 215 0
uf50-0810 215 0
uf50-0810 216 0
uf50-0810 215 0
uf50-0810 215 0
uf50-0810 216 0
uf50-0810 215 0
uf50-0810 215 0
uf50-0810 217 0
uf50-0810 215 0
uf50-0810 215 0
uf50-0810 215 0
uf50-0810 215 0
uf50-0810 216 0
uf50-0810 215 0
uf50-0810 214 0
uf50-0810 215 0
uf50-0810 215 0
uf50-0810 215 0
uf50-0810 216 0
uf50-0810 214 0
uf50-0810 215 0
uf50-0810 214 0
uf50-0810 216 0
uf50-0810 215 0
uf50-0810 215 0
uf50-0810 215 0
uf50-0810 215 0
uf50-0810 215 0
uf50-0810 216 0
uf50-0810 216 0
uf50-0810 215 0
uf50-0810 215 0
uf50-0810 214 0
uf50-0810 215 0
uf50-0810 216 0
uf50-0810 215 0
uf50-0810 215 0
uf50-0810 216 0
uf50-013 216 0
uf50-013 217 0
uf50-013 217 0
uf50-013 216 0
uf50-013 216 0
uf50-013 216 0
uf50-013 216 0
uf50-013 31112 -1 -2 3 4 5 -6 7 -8 -9 -10 11 -12 -13 14 15 16 17 18 -19 -20 -21 22 23 -24 -25 26 27 -28 -29 30 -31 32 -33 34 35 -36 37 -38 39 40 -41 -42 -43 -44 -45 46 47 48 49 50 0
uf50-013 216 0
uf50-013 217 0
uf50-013 34967 -1 -2 -3 4 5 -6 7 -8 -9 10 11 -12 -13 14 15 16 17 18 -19 -20 -21 22 -23 24 -25 26 27 -28 -29 30 31 32 -33 34 35 36 37 -38 -39 40 41 42 -43 -44 45 46 47 48 -49 50 0
uf50-013 217 0
uf50-013 217 0
uf50-013 217 0
uf50-013 217 0
uf50-013 216 0
uf50-013 217 0
uf50-013 217 0
uf50-013 216 0
uf50-013 217 0
uf50-013 34967 -1 -2 -3 4 5 -6 7 -8 -9 10 11 -12 -13 14 15 16 17 18 -19 -20 -21 22 -23 24 -25 26 27 -28 -29 30 31 32 -33 34 35 36 37 -38 -39 40 41 42 -43 -44 45 46 47 48 -49 50 0
uf50-013 216 0
uf50-013 217 0
uf50-013 216 0
uf50-013 217 0
uf50-013 216 0
uf50-013 215 0
uf50-013 216 0
uf50-013 215 0
uf50-013 215 0
uf50-013 34314 -1 2 -3 4 5 -6 7 -8 -9 10 11 -12 -13 -14 15 16 17 18 -19 -20 -21 22 -23 24 -25 26 27 -28 -29 30 31 32 -33 34 35 36 37 -38 -39 40 41 42 -43 -44 45 46 47 48 -49 50 0
uf50-013 216 0
uf50-013 215 0
uf50-013 34314 -1 2 -3 4 5 -6 7 -8 -9 10 11 -12 -13 -14 15 16 17 18 -19 -20 -21 22 -23 24 -25 26 27 -28 -29 30 31 32 -33 34 35 36 37 -38 -39 40 41 42 -43 -44 45 46 47 48 -49 50 0
uf50-013 215 0
uf50-013 216 0
uf50-013 215 0
uf50-013 216 0
uf50-013 217 0
uf50-013 215 0
uf50-013 216 0
uf50-013 30182 -1 -2 -3 4 5 -6 7 -8 -9 -10 11 -12 -13 14 15 16 17 18 -19 -20 -21 22 -23 -24 -25 26 -27 -28 -29 30 -31 32 -33 34 35 -36 37 -38 -39 40 -41 -42 -43 -44 -45 46 47 48 49 50 0
uf50-013 217 0
uf50-013 214 0
uf50-013 217 0
uf50-013 216 0
uf50-013 217 0
uf50-013 217 0
uf50-013 216 0
uf50-013 31925 -1 -2 3 4 5 -6 7 -8 -9 -10 11 -12 -13 14 15 16 17 18 -19 -20 -21 22 23 -24 -25 26 27 -28 -29 30 31 32 -33 34 35 -36 37 -38 39 40 -41 -42 -43 -44 -45 46 47 48 49 50 0
uf50-0379 7107 -1 2 -3 4 5 6 7 -8 -9 10 -11 -12 -13 14 -15 -16 -17 18 -19 -20 -21 22 23 -24 -25 26 -27 -28 29 30 -31 32 -33 -34 35 36 37 38 39 -40 41 -42 43 44 45 46 47 48 49 50 0
uf50-0379 217 0
uf50-0379 216 0
uf50-0379 215 0
uf50-0379 215 0
uf50-0379 216 0
uf50-0379 216 0
uf50-0379 216 0
uf50-0379 216 0
uf50-0379 214 0
uf50-0379 7107 -1 2 -3 4 5 6 7 -8 -9 10 -11 -12 -13 14 -15 -16 -17 18 -19 -20 -21 22 23 -24 -25 26 -27 -28 29 30 -31 32 -33 -34 35 36 37 38 39 -40 41 -42 43 44 45 46 47 48 49 50 0
uf50-0379 216 0
uf50-0379 214 0
uf50-0379 6725 -1 2 -3 4 5 6 7 -8 -9 10 -11 -12 -13 14 -15 -16 -17 18 -19 -20 -21 22 -23 -24 -25 26 -27 -28 29 30 -31 32 -33 -34 35 36 37 38 39 -40 41 -42 43 44 45 46 47 48 49 50 0
uf50-0379 216 0
uf50-0379 217 0
uf50-0379 216 0
uf50-0379 215 0
uf50-0379 217 0
uf50-0379 7107 -1 2 -3 4 5 6 7 -8 -9 10 -11 -12 -13 14 -15 -16 -17 18 -19 -20 -21 22 23 -24 -25 26 -27 -28 29 30 -31 32 -33 -34 35 36 37 38 39 -40 41 -42 43 44 45 46 47 48 49 50 0
uf50-0379 216 0
uf50-0379 215 0
uf50-0379 216 0
uf50-0379 217 0
uf50-0379 216 0
uf50-0379 217 0
uf50-0379 216 0
uf50-0379 216 0
uf50-0379 214 0
uf50-0379 217 0
uf50-0379 217 0
uf50-0379 217 0
uf50-0379 216 0
uf50-0379 216 0
uf50-0379 7107 -1 2 -3 4 5 6 7 -8 -9 10 -11 -12 -13 14 -15 -16 -17 18 -19 -20 -21 22 23 -24 -25 26 -27 -28 29 30 -31 32 -33 -34 35 36 37 38 39 -40 41 -42 43 44 45 46 47 48 49 50 0
uf50-0379 7107 -1 2 -3 4 5 6 7 -8 -9 10 -11 -12 -13 14 -15 -16 -17 18 -19 -20 -21 22 23 -24 -25 26 -27 -28 29 30 -31 32 -33 -34 35 36 37 38 39 -40 41 -42 43 44 45 46 47 48 49 50 0
uf50-0379 216 0
uf50-0379 214 0
uf50-0379 217 0
uf50-0379 216 0
uf50-0379 216 0
uf50-0379 216 0
uf50-0379 213 0
uf50-0379 7107 -1 2 -3 4 5 6 7 -8 -9 10 -11 -12 -13 14 -15 -16 -17 18 -19 -20 -21 22 23 -24 -25 26 -27 -28 29 30 -31 32 -33 -34 35 36 37 38 39 -40 41 -42 43 44 45 46 47 48 49 50 0
uf50-0379 216 0
uf50-0379 215 0
uf50-0379 6725 -1 2 -3 4 5 6 7 -8 -9 10 -11 -12 -13 14 -15 -16 -17 18 -19 -20 -21 22 -23 -24 -25 26 -27 -28 29 30 -31 32 -33 -34 35 36 37 38 39 -40 41 -42 43 44 45 46 47 48 49 50 0
uf50-0379 216 0
uf50-0379 216 0
uf50-0379 216 0
