uf50-0799 216 0
uf50-0799 214 0
uf50-0799 214 0
uf50-0799 216 0
uf50-0799 215 0
uf50-0799 215 0
uf50-0799 216 0
uf50-0799 214 0
uf50-0799 215 0
uf50-0799 214 0
uf50-0799 216 0
uf50-0799 215 0
uf50-0799 216 0
uf50-0799 213 0
uf50-0799 214 0
uf50-0799 214 0
uf50-0799 216 0
uf50-0799 215 0
uf50-0799 215 0
uf50-0799 216 0
uf50-0799 215 0
uf50-0799 216 0
uf50-0799 214 0
uf50-0799 216 0
uf50-0799 216 0
uf50-0799 216 0
uf50-0799 214 0
uf50-0799 217 0
uf50-0799 214 0
uf50-0799 217 0
uf50-0799 215 0
uf50-0799 216 0
uf50-0799 214 0
uf50-0799 216 0
uf50-0799 216 0
uf50-0799 212 0
uf50-0799 216 0
uf50-0799 214 0
uf50-0799 215 0
uf50-0799 213 0
uf50-0799 214 0
uf50-0799 214 0
uf50-0799 215 0
uf50-0799 216 0
uf50-0799 215 0
uf50-0799 214 0
uf50-0799 215 0
uf50-0799 214 0
uf50-0799 215 0
uf50-0799 214 0
uf50-0449 214 0
uf50-0449 217 0
uf50-0449 216 0
uf50-0449 215 0
uf50-0449 35923 -1 -2 3 -4 5 6 7 -8 -9 -10 -11 12 -13 -14 -15 16 -17 18 19 -20 21 22 -23 24 25 26 -27 -28 29 30 -31 -32 -33 34 35 36 37 38 39 -40 41 42 43 44 -45 46 -47 -48 49 50 0
uf50-0449 214 0
uf50-0449 217 0
uf50-0449 216 0
uf50-0449 215 0
uf50-0449 217 0
uf50-0449 214 0
uf50-0449 216 0
uf50-0449 214 0
uf50-0449 213 0
uf50-0449 214 0
uf50-0449 215 0
uf50-0449 216 0
uf50-0449 214 0
uf50-0449 217 0
uf50-0449 216 0
uf50-0449 214 0
uf50-0449 213 0
uf50-0449 217 0
uf50-0449 37046 1 -2 3 -4 5 6 7 -8 -9 -10 -11 -12 -13 -14 -15 16 -17 18 19 -20 -21 -22 23 24 25 26 -27 -28 29 30 31 -32 -33 34 35 36 37 38 -39 -40 41 42 43 44 -45 46 -47 -48 49 50 0
uf50-0449 215 0
uf50-0449 215 0
uf50-0449 213 0
uf50-0449 213 0
uf50-0449 213 0
uf50-0449 212 0
uf50-0449 214 0
uf50-0449 216 0
uf50-0449 215 0
uf50-0449 215 0
uf50-0449 214 0
uf50-0449 214 0
uf50-0449 214 0
uf50-0449 214 0
uf50-0449 212 0
uf50-0449 215 0
uf50-0449 214 0
uf50-0449 214 0
uf50-0449 217 0
uf50-0449 213 0
uf50-0449 217 0
uf50-0449 213 0
uf50-0449 215 0
uf50-0449 217 0
uf50-0449 215 0
uf50-0449 216 0
uf50-0672 214 0
uf50-0672 213 0
uf50-0672 213 0
uf50-0672 213 0
uf50-0672 215 0
uf50-0672 213 0
uf50-0672 215 0
uf50-0672 213 0
uf50-0672 216 0
uf50-0672 214 0
uf50-0672 215 0
uf50-0672 213 0
uf50-0672 215 0
uf50-0672 213 0
uf50-0672 213 0
uf50-0672 216 0
uf50-0672 214 0
uf50-0672 214 0
uf50-0672 217 0
uf50-0672 215 0
uf50-0672 217 0
uf50-0672 214 0
uf50-0672 214 0
uf50-0672 211 0
uf50-0672 216 0
uf50-0672 213 0
uf50-0672 217 0
uf50-0672 216 0
uf50-0672 214 0
uf50-0672 215 0
uf50-0672 217 0
uf50-0672 213 0
uf50-0672 215 0
uf50-0672 215 0
uf50-0672 215 0
uf50-0672 214 0
uf50-0672 213 0
uf50-0672 216 0
uf50-0672 213 0
uf50-0672 212 0
uf50-0672 213 0
uf50-0672 214 0
uf50-0672 214 0
uf50-0672 213 0
uf50-0672 214 0
uf50-0672 215 0
uf50-0672 213 0
uf50-0672 211 0
uf50-0672 213 0
uf50-0672 213 0
uf50-0239 217 0
uf50-0239 217 0
uf50-0239 217 0
uf50-0239 215 0
uf50-0239 217 0
uf50-0239 217 0
uf50-0239 217 0
uf50-0239 215 0
uf50-0239 40387 -1 2 -3 4 -5 6 -7 8 -9 -10 11 12 -13 -14 15 16 -17 -18 19 20 21 -22 -23 24 -25 26 -27 -28 29 30 31 -32 -33 34 35 36 37 38 -39 -40 41 42 -43 -44 45 46 -47 48 -49 50 0
uf50-0239 217 0
uf50-0239 217 0
uf50-0239 217 0
uf50-0239 217 0
uf50-0239 217 0
uf50-0239 216 0
uf50-0239 217 0
uf50-0239 217 0
uf50-0239 217 0
uf50-0239 216 0
uf50-0239 217 0
uf50-0239 216 0
uf50-0239 217 0
uf50-0239 217 0
uf50-0239 217 0
uf50-0239 216 0
uf50-0239 215 0
uf50-0239 216 0
uf50-0239 217 0
uf50-0239 217 0
uf50-0239 217 0
uf50-0239 217 0
uf50-0239 217 0
uf50-0239 217 0
uf50-0239 217 0
uf50-0239 217 0
uf50-0239 217 0
uf50-0239 217 0
uf50-0239 217 0
uf50-0239 217 0
uf50-0239 215 0
uf50-0239 217 0
uf50-0239 217 0
uf50-0239 216 0
uf50-0239 217 0
uf50-0239 217 0
uf50-0239 217 0
uf50-0239 217 0
uf50-0239 217 0
uf50-0239 217 0
uf50-0239 217 0
uf50-0107 215 0
uf50-0107 214 0
uf50-0107 216 0
uf50-0107 216 0
uf50-0107 216 0
uf50-0107 215 0
uf50-0107 214 0
uf50-0107 215 0
uf50-0107 215 0
uf50-0107 214 0
uf50-0107 213 0
uf50-0107 215 0
uf50-0107 214 0
uf50-0107 215 0
uf50-0107 216 0
uf50-0107 213 0
uf50-0107 214 0
uf50-0107 216 0
uf50-0107 214 0
uf50-0107 214 0
uf50-0107 215 0
uf50-0107 215 0
uf50-0107 214 0
uf50-0107 215 0
uf50-0107 215 0
uf50-0107 214 0
uf50-0107 216 0
uf50-0107 216 0
uf50-0107 215 0
uf50-0107 216 0
uf50-0107 213 0
uf50-0107 215 0
uf50-0107 215 0
uf50-0107 215 0
uf50-0107 214 0
uf50-0107 215 0
uf50-0107 215 0
uf50-0107 215 0
uf50-0107 216 0
uf50-0107 216 0
uf50-0107 213 0
uf50-0107 215 0
uf50-0107 215 0
uf50-0107 215 0
uf50-0107 215 0
uf50-0107 216 0
uf50-0107 214 0
uf50-0107 214 0
uf50-0107 215 0
uf50-0107 215 0
uf50-0844 213 0
uf50-0844 210 0
uf50-0844 212 0
uf50-0844 214 0
uf50-0844 215 0
uf50-0844 215 0
uf50-0844 214 0
uf50-0844 213 0
uf50-0844 212 0
uf50-0844 213 0
uf50-0844 215 0
uf50-0844 214 0
uf50-0844 212 0
uf50-0844 213 0
uf50-0844 214 0
uf50-0844 211 0
uf50-0844 210 0
uf50-0844 213 0
uf50-0844 212 0
uf50-0844 213 0
uf50-0844 216 0
uf50-0844 213 0
uf50-0844 214 0
uf50-0844 3908 1 2 -3 -4 -5 -6 7 -8 9 -10 11 -12 -13 -14 15 -16 -17 18 -19 -20 21 22 23 -24 25 26 -27 -28 -29 30 31 32 -33 -34 35 -36 37 -38 -39 -40 41 42 43 -44 45 -46 -47 -48 -49 -50 0
uf50-0844 215 0
uf50-0844 214 0
uf50-0844 213 0
uf50-0844 212 0
uf50-0844 213 0
uf50-0844 214 0
uf50-0844 215 0
uf50-0844 213 0
uf50-0844 213 0
uf50-0844 210 0
uf50-0844 215 0
uf50-0844 215 0
uf50-0844 213 0
uf50-0844 213 0
uf50-0844 214 0
uf50-0844 213 0
uf50-0844 214 0
uf50-0844 214 0
uf50-0844 214 0
uf50-0844 214 0
uf50-0844 214 0
uf50-0844 213 0
uf50-0844 212 0
uf50-0844 213 0
uf50-0844 215 0
uf50-0844 214 0
uf50-073 216 0
uf50-073 214 0
uf50-073 214 0
uf50-073 216 0
uf50-073 214 0
uf50-073 215 0
uf50-073 215 0
uf50-073 212 0
uf50-073 216 0
uf50-073 215 0
uf50-073 215 0
uf50-073 215 0
uf50-073 214 0
uf50-073 217 0
uf50-073 215 0
uf50-073 215 0
uf50-073 215 0
uf50-073 216 0
uf50-073 217 0
uf50-073 214 0
uf50-073 214 0
uf50-073 214 0
uf50-073 216 0
uf50-073 216 0
uf50-073 215 0
uf50-073 215 0
uf50-073 214 0
uf50-073 215 0
uf50-073 215 0
uf50-073 213 0
uf50-073 215 0
uf50-073 215 0
uf50-073 215 0
uf50-073 216 0
uf50-073 214 0
uf50-073 214 0
uf50-073 214 0
uf50-073 215 0
uf50-073 216 0
uf50-073 215 0
uf50-073 214 0
uf50-073 214 0
uf50-073 14277 -1 -2 3 -4 -5 -6 7 8 9 -10 -11 -12 13 -14 15 -16 -17 -18 19 20 -21 -22 -23 -24 25 26 27 28 -29 -30 31 -32 33 -34 35 -36 37 38 39 -40 41 42 43 -44 -45 46 47 48 49 -50 0
uf50-073 215 0
uf50-073 214 0
uf50-073 216 0
uf50-073 215 0
uf50-073 215 0
uf50-073 214 0
uf50-073 215 0
uf50-0911 213 0
uf50-0911 215 0
uf50-0911 214 0
uf50-0911 217 0
uf50-0911 214 0
uf50-0911 215 0
uf50-0911 215 0
uf50-0911 215 0
uf50-0911 214 0
uf50-0911 217 0
uf50-0911 215 0
uf50-0911 212 0
uf50-0911 216 0
uf50-0911 215 0
uf50-0911 215 0
uf50-0911 217 0
uf50-0911 213 0
uf50-0911 215 0
uf50-0911 215 0
uf50-0911 217 0
uf50-0911 217 0
uf50-0911 215 0
uf50-0911 215 0
uf50-0911 215 0
uf50-0911 215 0
uf50-0911 215 0
uf50-0911 215 0
uf50-0911 214 0
uf50-0911 216 0
uf50-0911 215 0
uf50-0911 214 0
uf50-0911 217 0
uf50-0911 215 0
uf50-0911 215 0
uf50-0911 213 0
uf50-0911 216 0
uf50-0911 216 0
uf50-0911 215 0
uf50-0911 213 0
uf50-0911 214 0
uf50-0911 213 0
uf50-0911 214 0
uf50-0911 216 0
uf50-0911 216 0
uf50-0911 216 0
uf50-0911 217 0
uf50-0911 217 0
uf50-0911 215 0
uf50-0911 214 0
uf50-0911 217 0
uf50-0379 214 0
uf50-0379 216 0
uf50-0379 215 0
uf50-0379 215 0
uf50-0379 212 0
uf50-0379 215 0
uf50-0379 22093 -1 2 -3 4 -5 -6 -7 -8 9 10 -11 12 -13 -14 -15 -16 -17 18 -19 20 21 -22 23 -24 25 -26 27 -28 29 -30 31 -32 33 -34 -35 -36 -37 -38 39 40 41 -42 43 44 45 46 47 -48 49 50 0
uf50-0379 214 0
uf50-0379 213 0
uf50-0379 214 0
uf50-0379 215 0
uf50-0379 212 0
uf50-0379 215 0
uf50-0379 215 0
uf50-0379 215 0
uf50-0379 217 0
uf50-0379 214 0
uf50-0379 213 0
uf50-0379 215 0
uf50-0379 215 0
uf50-0379 216 0
uf50-0379 213 0
uf50-0379 215 0
uf50-0379 216 0
uf50-0379 215 0
uf50-0379 215 0
uf50-0379 214 0
uf50-0379 215 0
uf50-0379 217 0
uf50-0379 217 0
uf50-0379 216 0
uf50-0379 214 0
uf50-0379 216 0
uf50-0379 214 0
uf50-0379 215 0
uf50-0379 213 0
uf50-0379 214 0
uf50-0379 215 0
uf50-0379 215 0
uf50-0379 215 0
uf50-0379 217 0
uf50-0379 217 0
uf50-0379 214 0
uf50-0379 89580 -1 2 -3 4 5 6 7 -8 -9 10 -11 -12 -13 14 -15 -16 -17 18 -19 -20 -21 22 -23 -24 -25 26 -27 -28 29 30 -31 32 -33 -34 35 36 37 38 39 -40 41 -42 43 44 45 46 47 48 49 50 0
uf50-0379 214 0
uf50-0379 214 0
uf50-0379 211 0
uf50-0379 216 0
uf50-0379 216 0
uf50-0379 216 0
uf50-0564 216 0
uf50-0564 215 0
uf50-0564 216 0
uf50-0564 215 0
uf50-0564 215 0
uf50-0564 217 0
uf50-0564 216 0
uf50-0564 217 0
uf50-0564 217 0
uf50-0564 217 0
uf50-0564 215 0
uf50-0564 215 0
uf50-0564 215 0
uf50-0564 216 0
uf50-0564 214 0
uf50-0564 217 0
uf50-0564 216 0
uf50-0564 216 0
uf50-0564 215 0
uf50-0564 217 0
uf50-0564 215 0
uf50-0564 214 0
uf50-0564 215 0
uf50-0564 217 0
uf50-0564 214 0
uf50-0564 217 0
uf50-0564 215 0
uf50-0564 216 0
uf50-0564 214 0
uf50-0564 214 0
uf50-0564 216 0
uf50-0564 214 0
uf50-0564 215 0
uf50-0564 216 0
uf50-0564 215 0
uf50-0564 216 0
uf50-0564 215 0
uf50-0564 215 0
uf50-0564 216 0
uf50-0564 215 0
uf50-0564 216 0
uf50-0564 214 0
uf50-0564 214 0
uf50-0564 215 0
uf50-0564 215 0
uf50-0564 216 0
uf50-0564 217 0
uf50-0564 217 0
uf50-0564 214 0
uf50-0564 215 0
