uf20-0700 6300 1 2 3 4 5 6 7 -8 9 10 11 12 -13 14 15 16 -17 18 19 20 0
uf20-0700 6300 1 2 3 4 5 6 7 -8 9 10 11 12 -13 14 15 16 -17 18 19 20 0
uf20-0700 5822 -1 2 3 4 5 6 7 8 9 10 11 12 13 14 -15 16 17 -18 19 20 0
uf20-0700 6300 1 2 3 4 5 6 7 -8 9 10 11 12 -13 14 15 16 -17 18 19 20 0
uf20-0700 6300 1 2 3 4 5 6 7 -8 9 10 11 12 -13 14 15 16 -17 18 19 20 0
uf20-0700 6300 1 2 3 4 5 6 7 -8 9 10 11 12 -13 14 15 16 -17 18 19 20 0
uf20-0700 5949 1 2 3 4 5 6 7 -8 9 -10 11 12 -13 14 15 16 -17 18 19 20 0
uf20-0700 6300 1 2 3 4 5 6 7 -8 9 10 11 12 -13 14 15 16 -17 18 19 20 0
uf20-0700 6300 1 2 3 4 5 6 7 -8 9 10 11 12 -13 14 15 16 -17 18 19 20 0
uf20-0700 6001 1 2 3 4 5 6 7 -8 9 10 11 12 -13 14 15 -16 -17 18 19 20 0
uf20-0700 6300 1 2 3 4 5 6 7 -8 9 10 11 12 -13 14 15 16 -17 18 19 20 0
uf20-0700 5446 1 2 3 4 5 6 7 -8 9 10 11 12 -13 14 -15 16 -17 18 19 20 0
uf20-0700 5949 1 2 3 4 5 6 7 -8 9 -10 11 12 -13 14 15 16 -17 18 19 20 0
uf20-0700 6001 1 2 3 4 5 6 7 -8 9 10 11 12 -13 14 15 -16 -17 18 19 20 0
uf20-0700 6300 1 2 3 4 5 6 7 -8 9 10 11 12 -13 14 15 16 -17 18 19 20 0
uf20-0700 6300 1 2 3 4 5 6 7 -8 9 10 11 12 -13 14 15 16 -17 18 19 20 0
uf20-0700 6300 1 2 3 4 5 6 7 -8 9 10 11 12 -13 14 15 16 -17 18 19 20 0
uf20-0700 6001 1 2 3 4 5 6 7 -8 9 10 11 12 -13 14 15 -16 -17 18 19 20 0
uf20-0700 5982 1 2 -3 4 5 6 7 -8 9 10 11 12 -13 14 15 16 -17 18 19 20 0
uf20-0700 6300 1 2 3 4 5 6 7 -8 9 10 11 12 -13 14 15 16 -17 18 19 20 0
uf20-0700 5757 1 2 3 4 5 6 7 -8 9 10 -11 12 -13 14 15 16 -17 18 19 20 0
uf20-0700 6300 1 2 3 4 5 6 7 -8 9 10 11 12 -13 14 15 16 -17 18 19 20 0
uf20-0700 6300 1 2 3 4 5 6 7 -8 9 10 11 12 -13 14 15 16 -17 18 19 20 0
uf20-0700 6300 1 2 3 4 5 6 7 -8 9 10 11 12 -13 14 15 16 -17 18 19 20 0
uf20-0700 6300 1 2 3 4 5 6 7 -8 9 10 11 12 -13 14 15 16 -17 18 19 20 0
uf20-0700 6300 1 2 3 4 5 6 7 -8 9 10 11 12 -13 14 15 16 -17 18 19 20 0
uf20-0700 6300 1 2 3 4 5 6 7 -8 9 10 11 12 -13 14 15 16 -17 18 19 20 0
uf20-0700 5822 -1 2 3 4 5 6 7 8 9 10 11 12 13 14 -15 16 17 -18 19 20 0
uf20-0700 6300 1 2 3 4 5 6 7 -8 9 10 11 12 -13 14 15 16 -17 18 19 20 0
uf20-0700 5822 -1 2 3 4 5 6 7 8 9 10 11 12 13 14 -15 16 17 -18 19 20 0
uf20-0700 6300 1 2 3 4 5 6 7 -8 9 10 11 12 -13 14 15 16 -17 18 19 20 0
uf20-0700 5757 1 2 3 4 5 6 7 -8 9 10 -11 12 -13 14 15 16 -17 18 19 20 0
uf20-0700 6300 1 2 3 4 5 6 7 -8 9 10 11 12 -13 14 15 16 -17 18 19 20 0
uf20-0700 5757 1 2 3 4 5 6 7 -8 9 10 -11 12 -13 14 15 16 -17 18 19 20 0
uf20-0700 5949 1 2 3 4 5 6 7 -8 9 -10 11 12 -13 14 15 16 -17 18 19 20 0
uf20-0700 6300 1 2 3 4 5 6 7 -8 9 10 11 12 -13 14 15 16 -17 18 19 20 0
uf20-0700 6300 1 2 3 4 5 6 7 -8 9 10 11 12 -13 14 15 16 -17 18 19 20 0
uf20-0700 6300 1 2 3 4 5 6 7 -8 9 10 11 12 -13 14 15 16 -17 18 19 20 0
uf20-0700 5631 1 2 -3 4 5 6 7 -8 9 -10 11 12 -13 14 15 16 -17 18 19 20 0
uf20-0700 5949 1 2 3 4 5 6 7 -8 9 -10 11 12 -13 14 15 16 -17 18 19 20 0
uf20-0700 6300 1 2 3 4 5 6 7 -8 9 10 11 12 -13 14 15 16 -17 18 19 20 0
uf20-0700 6300 1 2 3 4 5 6 7 -8 9 10 11 12 -13 14 15 16 -17 18 19 20 0
uf20-0700 6300 1 2 3 4 5 6 7 -8 9 10 11 12 -13 14 15 16 -17 18 19 20 0
uf20-0700 6300 1 2 3 4 5 6 7 -8 9 10 11 12 -13 14 15 16 -17 18 19 20 0
uf20-0700 5650 1 2 3 4 5 6 7 -8 9 -10 11 12 -13 14 15 -16 -17 18 19 20 0
uf20-0700 6300 1 2 3 4 5 6 7 -8 9 10 11 12 -13 14 15 16 -17 18 19 20 0
uf20-0700 6300 1 2 3 4 5 6 7 -8 9 10 11 12 -13 14 15 16 -17 18 19 20 0
uf20-0700 6300 1 2 3 4 5 6 7 -8 9 10 11 12 -13 14 15 16 -17 18 19 20 0
uf20-0700 6300 1 2 3 4 5 6 7 -8 9 10 11 12 -13 14 15 16 -17 18 19 20 0
uf20-0700 6001 1 2 3 4 5 6 7 -8 9 10 11 12 -13 14 15 -16 -17 18 19 20 0
