uf50-0644 216 0
uf50-0644 217 0
uf50-0644 217 0
uf50-0644 217 0
uf50-0644 217 0
uf50-0644 215 0
uf50-0644 215 0
uf50-0644 216 0
uf50-0644 216 0
uf50-0644 216 0
uf50-0644 8996 1 -2 -3 4 5 -6 7 8 9 10 11 12 -13 14 15 16 17 -18 19 -20 21 22 -23 -24 -25 -26 -27 -28 29 30 31 32 33 34 35 -36 -37 38 -39 40 41 42 43 44 -45 46 -47 48 -49 50 0
uf50-0644 216 0
uf50-0644 216 0
uf50-0644 216 0
uf50-0644 215 0
uf50-0644 216 0
uf50-0644 217 0
uf50-0644 217 0
uf50-0644 215 0
uf50-0644 216 0
uf50-0644 216 0
uf50-0644 217 0
uf50-0644 217 0
uf50-0644 216 0
uf50-0644 217 0
uf50-0644 217 0
uf50-0644 216 0
uf50-0644 215 0
uf50-0644 216 0
uf50-0644 215 0
uf50-0644 216 0
uf50-0644 217 0
uf50-0644 216 0
uf50-0644 216 0
uf50-0644 217 0
uf50-0644 216 0
uf50-0644 216 0
uf50-0644 217 0
uf50-0644 216 0
uf50-0644 8722 1 -2 -3 4 5 -6 7 8 9 10 11 12 -13 14 15 16 17 -18 19 -20 21 22 -23 -24 -25 -26 -27 -28 -29 30 31 32 33 34 35 -36 -37 38 -39 -40 41 42 43 -44 -45 46 -47 48 -49 50 0
uf50-0644 217 0
uf50-0644 216 0
uf50-0644 215 0
uf50-0644 216 0
uf50-0644 217 0
uf50-0644 215 0
uf50-0644 216 0
uf50-0644 216 0
uf50-0644 8738 1 -2 -3 4 5 -6 7 8 9 -10 11 12 -13 14 15 16 17 -18 19 -20 21 22 -23 -24 -25 -26 -27 -28 -29 30 31 32 33 34 35 -36 -37 38 -39 40 41 42 43 44 -45 46 -47 48 -49 50 0
uf50-0644 215 0
uf50-0996 213 0
uf50-0996 214 0
uf50-0996 215 0
uf50-0996 214 0
uf50-0996 215 0
uf50-0996 211 0
uf50-0996 212 0
uf50-0996 213 0
uf50-0996 208 0
uf50-0996 214 0
uf50-0996 213 0
uf50-0996 213 0
uf50-0996 213 0
uf50-0996 210 0
uf50-0996 212 0
uf50-0996 213 0
uf50-0996 214 0
uf50-0996 214 0
uf50-0996 212 0
uf50-0996 212 0
uf50-0996 211 0
uf50-0996 213 0
uf50-0996 213 0
uf50-0996 211 0
uf50-0996 212 0
uf50-0996 212 0
uf50-0996 210 0
uf50-0996 215 0
uf50-0996 214 0
uf50-0996 211 0
uf50-0996 214 0
uf50-0996 212 0
uf50-0996 215 0
uf50-0996 213 0
uf50-0996 213 0
uf50-0996 213 0
uf50-0996 213 0
uf50-0996 212 0
uf50-0996 212 0
uf50-0996 215 0
uf50-0996 212 0
uf50-0996 213 0
uf50-0996 215 0
uf50-0996 215 0
uf50-0996 212 0
uf50-0996 214 0
uf50-0996 212 0
uf50-0996 213 0
uf50-0996 214 0
uf50-0996 215 0
uf50-0196 215 0
uf50-0196 214 0
uf50-0196 217 0
uf50-0196 214 0
uf50-0196 216 0
uf50-0196 217 0
uf50-0196 214 0
uf50-0196 213 0
uf50-0196 215 0
uf50-0196 215 0
uf50-0196 215 0
uf50-0196 214 0
uf50-0196 215 0
uf50-0196 215 0
uf50-0196 215 0
uf50-0196 216 0
uf50-0196 214 0
uf50-0196 216 0
uf50-0196 216 0
uf50-0196 216 0
uf50-0196 214 0
uf50-0196 6607 1 -2 -3 4 5 -6 -7 8 9 10 11 12 -13 -14 -15 16 -17 -18 19 -20 -21 -22 -23 -24 -25 26 27 28 29 -30 -31 -32 33 34 35 -36 37 -38 39 40 -41 42 -43 44 -45 -46 47 48 49 50 0
uf50-0196 217 0
uf50-0196 214 0
uf50-0196 216 0
uf50-0196 216 0
uf50-0196 215 0
uf50-0196 214 0
uf50-0196 216 0
uf50-0196 215 0
uf50-0196 215 0
uf50-0196 215 0
uf50-0196 214 0
uf50-0196 216 0
uf50-0196 214 0
uf50-0196 217 0
uf50-0196 215 0
uf50-0196 214 0
uf50-0196 214 0
uf50-0196 215 0
uf50-0196 215 0
uf50-0196 215 0
uf50-0196 215 0
uf50-0196 214 0
uf50-0196 216 0
uf50-0196 213 0
uf50-0196 215 0
uf50-0196 215 0
uf50-0196 215 0
uf50-0196 216 0
uf50-0799 214 0
uf50-0799 216 0
uf50-0799 214 0
uf50-0799 217 0
uf50-0799 215 0
uf50-0799 215 0
uf50-0799 216 0
uf50-0799 216 0
uf50-0799 213 0
uf50-0799 214 0
uf50-0799 212 0
uf50-0799 215 0
uf50-0799 216 0
uf50-0799 214 0
uf50-0799 216 0
uf50-0799 215 0
uf50-0799 216 0
uf50-0799 214 0
uf50-0799 216 0
uf50-0799 214 0
uf50-0799 215 0
uf50-0799 216 0
uf50-0799 215 0
uf50-0799 216 0
uf50-0799 212 0
uf50-0799 216 0
uf50-0799 214 0
uf50-0799 215 0
uf50-0799 214 0
uf50-0799 215 0
uf50-0799 212 0
uf50-0799 215 0
uf50-0799 216 0
uf50-0799 213 0
uf50-0799 213 0
uf50-0799 214 0
uf50-0799 213 0
uf50-0799 215 0
uf50-0799 217 0
uf50-0799 215 0
uf50-0799 215 0
uf50-0799 216 0
uf50-0799 215 0
uf50-0799 214 0
uf50-0799 217 0
uf50-0799 216 0
uf50-0799 213 0
uf50-0799 215 0
uf50-0799 214 0
uf50-0799 215 0
uf50-0500 216 0
uf50-0500 215 0
uf50-0500 215 0
uf50-0500 216 0
uf50-0500 216 0
uf50-0500 215 0
uf50-0500 215 0
uf50-0500 215 0
uf50-0500 214 0
uf50-0500 215 0
uf50-0500 213 0
uf50-0500 214 0
uf50-0500 214 0
uf50-0500 215 0
uf50-0500 216 0
uf50-0500 216 0
uf50-0500 215 0
uf50-0500 215 0
uf50-0500 215 0
uf50-0500 215 0
uf50-0500 215 0
uf50-0500 216 0
uf50-0500 216 0
uf50-0500 215 0
uf50-0500 216 0
uf50-0500 215 0
uf50-0500 216 0
uf50-0500 216 0
uf50-0500 214 0
uf50-0500 216 0
uf50-0500 214 0
uf50-0500 216 0
uf50-0500 215 0
uf50-0500 215 0
uf50-0500 217 0
uf50-0500 215 0
uf50-0500 216 0
uf50-0500 215 0
uf50-0500 216 0
uf50-0500 213 0
uf50-0500 214 0
uf50-0500 216 0
uf50-0500 217 0
uf50-0500 216 0
uf50-0500 216 0
uf50-0500 213 0
uf50-0500 216 0
uf50-0500 216 0
uf50-0500 216 0
uf50-0500 214 0
uf50-0496 213 0
uf50-0496 214 0
uf50-0496 216 0
uf50-0496 216 0
uf50-0496 215 0
uf50-0496 215 0
uf50-0496 216 0
uf50-0496 215 0
uf50-0496 216 0
uf50-0496 214 0
uf50-0496 215 0
uf50-0496 213 0
uf50-0496 216 0
uf50-0496 215 0
uf50-0496 215 0
uf50-0496 215 0
uf50-0496 213 0
uf50-0496 214 0
uf50-0496 215 0
uf50-0496 214 0
uf50-0496 216 0
uf50-0496 214 0
uf50-0496 210 0
uf50-0496 211 0
uf50-0496 215 0
uf50-0496 212 0
uf50-0496 215 0
uf50-0496 214 0
uf50-0496 216 0
uf50-0496 216 0
uf50-0496 217 0
uf50-0496 215 0
uf50-0496 214 0
uf50-0496 9985 1 -2 3 -4 -5 -6 -7 -8 9 10 11 12 13 -14 -15 -16 -17 -18 -19 20 21 22 23 -24 -25 -26 27 28 29 30 31 -32 33 34 -35 36 37 -38 -39 -40 -41 42 43 44 45 46 47 48 49 -50 0
uf50-0496 212 0
uf50-0496 212 0
uf50-0496 213 0
uf50-0496 215 0
uf50-0496 214 0
uf50-0496 212 0
uf50-0496 212 0
uf50-0496 10320 1 -2 3 4 -5 -6 -7 -8 9 10 11 12 13 -14 -15 -16 -17 -18 -19 20 21 -22 23 -24 25 -26 27 28 29 30 31 32 -33 34 -35 36 37 38 39 -40 -41 42 -43 44 45 46 47 48 49 -50 0
uf50-0496 214 0
uf50-0496 214 0
uf50-0496 215 0
uf50-0496 215 0
uf50-0496 212 0
uf50-0496 213 0
uf50-0496 217 0
uf50-0496 214 0
uf50-0210 216 0
uf50-0210 216 0
uf50-0210 214 0
uf50-0210 215 0
uf50-0210 217 0
uf50-0210 213 0
uf50-0210 212 0
uf50-0210 213 0
uf50-0210 216 0
uf50-0210 213 0
uf50-0210 216 0
uf50-0210 216 0
uf50-0210 216 0
uf50-0210 215 0
uf50-0210 213 0
uf50-0210 216 0
uf50-0210 214 0
uf50-0210 214 0
uf50-0210 217 0
uf50-0210 216 0
uf50-0210 215 0
uf50-0210 214 0
uf50-0210 212 0
uf50-0210 215 0
uf50-0210 215 0
uf50-0210 216 0
uf50-0210 214 0
uf50-0210 217 0
uf50-0210 213 0
uf50-0210 213 0
uf50-0210 212 0
uf50-0210 214 0
uf50-0210 214 0
uf50-0210 216 0
uf50-0210 217 0
uf50-0210 215 0
uf50-0210 215 0
uf50-0210 213 0
uf50-0210 212 0
uf50-0210 216 0
uf50-0210 213 0
uf50-0210 215 0
uf50-0210 216 0
uf50-0210 214 0
uf50-0210 217 0
uf50-0210 214 0
uf50-0210 214 0
uf50-0210 216 0
uf50-0210 216 0
uf50-0210 216 0
uf50-0810 212 0
uf50-0810 215 0
uf50-0810 215 0
uf50-0810 213 0
uf50-0810 212 0
uf50-0810 216 0
uf50-0810 215 0
uf50-0810 212 0
uf50-0810 213 0
uf50-0810 213 0
uf50-0810 214 0
uf50-0810 214 0
uf50-0810 215 0
uf50-0810 214 0
uf50-0810 212 0
uf50-0810 216 0
uf50-0810 215 0
uf50-0810 214 0
uf50-0810 215 0
uf50-0810 214 0
uf50-0810 213 0
uf50-0810 213 0
uf50-0810 212 0
uf50-0810 214 0
uf50-0810 216 0
uf50-0810 213 0
uf50-0810 214 0
uf50-0810 214 0
uf50-0810 215 0
uf50-0810 215 0
uf50-0810 215 0
uf50-0810 213 0
uf50-0810 215 0
uf50-0810 214 0
uf50-0810 214 0
uf50-0810 215 0
uf50-0810 212 0
uf50-0810 213 0
uf50-0810 214 0
uf50-0810 215 0
uf50-0810 215 0
uf50-0810 213 0
uf50-0810 213 0
uf50-0810 213 0
uf50-0810 215 0
uf50-0810 214 0
uf50-0810 215 0
uf50-0810 214 0
uf50-0810 214 0
uf50-0810 215 0
uf50-013 214 0
uf50-013 211 0
uf50-013 214 0
uf50-013 213 0
uf50-013 215 0
uf50-013 214 0
uf50-013 217 0
uf50-013 216 0
uf50-013 214 0
uf50-013 216 0
uf50-013 216 0
uf50-013 215 0
uf50-013 212 0
uf50-013 213 0
uf50-013 212 0
uf50-013 215 0
uf50-013 214 0
uf50-013 217 0
uf50-013 214 0
uf50-013 214 0
uf50-013 214 0
uf50-013 216 0
uf50-013 216 0
uf50-013 215 0
uf50-013 214 0
uf50-013 213 0
uf50-013 216 0
uf50-013 213 0
uf50-013 214 0
uf50-013 215 0
uf50-013 33692 -1 -2 -3 4 5 -6 7 -8 -9 -10 11 -12 -13 14 15 16 17 18 -19 -20 -21 22 -23 24 -25 26 -27 -28 -29 30 -31 32 -33 34 35 36 37 -38 -39 40 41 42 -43 -44 45 46 47 48 -49 50 0
uf50-013 215 0
uf50-013 214 0
uf50-013 213 0
uf50-013 212 0
uf50-013 215 0
uf50-013 215 0
uf50-013 213 0
uf50-013 216 0
uf50-013 217 0
uf50-013 216 0
uf50-013 213 0
uf50-013 214 0
uf50-013 217 0
uf50-013 214 0
uf50-013 215 0
uf50-013 213 0
uf50-013 213 0
uf50-013 214 0
uf50-013 215 0
uf50-0379 215 0
uf50-0379 7107 -1 2 -3 4 5 6 7 -8 -9 10 -11 -12 -13 14 -15 -16 -17 18 -19 -20 -21 22 23 -24 -25 26 -27 -28 29 30 -31 32 -33 -34 35 36 37 38 39 -40 41 -42 43 44 45 46 47 48 49 50 0
uf50-0379 215 0
uf50-0379 215 0
uf50-0379 215 0
uf50-0379 215 0
uf50-0379 214 0
uf50-0379 215 0
uf50-0379 215 0
uf50-0379 213 0
uf50-0379 213 0
uf50-0379 214 0
uf50-0379 216 0
uf50-0379 216 0
uf50-0379 216 0
uf50-0379 211 0
uf50-0379 216 0
uf50-0379 215 0
uf50-0379 216 0
uf50-0379 212 0
uf50-0379 215 0
uf50-0379 214 0
uf50-0379 214 0
uf50-0379 215 0
uf50-0379 214 0
uf50-0379 217 0
uf50-0379 214 0
uf50-0379 214 0
uf50-0379 214 0
uf50-0379 215 0
uf50-0379 216 0
uf50-0379 213 0
uf50-0379 212 0
uf50-0379 214 0
uf50-0379 217 0
uf50-0379 214 0
uf50-0379 214 0
uf50-0379 215 0
uf50-0379 216 0
uf50-0379 214 0
uf50-0379 214 0
uf50-0379 214 0
uf50-0379 215 0
uf50-0379 215 0
uf50-0379 214 0
uf50-0379 214 0
uf50-0379 215 0
uf50-0379 216 0
uf50-0379 214 0
uf50-0379 214 0
