uf50-0644 9028 1 -2 -3 4 5 -6 7 8 9 -10 11 12 -13 14 15 16 17 18 19 -20 21 22 -23 -24 -25 -26 -27 -28 29 30 31 32 33 34 35 -36 -37 38 -39 -40 41 42 43 44 -45 46 -47 48 -49 50 0
uf50-0644 9028 1 -2 -3 4 5 -6 7 8 9 -10 11 12 -13 14 15 16 17 18 19 -20 21 22 -23 -24 -25 -26 -27 -28 29 30 31 32 33 34 35 -36 -37 38 -39 -40 41 42 43 44 -45 46 -47 48 -49 50 0
uf50-0644 9028 1 -2 -3 4 5 -6 7 8 9 -10 11 12 -13 14 15 16 17 18 19 -20 21 22 -23 -24 -25 -26 -27 -28 29 30 31 32 33 34 35 -36 -37 38 -39 -40 41 42 43 44 -45 46 -47 48 -49 50 0
uf50-0644 9028 1 -2 -3 4 5 -6 7 8 9 -10 11 12 -13 14 15 16 17 18 19 -20 21 22 -23 -24 -25 -26 -27 -28 29 30 31 32 33 34 35 -36 -37 38 -39 -40 41 42 43 44 -45 46 -47 48 -49 50 0
uf50-0644 9028 1 -2 -3 4 5 -6 7 8 9 -10 11 12 -13 14 15 16 17 18 19 -20 21 22 -23 -24 -25 -26 -27 -28 29 30 31 32 33 34 35 -36 -37 38 -39 -40 41 42 43 44 -45 46 -47 48 -49 50 0
uf50-0644 9028 1 -2 -3 4 5 -6 7 8 9 -10 11 12 -13 14 15 16 17 18 19 -20 21 22 -23 -24 -25 -26 -27 -28 29 30 31 32 33 34 35 -36 -37 38 -39 -40 41 42 43 44 -45 46 -47 48 -49 50 0
uf50-0644 9028 1 -2 -3 4 5 -6 7 8 9 -10 11 12 -13 14 15 16 17 18 19 -20 21 22 -23 -24 -25 -26 -27 -28 29 30 31 32 33 34 35 -36 -37 38 -39 -40 41 42 43 44 -45 46 -47 48 -49 50 0
uf50-0644 9028 1 -2 -3 4 5 -6 7 8 9 -10 11 12 -13 14 15 16 17 18 19 -20 21 22 -23 -24 -25 -26 -27 -28 29 30 31 32 33 34 35 -36 -37 38 -39 -40 41 42 43 44 -45 46 -47 48 -49 50 0
uf50-0644 9028 1 -2 -3 4 5 -6 7 8 9 -10 11 12 -13 14 15 16 17 18 19 -20 21 22 -23 -24 -25 -26 -27 -28 29 30 31 32 33 34 35 -36 -37 38 -39 -40 41 42 43 44 -45 46 -47 48 -49 50 0
uf50-0644 9028 1 -2 -3 4 5 -6 7 8 9 -10 11 12 -13 14 15 16 17 18 19 -20 21 22 -23 -24 -25 -26 -27 -28 29 30 31 32 33 34 35 -36 -37 38 -39 -40 41 42 43 44 -45 46 -47 48 -49 50 0
uf50-0644 9028 1 -2 -3 4 5 -6 7 8 9 -10 11 12 -13 14 15 16 17 18 19 -20 21 22 -23 -24 -25 -26 -27 -28 29 30 31 32 33 34 35 -36 -37 38 -39 -40 41 42 43 44 -45 46 -47 48 -49 50 0
uf50-0644 9028 1 -2 -3 4 5 -6 7 8 9 -10 11 12 -13 14 15 16 17 18 19 -20 21 22 -23 -24 -25 -26 -27 -28 29 30 31 32 33 34 35 -36 -37 38 -39 -40 41 42 43 44 -45 46 -47 48 -49 50 0
uf50-0644 9028 1 -2 -3 4 5 -6 7 8 9 -10 11 12 -13 14 15 16 17 18 19 -20 21 22 -23 -24 -25 -26 -27 -28 29 30 31 32 33 34 35 -36 -37 38 -39 -40 41 42 43 44 -45 46 -47 48 -49 50 0
uf50-0644 9028 1 -2 -3 4 5 -6 7 8 9 -10 11 12 -13 14 15 16 17 18 19 -20 21 22 -23 -24 -25 -26 -27 -28 29 30 31 32 33 34 35 -36 -37 38 -39 -40 41 42 43 44 -45 46 -47 48 -49 50 0
uf50-0644 8996 1 -2 -3 4 5 -6 7 8 9 10 11 12 -13 14 15 16 17 -18 19 -20 21 22 -23 -24 -25 -26 -27 -28 29 30 31 32 33 34 35 -36 -37 38 -39 40 41 42 43 44 -45 46 -47 48 -49 50 0
uf50-0644 9028 1 -2 -3 4 5 -6 7 8 9 -10 11 12 -13 14 15 16 17 18 19 -20 21 22 -23 -24 -25 -26 -27 -28 29 30 31 32 33 34 35 -36 -37 38 -39 -40 41 42 43 44 -45 46 -47 48 -49 50 0
uf50-0644 9028 1 -2 -3 4 5 -6 7 8 9 -10 11 12 -13 14 15 16 17 18 19 -20 21 22 -23 -24 -25 -26 -27 -28 29 30 31 32 33 34 35 -36 -37 38 -39 -40 41 42 43 44 -45 46 -47 48 -49 50 0
uf50-0644 9028 1 -2 -3 4 5 -6 7 8 9 -10 11 12 -13 14 15 16 17 18 19 -20 21 22 -23 -24 -25 -26 -27 -28 29 30 31 32 33 34 35 -36 -37 38 -39 -40 41 42 43 44 -45 46 -47 48 -49 50 0
uf50-0644 9028 1 -2 -3 4 5 -6 7 8 9 -10 11 12 -13 14 15 16 17 18 19 -20 21 22 -23 -24 -25 -26 -27 -28 29 30 31 32 33 34 35 -36 -37 38 -39 -40 41 42 43 44 -45 46 -47 48 -49 50 0
uf50-0644 9028 1 -2 -3 4 5 -6 7 8 9 -10 11 12 -13 14 15 16 17 18 19 -20 21 22 -23 -24 -25 -26 -27 -28 29 30 31 32 33 34 35 -36 -37 38 -39 -40 41 42 43 44 -45 46 -47 48 -49 50 0
uf50-0644 9028 1 -2 -3 4 5 -6 7 8 9 -10 11 12 -13 14 15 16 17 18 19 -20 21 22 -23 -24 -25 -26 -27 -28 29 30 31 32 33 34 35 -36 -37 38 -39 -40 41 42 43 44 -45 46 -47 48 -49 50 0
uf50-0644 9028 1 -2 -3 4 5 -6 7 8 9 -10 11 12 -13 14 15 16 17 18 19 -20 21 22 -23 -24 -25 -26 -27 -28 29 30 31 32 33 34 35 -36 -37 38 -39 -40 41 42 43 44 -45 46 -47 48 -49 50 0
uf50-0644 9028 1 -2 -3 4 5 -6 7 8 9 -10 11 12 -13 14 15 16 17 18 19 -20 21 22 -23 -24 -25 -26 -27 -28 29 30 31 32 33 34 35 -36 -37 38 -39 -40 41 42 43 44 -45 46 -47 48 -49 50 0
uf50-0644 9028 1 -2 -3 4 5 -6 7 8 9 -10 11 12 -13 14 15 16 17 18 19 -20 21 22 -23 -24 -25 -26 -27 -28 29 30 31 32 33 34 35 -36 -37 38 -39 -40 41 42 43 44 -45 46 -47 48 -49 50 0
uf50-0644 9028 1 -2 -3 4 5 -6 7 8 9 -10 11 12 -13 14 15 16 17 18 19 -20 21 22 -23 -24 -25 -26 -27 -28 29 30 31 32 33 34 35 -36 -37 38 -39 -40 41 42 43 44 -45 46 -47 48 -49 50 0
uf50-0644 9028 1 -2 -3 4 5 -6 7 8 9 -10 11 12 -13 14 15 16 17 18 19 -20 21 22 -23 -24 -25 -26 -27 -28 29 30 31 32 33 34 35 -36 -37 38 -39 -40 41 42 43 44 -45 46 -47 48 -49 50 0
uf50-0644 9028 1 -2 -3 4 5 -6 7 8 9 -10 11 12 -13 14 15 16 17 18 19 -20 21 22 -23 -24 -25 -26 -27 -28 29 30 31 32 33 34 35 -36 -37 38 -39 -40 41 42 43 44 -45 46 -47 48 -49 50 0
uf50-0644 9028 1 -2 -3 4 5 -6 7 8 9 -10 11 12 -13 14 15 16 17 18 19 -20 21 22 -23 -24 -25 -26 -27 -28 29 30 31 32 33 34 35 -36 -37 38 -39 -40 41 42 43 44 -45 46 -47 48 -49 50 0
uf50-0644 9028 1 -2 -3 4 5 -6 7 8 9 -10 11 12 -13 14 15 16 17 18 19 -20 21 22 -23 -24 -25 -26 -27 -28 29 30 31 32 33 34 35 -36 -37 38 -39 -40 41 42 43 44 -45 46 -47 48 -49 50 0
uf50-0644 9028 1 -2 -3 4 5 -6 7 8 9 -10 11 12 -13 14 15 16 17 18 19 -20 21 22 -23 -24 -25 -26 -27 -28 29 30 31 32 33 34 35 -36 -37 38 -39 -40 41 42 43 44 -45 46 -47 48 -49 50 0
uf50-0644 9028 1 -2 -3 4 5 -6 7 8 9 -10 11 12 -13 14 15 16 17 18 19 -20 21 22 -23 -24 -25 -26 -27 -28 29 30 31 32 33 34 35 -36 -37 38 -39 -40 41 42 43 44 -45 46 -47 48 -49 50 0
uf50-0644 9028 1 -2 -3 4 5 -6 7 8 9 -10 11 12 -13 14 15 16 17 18 19 -20 21 22 -23 -24 -25 -26 -27 -28 29 30 31 32 33 34 35 -36 -37 38 -39 -40 41 42 43 44 -45 46 -47 48 -49 50 0
uf50-0644 9028 1 -2 -3 4 5 -6 7 8 9 -10 11 12 -13 14 15 16 17 18 19 -20 21 22 -23 -24 -25 -26 -27 -28 29 30 31 32 33 34 35 -36 -37 38 -39 -40 41 42 43 44 -45 46 -47 48 -49 50 0
uf50-0644 9028 1 -2 -3 4 5 -6 7 8 9 -10 11 12 -13 14 15 16 17 18 19 -20 21 22 -23 -24 -25 -26 -27 -28 29 30 31 32 33 34 35 -36 -37 38 -39 -40 41 42 43 44 -45 46 -47 48 -49 50 0
uf50-0644 9028 1 -2 -3 4 5 -6 7 8 9 -10 11 12 -13 14 15 16 17 18 19 -20 21 22 -23 -24 -25 -26 -27 -28 29 30 31 32 33 34 35 -36 -37 38 -39 -40 41 42 43 44 -45 46 -47 48 -49 50 0
uf50-0644 9028 1 -2 -3 4 5 -6 7 8 9 -10 11 12 -13 14 15 16 17 18 19 -20 21 22 -23 -24 -25 -26 -27 -28 29 30 31 32 33 34 35 -36 -37 38 -39 -40 41 42 43 44 -45 46 -47 48 -49 50 0
uf50-0644 9028 1 -2 -3 4 5 -6 7 8 9 -10 11 12 -13 14 15 16 17 18 19 -20 21 22 -23 -24 -25 -26 -27 -28 29 30 31 32 33 34 35 -36 -37 38 -39 -40 41 42 43 44 -45 46 -47 48 -49 50 0
uf50-0644 9028 1 -2 -3 4 5 -6 7 8 9 -10 11 12 -13 14 15 16 17 18 19 -20 21 22 -23 -24 -25 -26 -27 -28 29 30 31 32 33 34 35 -36 -37 38 -39 -40 41 42 43 44 -45 46 -47 48 -49 50 0
uf50-0644 9028 1 -2 -3 4 5 -6 7 8 9 -10 11 12 -13 14 15 16 17 18 19 -20 21 22 -23 -24 -25 -26 -27 -28 29 30 31 32 33 34 35 -36 -37 38 -39 -40 41 42 43 44 -45 46 -47 48 -49 50 0
uf50-0644 9028 1 -2 -3 4 5 -6 7 8 9 -10 11 12 -13 14 15 16 17 18 19 -20 21 22 -23 -24 -25 -26 -27 -28 29 30 31 32 33 34 35 -36 -37 38 -39 -40 41 42 43 44 -45 46 -47 48 -49 50 0
uf50-0644 9028 1 -2 -3 4 5 -6 7 8 9 -10 11 12 -13 14 15 16 17 18 19 -20 21 22 -23 -24 -25 -26 -27 -28 29 30 31 32 33 34 35 -36 -37 38 -39 -40 41 42 43 44 -45 46 -47 48 -49 50 0
uf50-0644 9028 1 -2 -3 4 5 -6 7 8 9 -10 11 12 -13 14 15 16 17 18 19 -20 21 22 -23 -24 -25 -26 -27 -28 29 30 31 32 33 34 35 -36 -37 38 -39 -40 41 42 43 44 -45 46 -47 48 -49 50 0
uf50-0644 9028 1 -2 -3 4 5 -6 7 8 9 -10 11 12 -13 14 15 16 17 18 19 -20 21 22 -23 -24 -25 -26 -27 -28 29 30 31 32 33 34 35 -36 -37 38 -39 -40 41 42 43 44 -45 46 -47 48 -49 50 0
uf50-0644 9028 1 -2 -3 4 5 -6 7 8 9 -10 11 12 -13 14 15 16 17 18 19 -20 21 22 -23 -24 -25 -26 -27 -28 29 30 31 32 33 34 35 -36 -37 38 -39 -40 41 42 43 44 -45 46 -47 48 -49 50 0
uf50-0644 9028 1 -2 -3 4 5 -6 7 8 9 -10 11 12 -13 14 15 16 17 18 19 -20 21 22 -23 -24 -25 -26 -27 -28 29 30 31 32 33 34 35 -36 -37 38 -39 -40 41 42 43 44 -45 46 -47 48 -49 50 0
uf50-0644 9028 1 -2 -3 4 5 -6 7 8 9 -10 11 12 -13 14 15 16 17 18 19 -20 21 22 -23 -24 -25 -26 -27 -28 29 30 31 32 33 34 35 -36 -37 38 -39 -40 41 42 43 44 -45 46 -47 48 -49 50 0
uf50-0644 9028 1 -2 -3 4 5 -6 7 8 9 -10 11 12 -13 14 15 16 17 18 19 -20 21 22 -23 -24 -25 -26 -27 -28 29 30 31 32 33 34 35 -36 -37 38 -39 -40 41 42 43 44 -45 46 -47 48 -49 50 0
uf50-0644 9028 1 -2 -3 4 5 -6 7 8 9 -10 11 12 -13 14 15 16 17 18 19 -20 21 22 -23 -24 -25 -26 -27 -28 29 30 31 32 33 34 35 -36 -37 38 -39 -40 41 42 43 44 -45 46 -47 48 -49 50 0
uf50-0644 9028 1 -2 -3 4 5 -6 7 8 9 -10 11 12 -13 14 15 16 17 18 19 -20 21 22 -23 -24 -25 -26 -27 -28 29 30 31 32 33 34 35 -36 -37 38 -39 -40 41 42 43 44 -45 46 -47 48 -49 50 0
uf50-0644 9028 1 -2 -3 4 5 -6 7 8 9 -10 11 12 -13 14 15 16 17 18 19 -20 21 22 -23 -24 -25 -26 -27 -28 29 30 31 32 33 34 35 -36 -37 38 -39 -40 41 42 43 44 -45 46 -47 48 -49 50 0
uf50-0996 9253 1 2 -3 4 -5 6 -7 8 -9 10 -11 12 -13 -14 15 -16 17 18 19 -20 -21 -22 23 24 -25 -26 27 28 -29 30 31 -32 33 34 35 -36 37 -38 39 -40 41 42 -43 44 -45 -46 -47 -48 -49 -50 0
uf50-0996 9228 1 2 -3 4 -5 6 -7 8 -9 10 -11 12 -13 -14 15 16 17 18 19 -20 -21 -22 23 24 -25 -26 27 28 -29 30 31 -32 33 34 35 -36 37 -38 39 -40 41 -42 -43 44 -45 -46 -47 -48 -49 -50 0
uf50-0996 9253 1 2 -3 4 -5 6 -7 8 -9 10 -11 12 -13 -14 15 -16 17 18 19 -20 -21 -22 23 24 -25 -26 27 28 -29 30 31 -32 33 34 35 -36 37 -38 39 -40 41 42 -43 44 -45 -46 -47 -48 -49 -50 0
uf50-0996 8934 1 2 -3 4 -5 6 -7 8 -9 10 -11 12 -13 -14 15 16 17 18 19 -20 -21 -22 23 24 -25 -26 27 -28 -29 30 31 -32 33 -34 35 -36 37 -38 39 -40 41 42 -43 44 -45 -46 -47 -48 -49 -50 0
uf50-0996 9253 1 2 -3 4 -5 6 -7 8 -9 10 -11 12 -13 -14 15 -16 17 18 19 -20 -21 -22 23 24 -25 -26 27 28 -29 30 31 -32 33 34 35 -36 37 -38 39 -40 41 42 -43 44 -45 -46 -47 -48 -49 -50 0
uf50-0996 9253 1 2 -3 4 -5 6 -7 8 -9 10 -11 12 -13 -14 15 -16 17 18 19 -20 -21 -22 23 24 -25 -26 27 28 -29 30 31 -32 33 34 35 -36 37 -38 39 -40 41 42 -43 44 -45 -46 -47 -48 -49 -50 0
uf50-0996 9228 1 2 -3 4 -5 6 -7 8 -9 10 -11 12 -13 -14 15 16 17 18 19 -20 -21 -22 23 24 -25 -26 27 28 -29 30 31 -32 33 34 35 -36 37 -38 39 -40 41 -42 -43 44 -45 -46 -47 -48 -49 -50 0
uf50-0996 9253 1 2 -3 4 -5 6 -7 8 -9 10 -11 12 -13 -14 15 -16 17 18 19 -20 -21 -22 23 24 -25 -26 27 28 -29 30 31 -32 33 34 35 -36 37 -38 39 -40 41 42 -43 44 -45 -46 -47 -48 -49 -50 0
uf50-0996 9228 1 2 -3 4 -5 6 -7 8 -9 10 -11 12 -13 -14 15 16 17 18 19 -20 -21 -22 23 24 -25 -26 27 28 -29 30 31 -32 33 34 35 -36 37 -38 39 -40 41 -42 -43 44 -45 -46 -47 -48 -49 -50 0
uf50-0996 9228 1 2 -3 4 -5 6 -7 8 -9 10 -11 12 -13 -14 15 16 17 18 19 -20 -21 -22 23 24 -25 -26 27 28 -29 30 31 -32 33 34 35 -36 37 -38 39 -40 41 -42 -43 44 -45 -46 -47 -48 -49 -50 0
uf50-0996 9253 1 2 -3 4 -5 6 -7 8 -9 10 -11 12 -13 -14 15 -16 17 18 19 -20 -21 -22 23 24 -25 -26 27 28 -29 30 31 -32 33 34 35 -36 37 -38 39 -40 41 42 -43 44 -45 -46 -47 -48 -49 -50 0
uf50-0996 9228 1 2 -3 4 -5 6 -7 8 -9 10 -11 12 -13 -14 15 16 17 18 19 -20 -21 -22 23 24 -25 -26 27 28 -29 30 31 -32 33 34 35 -36 37 -38 39 -40 41 -42 -43 44 -45 -46 -47 -48 -49 -50 0
uf50-0996 9253 1 2 -3 4 -5 6 -7 8 -9 10 -11 12 -13 -14 15 -16 17 18 19 -20 -21 -22 23 24 -25 -26 27 28 -29 30 31 -32 33 34 35 -36 37 -38 39 -40 41 42 -43 44 -45 -46 -47 -48 -49 -50 0
uf50-0996 9228 1 2 -3 4 -5 6 -7 8 -9 10 -11 12 -13 -14 15 16 17 18 19 -20 -21 -22 23 24 -25 -26 27 28 -29 30 31 -32 33 34 35 -36 37 -38 39 -40 41 -42 -43 44 -45 -46 -47 -48 -49 -50 0
uf50-0996 9253 1 2 -3 4 -5 6 -7 8 -9 10 -11 12 -13 -14 15 -16 17 18 19 -20 -21 -22 23 24 -25 -26 27 28 -29 30 31 -32 33 34 35 -36 37 -38 39 -40 41 42 -43 44 -45 -46 -47 -48 -49 -50 0
uf50-0996 9253 1 2 -3 4 -5 6 -7 8 -9 10 -11 12 -13 -14 15 -16 17 18 19 -20 -21 -22 23 24 -25 -26 27 28 -29 30 31 -32 33 34 35 -36 37 -38 39 -40 41 42 -43 44 -45 -46 -47 -48 -49 -50 0
uf50-0996 9253 1 2 -3 4 -5 6 -7 8 -9 10 -11 12 -13 -14 15 -16 17 18 19 -20 -21 -22 23 24 -25 -26 27 28 -29 30 31 -32 33 34 35 -36 37 -38 39 -40 41 42 -43 44 -45 -46 -47 -48 -49 -50 0
uf50-0996 9253 1 2 -3 4 -5 6 -7 8 -9 10 -11 12 -13 -14 15 -16 17 18 19 -20 -21 -22 23 24 -25 -26 27 28 -29 30 31 -32 33 34 35 -36 37 -38 39 -40 41 42 -43 44 -45 -46 -47 -48 -49 -50 0
uf50-0996 9253 1 2 -3 4 -5 6 -7 8 -9 10 -11 12 -13 -14 15 -16 17 18 19 -20 -21 -22 23 24 -25 -26 27 28 -29 30 31 -32 33 34 35 -36 37 -38 39 -40 41 42 -43 44 -45 -46 -47 -48 -49 -50 0
uf50-0996 9253 1 2 -3 4 -5 6 -7 8 -9 10 -11 12 -13 -14 15 -16 17 18 19 -20 -21 -22 23 24 -25 -26 27 28 -29 30 31 -32 33 34 35 -36 37 -38 39 -40 41 42 -43 44 -45 -46 -47 -48 -49 -50 0
uf50-0996 9228 1 2 -3 4 -5 6 -7 8 -9 10 -11 12 -13 -14 15 16 17 18 19 -20 -21 -22 23 24 -25 -26 27 28 -29 30 31 -32 33 34 35 -36 37 -38 39 -40 41 -42 -43 44 -45 -46 -47 -48 -49 -50 0
uf50-0996 8934 1 2 -3 4 -5 6 -7 8 -9 10 -11 12 -13 -14 15 16 17 18 19 -20 -21 -22 23 24 -25 -26 27 -28 -29 30 31 -32 33 -34 35 -36 37 -38 39 -40 41 42 -43 44 -45 -46 -47 -48 -49 -50 0
uf50-0996 9253 1 2 -3 4 -5 6 -7 8 -9 10 -11 12 -13 -14 15 -16 17 18 19 -20 -21 -22 23 24 -25 -26 27 28 -29 30 31 -32 33 34 35 -36 37 -38 39 -40 41 42 -43 44 -45 -46 -47 -48 -49 -50 0
uf50-0996 9253 1 2 -3 4 -5 6 -7 8 -9 10 -11 12 -13 -14 15 -16 17 18 19 -20 -21 -22 23 24 -25 -26 27 28 -29 30 31 -32 33 34 35 -36 37 -38 39 -40 41 42 -43 44 -45 -46 -47 -48 -49 -50 0
uf50-0996 9253 1 2 -3 4 -5 6 -7 8 -9 10 -11 12 -13 -14 15 -16 17 18 19 -20 -21 -22 23 24 -25 -26 27 28 -29 30 31 -32 33 34 35 -36 37 -38 39 -40 41 42 -43 44 -45 -46 -47 -48 -49 -50 0
uf50-0996 9228 1 2 -3 4 -5 6 -7 8 -9 10 -11 12 -13 -14 15 16 17 18 19 -20 -21 -22 23 24 -25 -26 27 28 -29 30 31 -32 33 34 35 -36 37 -38 39 -40 41 -42 -43 44 -45 -46 -47 -48 -49 -50 0
uf50-0996 9253 1 2 -3 4 -5 6 -7 8 -9 10 -11 12 -13 -14 15 -16 17 18 19 -20 -21 -22 23 24 -25 -26 27 28 -29 30 31 -32 33 34 35 -36 37 -38 39 -40 41 42 -43 44 -45 -46 -47 -48 -49 -50 0
uf50-0996 9253 1 2 -3 4 -5 6 -7 8 -9 10 -11 12 -13 -14 15 -16 17 18 19 -20 -21 -22 23 24 -25 -26 27 28 -29 30 31 -32 33 34 35 -36 37 -38 39 -40 41 42 -43 44 -45 -46 -47 -48 -49 -50 0
uf50-0996 9253 1 2 -3 4 -5 6 -7 8 -9 10 -11 12 -13 -14 15 -16 17 18 19 -20 -21 -22 23 24 -25 -26 27 28 -29 30 31 -32 33 34 35 -36 37 -38 39 -40 41 42 -43 44 -45 -46 -47 -48 -49 -50 0
uf50-0996 9253 1 2 -3 4 -5 6 -7 8 -9 10 -11 12 -13 -14 15 -16 17 18 19 -20 -21 -22 23 24 -25 -26 27 28 -29 30 31 -32 33 34 35 -36 37 -38 39 -40 41 42 -43 44 -45 -46 -47 -48 -49 -50 0
uf50-0996 9253 1 2 -3 4 -5 6 -7 8 -9 10 -11 12 -13 -14 15 -16 17 18 19 -20 -21 -22 23 24 -25 -26 27 28 -29 30 31 -32 33 34 35 -36 37 -38 39 -40 41 42 -43 44 -45 -46 -47 -48 -49 -50 0
uf50-0996 9253 1 2 -3 4 -5 6 -7 8 -9 10 -11 12 -13 -14 15 -16 17 18 19 -20 -21 -22 23 24 -25 -26 27 28 -29 30 31 -32 33 34 35 -36 37 -38 39 -40 41 42 -43 44 -45 -46 -47 -48 -49 -50 0
uf50-0996 9253 1 2 -3 4 -5 6 -7 8 -9 10 -11 12 -13 -14 15 -16 17 18 19 -20 -21 -22 23 24 -25 -26 27 28 -29 30 31 -32 33 34 35 -36 37 -38 39 -40 41 42 -43 44 -45 -46 -47 -48 -49 -50 0
uf50-0996 9253 1 2 -3 4 -5 6 -7 8 -9 10 -11 12 -13 -14 15 -16 17 18 19 -20 -21 -22 23 24 -25 -26 27 28 -29 30 31 -32 33 34 35 -36 37 -38 39 -40 41 42 -43 44 -45 -46 -47 -48 -49 -50 0
uf50-0996 9253 1 2 -3 4 -5 6 -7 8 -9 10 -11 12 -13 -14 15 -16 17 18 19 -20 -21 -22 23 24 -25 -26 27 28 -29 30 31 -32 33 34 35 -36 37 -38 39 -40 41 42 -43 44 -45 -46 -47 -48 -49 -50 0
uf50-0996 9228 1 2 -3 4 -5 6 -7 8 -9 10 -11 12 -13 -14 15 16 17 18 19 -20 -21 -22 23 24 -25 -26 27 28 -29 30 31 -32 33 34 35 -36 37 -38 39 -40 41 -42 -43 44 -45 -46 -47 -48 -49 -50 0
uf50-0996 9228 1 2 -3 4 -5 6 -7 8 -9 10 -11 12 -13 -14 15 16 17 18 19 -20 -21 -22 23 24 -25 -26 27 28 -29 30 31 -32 33 34 35 -36 37 -38 39 -40 41 -42 -43 44 -45 -46 -47 -48 -49 -50 0
uf50-0996 9253 1 2 -3 4 -5 6 -7 8 -9 10 -11 12 -13 -14 15 -16 17 18 19 -20 -21 -22 23 24 -25 -26 27 28 -29 30 31 -32 33 34 35 -36 37 -38 39 -40 41 42 -43 44 -45 -46 -47 -48 -49 -50 0
uf50-0996 9228 1 2 -3 4 -5 6 -7 8 -9 10 -11 12 -13 -14 15 16 17 18 19 -20 -21 -22 23 24 -25 -26 27 28 -29 30 31 -32 33 34 35 -36 37 -38 39 -40 41 -42 -43 44 -45 -46 -47 -48 -49 -50 0
uf50-0996 9253 1 2 -3 4 -5 6 -7 8 -9 10 -11 12 -13 -14 15 -16 17 18 19 -20 -21 -22 23 24 -25 -26 27 28 -29 30 31 -32 33 34 35 -36 37 -38 39 -40 41 42 -43 44 -45 -46 -47 -48 -49 -50 0
uf50-0996 9228 1 2 -3 4 -5 6 -7 8 -9 10 -11 12 -13 -14 15 16 17 18 19 -20 -21 -22 23 24 -25 -26 27 28 -29 30 31 -32 33 34 35 -36 37 -38 39 -40 41 -42 -43 44 -45 -46 -47 -48 -49 -50 0
uf50-0996 8934 1 2 -3 4 -5 6 -7 8 -9 10 -11 12 -13 -14 15 16 17 18 19 -20 -21 -22 23 24 -25 -26 27 -28 -29 30 31 -32 33 -34 35 -36 37 -38 39 -40 41 42 -43 44 -45 -46 -47 -48 -49 -50 0
uf50-0996 9253 1 2 -3 4 -5 6 -7 8 -9 10 -11 12 -13 -14 15 -16 17 18 19 -20 -21 -22 23 24 -25 -26 27 28 -29 30 31 -32 33 34 35 -36 37 -38 39 -40 41 42 -43 44 -45 -46 -47 -48 -49 -50 0
uf50-0996 9253 1 2 -3 4 -5 6 -7 8 -9 10 -11 12 -13 -14 15 -16 17 18 19 -20 -21 -22 23 24 -25 -26 27 28 -29 30 31 -32 33 34 35 -36 37 -38 39 -40 41 42 -43 44 -45 -46 -47 -48 -49 -50 0
uf50-0996 9253 1 2 -3 4 -5 6 -7 8 -9 10 -11 12 -13 -14 15 -16 17 18 19 -20 -21 -22 23 24 -25 -26 27 28 -29 30 31 -32 33 34 35 -36 37 -38 39 -40 41 42 -43 44 -45 -46 -47 -48 -49 -50 0
uf50-0996 217 0
uf50-0996 9253 1 2 -3 4 -5 6 -7 8 -9 10 -11 12 -13 -14 15 -16 17 18 19 -20 -21 -22 23 24 -25 -26 27 28 -29 30 31 -32 33 34 35 -36 37 -38 39 -40 41 42 -43 44 -45 -46 -47 -48 -49 -50 0
uf50-0996 9253 1 2 -3 4 -5 6 -7 8 -9 10 -11 12 -13 -14 15 -16 17 18 19 -20 -21 -22 23 24 -25 -26 27 28 -29 30 31 -32 33 34 35 -36 37 -38 39 -40 41 42 -43 44 -45 -46 -47 -48 -49 -50 0
uf50-0996 9253 1 2 -3 4 -5 6 -7 8 -9 10 -11 12 -13 -14 15 -16 17 18 19 -20 -21 -22 23 24 -25 -26 27 28 -29 30 31 -32 33 34 35 -36 37 -38 39 -40 41 42 -43 44 -45 -46 -47 -48 -49 -50 0
uf50-0996 9253 1 2 -3 4 -5 6 -7 8 -9 10 -11 12 -13 -14 15 -16 17 18 19 -20 -21 -22 23 24 -25 -26 27 28 -29 30 31 -32 33 34 35 -36 37 -38 39 -40 41 42 -43 44 -45 -46 -47 -48 -49 -50 0
uf50-0196 6833 1 -2 -3 4 5 6 -7 8 9 10 11 12 -13 -14 15 16 -17 -18 19 -20 -21 -22 -23 -24 -25 26 27 28 29 -30 -31 -32 33 34 35 -36 37 -38 39 40 -41 42 -43 44 -45 -46 47 48 49 50 0
uf50-0196 6833 1 -2 -3 4 5 6 -7 8 9 10 11 12 -13 -14 15 16 -17 -18 19 -20 -21 -22 -23 -24 -25 26 27 28 29 -30 -31 -32 33 34 35 -36 37 -38 39 40 -41 42 -43 44 -45 -46 47 48 49 50 0
uf50-0196 6833 1 -2 -3 4 5 6 -7 8 9 10 11 12 -13 -14 15 16 -17 -18 19 -20 -21 -22 -23 -24 -25 26 27 28 29 -30 -31 -32 33 34 35 -36 37 -38 39 40 -41 42 -43 44 -45 -46 47 48 49 50 0
uf50-0196 6833 1 -2 -3 4 5 6 -7 8 9 10 11 12 -13 -14 15 16 -17 -18 19 -20 -21 -22 -23 -24 -25 26 27 28 29 -30 -31 -32 33 34 35 -36 37 -38 39 40 -41 42 -43 44 -45 -46 47 48 49 50 0
uf50-0196 6833 1 -2 -3 4 5 6 -7 8 9 10 11 12 -13 -14 15 16 -17 -18 19 -20 -21 -22 -23 -24 -25 26 27 28 29 -30 -31 -32 33 34 35 -36 37 -38 39 40 -41 42 -43 44 -45 -46 47 48 49 50 0
uf50-0196 8052 1 -2 -3 -4 -5 -6 -7 8 9 -10 11 12 -13 14 15 16 -17 -18 -19 -20 -21 22 23 24 -25 26 27 -28 29 30 -31 32 -33 -34 35 -36 -37 -38 39 40 -41 -42 43 44 -45 46 47 48 -49 -50 0
uf50-0196 8095 1 -2 -3 4 -5 -6 -7 8 9 10 11 12 -13 14 15 16 -17 -18 -19 -20 -21 22 23 -24 -25 26 27 -28 29 30 -31 32 -33 -34 35 -36 -37 -38 39 40 -41 -42 43 44 -45 -46 47 48 -49 -50 0
uf50-0196 6833 1 -2 -3 4 5 6 -7 8 9 10 11 12 -13 -14 15 16 -17 -18 19 -20 -21 -22 -23 -24 -25 26 27 28 29 -30 -31 -32 33 34 35 -36 37 -38 39 40 -41 42 -43 44 -45 -46 47 48 49 50 0
uf50-0196 8095 1 -2 -3 4 -5 -6 -7 8 9 10 11 12 -13 14 15 16 -17 -18 -19 -20 -21 22 23 -24 -25 26 27 -28 29 30 -31 32 -33 -34 35 -36 -37 -38 39 40 -41 -42 43 44 -45 -46 47 48 -49 -50 0
uf50-0196 8061 1 -2 -3 4 -5 -6 -7 8 9 10 11 12 -13 14 15 16 -17 -18 -19 -20 -21 22 23 24 -25 26 27 -28 29 30 -31 32 -33 -34 35 -36 -37 -38 -39 40 -41 -42 43 44 -45 46 47 48 -49 -50 0
uf50-0196 6833 1 -2 -3 4 5 6 -7 8 9 10 11 12 -13 -14 15 16 -17 -18 19 -20 -21 -22 -23 -24 -25 26 27 28 29 -30 -31 -32 33 34 35 -36 37 -38 39 40 -41 42 -43 44 -45 -46 47 48 49 50 0
uf50-0196 7913 1 -2 -3 4 -5 -6 -7 8 9 10 11 12 -13 14 15 16 -17 -18 -19 -20 -21 22 23 24 -25 -26 27 -28 29 30 -31 32 -33 -34 35 -36 -37 -38 -39 40 -41 -42 43 44 -45 46 47 48 -49 -50 0
uf50-0196 6833 1 -2 -3 4 5 6 -7 8 9 10 11 12 -13 -14 15 16 -17 -18 19 -20 -21 -22 -23 -24 -25 26 27 28 29 -30 -31 -32 33 34 35 -36 37 -38 39 40 -41 42 -43 44 -45 -46 47 48 49 50 0
uf50-0196 8095 1 -2 -3 4 -5 -6 -7 8 9 10 11 12 -13 14 15 16 -17 -18 -19 -20 -21 22 23 -24 -25 26 27 -28 29 30 -31 32 -33 -34 35 -36 -37 -38 39 40 -41 -42 43 44 -45 -46 47 48 -49 -50 0
uf50-0196 6833 1 -2 -3 4 5 6 -7 8 9 10 11 12 -13 -14 15 16 -17 -18 19 -20 -21 -22 -23 -24 -25 26 27 28 29 -30 -31 -32 33 34 35 -36 37 -38 39 40 -41 42 -43 44 -45 -46 47 48 49 50 0
uf50-0196 6833 1 -2 -3 4 5 6 -7 8 9 10 11 12 -13 -14 15 16 -17 -18 19 -20 -21 -22 -23 -24 -25 26 27 28 29 -30 -31 -32 33 34 35 -36 37 -38 39 40 -41 42 -43 44 -45 -46 47 48 49 50 0
uf50-0196 8095 1 -2 -3 4 -5 -6 -7 8 9 10 11 12 -13 14 15 16 -17 -18 -19 -20 -21 22 23 -24 -25 26 27 -28 29 30 -31 32 -33 -34 35 -36 -37 -38 39 40 -41 -42 43 44 -45 -46 47 48 -49 -50 0
uf50-0196 7540 1 -2 -3 -4 5 -6 -7 8 9 -10 11 12 -13 14 -15 16 -17 -18 -19 -20 -21 22 -23 -24 -25 26 27 -28 29 30 -31 32 -33 -34 35 -36 -37 -38 39 40 -41 -42 43 44 -45 -46 47 48 -49 -50 0
uf50-0196 8095 1 -2 -3 4 -5 -6 -7 8 9 10 11 12 -13 14 15 16 -17 -18 -19 -20 -21 22 23 -24 -25 26 27 -28 29 30 -31 32 -33 -34 35 -36 -37 -38 39 40 -41 -42 43 44 -45 -46 47 48 -49 -50 0
uf50-0196 6833 1 -2 -3 4 5 6 -7 8 9 10 11 12 -13 -14 15 16 -17 -18 19 -20 -21 -22 -23 -24 -25 26 27 28 29 -30 -31 -32 33 34 35 -36 37 -38 39 40 -41 42 -43 44 -45 -46 47 48 49 50 0
uf50-0196 6833 1 -2 -3 4 5 6 -7 8 9 10 11 12 -13 -14 15 16 -17 -18 19 -20 -21 -22 -23 -24 -25 26 27 28 29 -30 -31 -32 33 34 35 -36 37 -38 39 40 -41 42 -43 44 -45 -46 47 48 49 50 0
uf50-0196 6833 1 -2 -3 4 5 6 -7 8 9 10 11 12 -13 -14 15 16 -17 -18 19 -20 -21 -22 -23 -24 -25 26 27 28 29 -30 -31 -32 33 34 35 -36 37 -38 39 40 -41 42 -43 44 -45 -46 47 48 49 50 0
uf50-0196 6833 1 -2 -3 4 5 6 -7 8 9 10 11 12 -13 -14 15 16 -17 -18 19 -20 -21 -22 -23 -24 -25 26 27 28 29 -30 -31 -32 33 34 35 -36 37 -38 39 40 -41 42 -43 44 -45 -46 47 48 49 50 0
uf50-0196 6833 1 -2 -3 4 5 6 -7 8 9 10 11 12 -13 -14 15 16 -17 -18 19 -20 -21 -22 -23 -24 -25 26 27 28 29 -30 -31 -32 33 34 35 -36 37 -38 39 40 -41 42 -43 44 -45 -46 47 48 49 50 0
uf50-0196 6833 1 -2 -3 4 5 6 -7 8 9 10 11 12 -13 -14 15 16 -17 -18 19 -20 -21 -22 -23 -24 -25 26 27 28 29 -30 -31 -32 33 34 35 -36 37 -38 39 40 -41 42 -43 44 -45 -46 47 48 49 50 0
uf50-0196 6833 1 -2 -3 4 5 6 -7 8 9 10 11 12 -13 -14 15 16 -17 -18 19 -20 -21 -22 -23 -24 -25 26 27 28 29 -30 -31 -32 33 34 35 -36 37 -38 39 40 -41 42 -43 44 -45 -46 47 48 49 50 0
uf50-0196 7826 1 -2 -3 -4 -5 -6 -7 8 9 10 11 12 -13 14 15 16 -17 -18 -19 -20 -21 22 23 24 -25 -26 27 -28 29 30 -31 32 -33 -34 35 -36 -37 -38 -39 40 -41 -42 43 44 -45 46 47 48 -49 -50 0
uf50-0196 6833 1 -2 -3 4 5 6 -7 8 9 10 11 12 -13 -14 15 16 -17 -18 19 -20 -21 -22 -23 -24 -25 26 27 28 29 -30 -31 -32 33 34 35 -36 37 -38 39 40 -41 42 -43 44 -45 -46 47 48 49 50 0
uf50-0196 7765 1 -2 -3 -4 -5 -6 -7 8 9 10 11 12 -13 14 15 16 -17 -18 -19 -20 -21 22 23 24 -25 -26 27 -28 29 30 -31 32 -33 -34 35 -36 -37 -38 -39 40 -41 -42 43 44 -45 -46 47 48 -49 -50 0
uf50-0196 6833 1 -2 -3 4 5 6 -7 8 9 10 11 12 -13 -14 15 16 -17 -18 19 -20 -21 -22 -23 -24 -25 26 27 28 29 -30 -31 -32 33 34 35 -36 37 -38 39 40 -41 42 -43 44 -45 -46 47 48 49 50 0
uf50-0196 217 0
uf50-0196 6833 1 -2 -3 4 5 6 -7 8 9 10 11 12 -13 -14 15 16 -17 -18 19 -20 -21 -22 -23 -24 -25 26 27 28 29 -30 -31 -32 33 34 35 -36 37 -38 39 40 -41 42 -43 44 -45 -46 47 48 49 50 0
uf50-0196 6833 1 -2 -3 4 5 6 -7 8 9 10 11 12 -13 -14 15 16 -17 -18 19 -20 -21 -22 -23 -24 -25 26 27 28 29 -30 -31 -32 33 34 35 -36 37 -38 39 40 -41 42 -43 44 -45 -46 47 48 49 50 0
uf50-0196 7532 1 2 -3 -4 -5 -6 -7 8 9 -10 11 12 -13 14 -15 16 -17 -18 -19 -20 -21 22 23 -24 25 -26 27 28 29 30 -31 -32 -33 -34 35 -36 37 -38 -39 40 -41 -42 -43 44 45 -46 47 48 -49 -50 0
uf50-0196 6833 1 -2 -3 4 5 6 -7 8 9 10 11 12 -13 -14 15 16 -17 -18 19 -20 -21 -22 -23 -24 -25 26 27 28 29 -30 -31 -32 33 34 35 -36 37 -38 39 40 -41 42 -43 44 -45 -46 47 48 49 50 0
uf50-0196 6833 1 -2 -3 4 5 6 -7 8 9 10 11 12 -13 -14 15 16 -17 -18 19 -20 -21 -22 -23 -24 -25 26 27 28 29 -30 -31 -32 33 34 35 -36 37 -38 39 40 -41 42 -43 44 -45 -46 47 48 49 50 0
uf50-0196 8095 1 -2 -3 4 -5 -6 -7 8 9 10 11 12 -13 14 15 16 -17 -18 -19 -20 -21 22 23 -24 -25 26 27 -28 29 30 -31 32 -33 -34 35 -36 -37 -38 39 40 -41 -42 43 44 -45 -46 47 48 -49 -50 0
uf50-0196 6833 1 -2 -3 4 5 6 -7 8 9 10 11 12 -13 -14 15 16 -17 -18 19 -20 -21 -22 -23 -24 -25 26 27 28 29 -30 -31 -32 33 34 35 -36 37 -38 39 40 -41 42 -43 44 -45 -46 47 48 49 50 0
uf50-0196 6833 1 -2 -3 4 5 6 -7 8 9 10 11 12 -13 -14 15 16 -17 -18 19 -20 -21 -22 -23 -24 -25 26 27 28 29 -30 -31 -32 33 34 35 -36 37 -38 39 40 -41 42 -43 44 -45 -46 47 48 49 50 0
uf50-0196 6833 1 -2 -3 4 5 6 -7 8 9 10 11 12 -13 -14 15 16 -17 -18 19 -20 -21 -22 -23 -24 -25 26 27 28 29 -30 -31 -32 33 34 35 -36 37 -38 39 40 -41 42 -43 44 -45 -46 47 48 49 50 0
uf50-0196 6833 1 -2 -3 4 5 6 -7 8 9 10 11 12 -13 -14 15 16 -17 -18 19 -20 -21 -22 -23 -24 -25 26 27 28 29 -30 -31 -32 33 34 35 -36 37 -38 39 40 -41 42 -43 44 -45 -46 47 48 49 50 0
uf50-0196 6833 1 -2 -3 4 5 6 -7 8 9 10 11 12 -13 -14 15 16 -17 -18 19 -20 -21 -22 -23 -24 -25 26 27 28 29 -30 -31 -32 33 34 35 -36 37 -38 39 40 -41 42 -43 44 -45 -46 47 48 49 50 0
uf50-0196 8095 1 -2 -3 4 -5 -6 -7 8 9 10 11 12 -13 14 15 16 -17 -18 -19 -20 -21 22 23 -24 -25 26 27 -28 29 30 -31 32 -33 -34 35 -36 -37 -38 39 40 -41 -42 43 44 -45 -46 47 48 -49 -50 0
uf50-0196 8095 1 -2 -3 4 -5 -6 -7 8 9 10 11 12 -13 14 15 16 -17 -18 -19 -20 -21 22 23 -24 -25 26 27 -28 29 30 -31 32 -33 -34 35 -36 -37 -38 39 40 -41 -42 43 44 -45 -46 47 48 -49 -50 0
uf50-0196 6833 1 -2 -3 4 5 6 -7 8 9 10 11 12 -13 -14 15 16 -17 -18 19 -20 -21 -22 -23 -24 -25 26 27 28 29 -30 -31 -32 33 34 35 -36 37 -38 39 40 -41 42 -43 44 -45 -46 47 48 49 50 0
uf50-0196 8095 1 -2 -3 4 -5 -6 -7 8 9 10 11 12 -13 14 15 16 -17 -18 -19 -20 -21 22 23 -24 -25 26 27 -28 29 30 -31 32 -33 -34 35 -36 -37 -38 39 40 -41 -42 43 44 -45 -46 47 48 -49 -50 0
uf50-0196 8061 1 -2 -3 4 -5 -6 -7 8 9 10 11 12 -13 14 15 16 -17 -18 -19 -20 -21 22 23 24 -25 26 27 -28 29 30 -31 32 -33 -34 35 -36 -37 -38 -39 40 -41 -42 43 44 -45 46 47 48 -49 -50 0
uf50-0196 8095 1 -2 -3 4 -5 -6 -7 8 9 10 11 12 -13 14 15 16 -17 -18 -19 -20 -21 22 23 -24 -25 26 27 -28 29 30 -31 32 -33 -34 35 -36 -37 -38 39 40 -41 -42 43 44 -45 -46 47 48 -49 -50 0
uf50-0196 6833 1 -2 -3 4 5 6 -7 8 9 10 11 12 -13 -14 15 16 -17 -18 19 -20 -21 -22 -23 -24 -25 26 27 28 29 -30 -31 -32 33 34 35 -36 37 -38 39 40 -41 42 -43 44 -45 -46 47 48 49 50 0
uf50-0196 8061 1 -2 -3 4 -5 -6 -7 8 9 10 11 12 -13 14 15 16 -17 -18 -19 -20 -21 22 23 24 -25 26 27 -28 29 30 -31 32 -33 -34 35 -36 -37 -38 -39 40 -41 -42 43 44 -45 46 47 48 -49 -50 0
uf50-0799 11284 -1 2 3 4 -5 6 -7 8 9 10 -11 -12 -13 14 15 16 -17 -18 19 -20 -21 22 23 24 25 26 27 -28 -29 30 31 -32 -33 -34 35 36 -37 38 39 -40 41 42 -43 -44 45 -46 47 48 -49 -50 0
uf50-0799 11284 -1 2 3 4 -5 6 -7 8 9 10 -11 -12 -13 14 15 16 -17 -18 19 -20 -21 22 23 24 25 26 27 -28 -29 30 31 -32 -33 -34 35 36 -37 38 39 -40 41 42 -43 -44 45 -46 47 48 -49 -50 0
uf50-0799 11284 -1 2 3 4 -5 6 -7 8 9 10 -11 -12 -13 14 15 16 -17 -18 19 -20 -21 22 23 24 25 26 27 -28 -29 30 31 -32 -33 -34 35 36 -37 38 39 -40 41 42 -43 -44 45 -46 47 48 -49 -50 0
uf50-0799 11284 -1 2 3 4 -5 6 -7 8 9 10 -11 -12 -13 14 15 16 -17 -18 19 -20 -21 22 23 24 25 26 27 -28 -29 30 31 -32 -33 -34 35 36 -37 38 39 -40 41 42 -43 -44 45 -46 47 48 -49 -50 0
uf50-0799 217 0
uf50-0799 11284 -1 2 3 4 -5 6 -7 8 9 10 -11 -12 -13 14 15 16 -17 -18 19 -20 -21 22 23 24 25 26 27 -28 -29 30 31 -32 -33 -34 35 36 -37 38 39 -40 41 42 -43 -44 45 -46 47 48 -49 -50 0
uf50-0799 10995 -1 2 3 4 -5 6 -7 8 9 10 -11 -12 -13 14 15 16 -17 -18 19 -20 -21 22 23 24 25 26 27 -28 -29 30 -31 -32 -33 -34 35 36 -37 38 39 -40 41 42 -43 -44 45 -46 47 48 -49 -50 0
uf50-0799 11284 -1 2 3 4 -5 6 -7 8 9 10 -11 -12 -13 14 15 16 -17 -18 19 -20 -21 22 23 24 25 26 27 -28 -29 30 31 -32 -33 -34 35 36 -37 38 39 -40 41 42 -43 -44 45 -46 47 48 -49 -50 0
uf50-0799 217 0
uf50-0799 217 0
uf50-0799 11284 -1 2 3 4 -5 6 -7 8 9 10 -11 -12 -13 14 15 16 -17 -18 19 -20 -21 22 23 24 25 26 27 -28 -29 30 31 -32 -33 -34 35 36 -37 38 39 -40 41 42 -43 -44 45 -46 47 48 -49 -50 0
uf50-0799 217 0
uf50-0799 11284 -1 2 3 4 -5 6 -7 8 9 10 -11 -12 -13 14 15 16 -17 -18 19 -20 -21 22 23 24 25 26 27 -28 -29 30 31 -32 -33 -34 35 36 -37 38 39 -40 41 42 -43 -44 45 -46 47 48 -49 -50 0
uf50-0799 11284 -1 2 3 4 -5 6 -7 8 9 10 -11 -12 -13 14 15 16 -17 -18 19 -20 -21 22 23 24 25 26 27 -28 -29 30 31 -32 -33 -34 35 36 -37 38 39 -40 41 42 -43 -44 45 -46 47 48 -49 -50 0
uf50-0799 11284 -1 2 3 4 -5 6 -7 8 9 10 -11 -12 -13 14 15 16 -17 -18 19 -20 -21 22 23 24 25 26 27 -28 -29 30 31 -32 -33 -34 35 36 -37 38 39 -40 41 42 -43 -44 45 -46 47 48 -49 -50 0
uf50-0799 11187 -1 2 3 4 -5 6 -7 8 9 10 -11 -12 -13 14 15 16 -17 -18 19 -20 -21 22 23 24 25 26 27 -28 -29 30 31 -32 -33 -34 35 36 -37 38 39 -40 41 42 -43 -44 45 -46 -47 48 -49 -50 0
uf50-0799 11284 -1 2 3 4 -5 6 -7 8 9 10 -11 -12 -13 14 15 16 -17 -18 19 -20 -21 22 23 24 25 26 27 -28 -29 30 31 -32 -33 -34 35 36 -37 38 39 -40 41 42 -43 -44 45 -46 47 48 -49 -50 0
uf50-0799 11284 -1 2 3 4 -5 6 -7 8 9 10 -11 -12 -13 14 15 16 -17 -18 19 -20 -21 22 23 24 25 26 27 -28 -29 30 31 -32 -33 -34 35 36 -37 38 39 -40 41 42 -43 -44 45 -46 47 48 -49 -50 0
uf50-0799 11284 -1 2 3 4 -5 6 -7 8 9 10 -11 -12 -13 14 15 16 -17 -18 19 -20 -21 22 23 24 25 26 27 -28 -29 30 31 -32 -33 -34 35 36 -37 38 39 -40 41 42 -43 -44 45 -46 47 48 -49 -50 0
uf50-0799 11284 -1 2 3 4 -5 6 -7 8 9 10 -11 -12 -13 14 15 16 -17 -18 19 -20 -21 22 23 24 25 26 27 -28 -29 30 31 -32 -33 -34 35 36 -37 38 39 -40 41 42 -43 -44 45 -46 47 48 -49 -50 0
uf50-0799 11284 -1 2 3 4 -5 6 -7 8 9 10 -11 -12 -13 14 15 16 -17 -18 19 -20 -21 22 23 24 25 26 27 -28 -29 30 31 -32 -33 -34 35 36 -37 38 39 -40 41 42 -43 -44 45 -46 47 48 -49 -50 0
uf50-0799 217 0
uf50-0799 11284 -1 2 3 4 -5 6 -7 8 9 10 -11 -12 -13 14 15 16 -17 -18 19 -20 -21 22 23 24 25 26 27 -28 -29 30 31 -32 -33 -34 35 36 -37 38 39 -40 41 42 -43 -44 45 -46 47 48 -49 -50 0
uf50-0799 11284 -1 2 3 4 -5 6 -7 8 9 10 -11 -12 -13 14 15 16 -17 -18 19 -20 -21 22 23 24 25 26 27 -28 -29 30 31 -32 -33 -34 35 36 -37 38 39 -40 41 42 -43 -44 45 -46 47 48 -49 -50 0
uf50-0799 11284 -1 2 3 4 -5 6 -7 8 9 10 -11 -12 -13 14 15 16 -17 -18 19 -20 -21 22 23 24 25 26 27 -28 -29 30 31 -32 -33 -34 35 36 -37 38 39 -40 41 42 -43 -44 45 -46 47 48 -49 -50 0
uf50-0799 11284 -1 2 3 4 -5 6 -7 8 9 10 -11 -12 -13 14 15 16 -17 -18 19 -20 -21 22 23 24 25 26 27 -28 -29 30 31 -32 -33 -34 35 36 -37 38 39 -40 41 42 -43 -44 45 -46 47 48 -49 -50 0
uf50-0799 11284 -1 2 3 4 -5 6 -7 8 9 10 -11 -12 -13 14 15 16 -17 -18 19 -20 -21 22 23 24 25 26 27 -28 -29 30 31 -32 -33 -34 35 36 -37 38 39 -40 41 42 -43 -44 45 -46 47 48 -49 -50 0
uf50-0799 11284 -1 2 3 4 -5 6 -7 8 9 10 -11 -12 -13 14 15 16 -17 -18 19 -20 -21 22 23 24 25 26 27 -28 -29 30 31 -32 -33 -34 35 36 -37 38 39 -40 41 42 -43 -44 45 -46 47 48 -49 -50 0
uf50-0799 11284 -1 2 3 4 -5 6 -7 8 9 10 -11 -12 -13 14 15 16 -17 -18 19 -20 -21 22 23 24 25 26 27 -28 -29 30 31 -32 -33 -34 35 36 -37 38 39 -40 41 42 -43 -44 45 -46 47 48 -49 -50 0
uf50-0799 11284 -1 2 3 4 -5 6 -7 8 9 10 -11 -12 -13 14 15 16 -17 -18 19 -20 -21 22 23 24 25 26 27 -28 -29 30 31 -32 -33 -34 35 36 -37 38 39 -40 41 42 -43 -44 45 -46 47 48 -49 -50 0
uf50-0799 11284 -1 2 3 4 -5 6 -7 8 9 10 -11 -12 -13 14 15 16 -17 -18 19 -20 -21 22 23 24 25 26 27 -28 -29 30 31 -32 -33 -34 35 36 -37 38 39 -40 41 42 -43 -44 45 -46 47 48 -49 -50 0
uf50-0799 11284 -1 2 3 4 -5 6 -7 8 9 10 -11 -12 -13 14 15 16 -17 -18 19 -20 -21 22 23 24 25 26 27 -28 -29 30 31 -32 -33 -34 35 36 -37 38 39 -40 41 42 -43 -44 45 -46 47 48 -49 -50 0
uf50-0799 11284 -1 2 3 4 -5 6 -7 8 9 10 -11 -12 -13 14 15 16 -17 -18 19 -20 -21 22 23 24 25 26 27 -28 -29 30 31 -32 -33 -34 35 36 -37 38 39 -40 41 42 -43 -44 45 -46 47 48 -49 -50 0
uf50-0799 11284 -1 2 3 4 -5 6 -7 8 9 10 -11 -12 -13 14 15 16 -17 -18 19 -20 -21 22 23 24 25 26 27 -28 -29 30 31 -32 -33 -34 35 36 -37 38 39 -40 41 42 -43 -44 45 -46 47 48 -49 -50 0
uf50-0799 11284 -1 2 3 4 -5 6 -7 8 9 10 -11 -12 -13 14 15 16 -17 -18 19 -20 -21 22 23 24 25 26 27 -28 -29 30 31 -32 -33 -34 35 36 -37 38 39 -40 41 42 -43 -44 45 -46 47 48 -49 -50 0
uf50-0799 11284 -1 2 3 4 -5 6 -7 8 9 10 -11 -12 -13 14 15 16 -17 -18 19 -20 -21 22 23 24 25 26 27 -28 -29 30 31 -32 -33 -34 35 36 -37 38 39 -40 41 42 -43 -44 45 -46 47 48 -49 -50 0
uf50-0799 217 0
uf50-0799 11284 -1 2 3 4 -5 6 -7 8 9 10 -11 -12 -13 14 15 16 -17 -18 19 -20 -21 22 23 24 25 26 27 -28 -29 30 31 -32 -33 -34 35 36 -37 38 39 -40 41 42 -43 -44 45 -46 47 48 -49 -50 0
uf50-0799 11284 -1 2 3 4 -5 6 -7 8 9 10 -11 -12 -13 14 15 16 -17 -18 19 -20 -21 22 23 24 25 26 27 -28 -29 30 31 -32 -33 -34 35 36 -37 38 39 -40 41 42 -43 -44 45 -46 47 48 -49 -50 0
uf50-0799 11284 -1 2 3 4 -5 6 -7 8 9 10 -11 -12 -13 14 15 16 -17 -18 19 -20 -21 22 23 24 25 26 27 -28 -29 30 31 -32 -33 -34 35 36 -37 38 39 -40 41 42 -43 -44 45 -46 47 48 -49 -50 0
uf50-0799 11284 -1 2 3 4 -5 6 -7 8 9 10 -11 -12 -13 14 15 16 -17 -18 19 -20 -21 22 23 24 25 26 27 -28 -29 30 31 -32 -33 -34 35 36 -37 38 39 -40 41 42 -43 -44 45 -46 47 48 -49 -50 0
uf50-0799 11284 -1 2 3 4 -5 6 -7 8 9 10 -11 -12 -13 14 15 16 -17 -18 19 -20 -21 22 23 24 25 26 27 -28 -29 30 31 -32 -33 -34 35 36 -37 38 39 -40 41 42 -43 -44 45 -46 47 48 -49 -50 0
uf50-0799 11284 -1 2 3 4 -5 6 -7 8 9 10 -11 -12 -13 14 15 16 -17 -18 19 -20 -21 22 23 24 25 26 27 -28 -29 30 31 -32 -33 -34 35 36 -37 38 39 -40 41 42 -43 -44 45 -46 47 48 -49 -50 0
uf50-0799 11284 -1 2 3 4 -5 6 -7 8 9 10 -11 -12 -13 14 15 16 -17 -18 19 -20 -21 22 23 24 25 26 27 -28 -29 30 31 -32 -33 -34 35 36 -37 38 39 -40 41 42 -43 -44 45 -46 47 48 -49 -50 0
uf50-0799 11284 -1 2 3 4 -5 6 -7 8 9 10 -11 -12 -13 14 15 16 -17 -18 19 -20 -21 22 23 24 25 26 27 -28 -29 30 31 -32 -33 -34 35 36 -37 38 39 -40 41 42 -43 -44 45 -46 47 48 -49 -50 0
uf50-0799 11284 -1 2 3 4 -5 6 -7 8 9 10 -11 -12 -13 14 15 16 -17 -18 19 -20 -21 22 23 24 25 26 27 -28 -29 30 31 -32 -33 -34 35 36 -37 38 39 -40 41 42 -43 -44 45 -46 47 48 -49 -50 0
uf50-0799 11284 -1 2 3 4 -5 6 -7 8 9 10 -11 -12 -13 14 15 16 -17 -18 19 -20 -21 22 23 24 25 26 27 -28 -29 30 31 -32 -33 -34 35 36 -37 38 39 -40 41 42 -43 -44 45 -46 47 48 -49 -50 0
uf50-0799 11284 -1 2 3 4 -5 6 -7 8 9 10 -11 -12 -13 14 15 16 -17 -18 19 -20 -21 22 23 24 25 26 27 -28 -29 30 31 -32 -33 -34 35 36 -37 38 39 -40 41 42 -43 -44 45 -46 47 48 -49 -50 0
uf50-0799 11284 -1 2 3 4 -5 6 -7 8 9 10 -11 -12 -13 14 15 16 -17 -18 19 -20 -21 22 23 24 25 26 27 -28 -29 30 31 -32 -33 -34 35 36 -37 38 39 -40 41 42 -43 -44 45 -46 47 48 -49 -50 0
uf50-0799 11284 -1 2 3 4 -5 6 -7 8 9 10 -11 -12 -13 14 15 16 -17 -18 19 -20 -21 22 23 24 25 26 27 -28 -29 30 31 -32 -33 -34 35 36 -37 38 39 -40 41 42 -43 -44 45 -46 47 48 -49 -50 0
uf50-0500 11212 1 2 -3 4 5 6 -7 8 9 10 11 12 13 14 15 16 -17 -18 -19 -20 21 -22 23 -24 -25 -26 -27 -28 -29 -30 -31 -32 -33 34 35 36 37 38 -39 -40 -41 -42 43 -44 45 46 47 48 49 -50 0
uf50-0500 217 0
uf50-0500 11212 1 2 -3 4 5 6 -7 8 9 10 11 12 13 14 15 16 -17 -18 -19 -20 21 -22 23 -24 -25 -26 -27 -28 -29 -30 -31 -32 -33 34 35 36 37 38 -39 -40 -41 -42 43 -44 45 46 47 48 49 -50 0
uf50-0500 11212 1 2 -3 4 5 6 -7 8 9 10 11 12 13 14 15 16 -17 -18 -19 -20 21 -22 23 -24 -25 -26 -27 -28 -29 -30 -31 -32 -33 34 35 36 37 38 -39 -40 -41 -42 43 -44 45 46 47 48 49 -50 0
uf50-0500 11212 1 2 -3 4 5 6 -7 8 9 10 11 12 13 14 15 16 -17 -18 -19 -20 21 -22 23 -24 -25 -26 -27 -28 -29 -30 -31 -32 -33 34 35 36 37 38 -39 -40 -41 -42 43 -44 45 46 47 48 49 -50 0
uf50-0500 11212 1 2 -3 4 5 6 -7 8 9 10 11 12 13 14 15 16 -17 -18 -19 -20 21 -22 23 -24 -25 -26 -27 -28 -29 -30 -31 -32 -33 34 35 36 37 38 -39 -40 -41 -42 43 -44 45 46 47 48 49 -50 0
uf50-0500 11212 1 2 -3 4 5 6 -7 8 9 10 11 12 13 14 15 16 -17 -18 -19 -20 21 -22 23 -24 -25 -26 -27 -28 -29 -30 -31 -32 -33 34 35 36 37 38 -39 -40 -41 -42 43 -44 45 46 47 48 49 -50 0
uf50-0500 11212 1 2 -3 4 5 6 -7 8 9 10 11 12 13 14 15 16 -17 -18 -19 -20 21 -22 23 -24 -25 -26 -27 -28 -29 -30 -31 -32 -33 34 35 36 37 38 -39 -40 -41 -42 43 -44 45 46 47 48 49 -50 0
uf50-0500 11212 1 2 -3 4 5 6 -7 8 -9 10 11 12 13 14 15 16 -17 -18 -19 -20 21 -22 23 24 -25 -26 -27 -28 -29 -30 -31 -32 -33 34 35 36 37 38 -39 -40 -41 -42 43 -44 45 46 47 48 49 -50 0
uf50-0500 11212 1 2 -3 4 5 6 -7 8 9 10 11 12 13 14 15 16 -17 -18 -19 -20 21 -22 23 -24 -25 -26 -27 -28 -29 -30 -31 -32 -33 34 35 36 37 38 -39 -40 -41 -42 43 -44 45 46 47 48 49 -50 0
uf50-0500 11212 1 2 -3 4 5 6 -7 8 9 10 11 12 13 14 15 16 -17 -18 -19 -20 21 -22 23 -24 -25 -26 -27 -28 -29 -30 -31 -32 -33 34 35 36 37 38 -39 -40 -41 -42 43 -44 45 46 47 48 49 -50 0
uf50-0500 11212 1 2 -3 4 5 6 -7 8 -9 10 11 12 13 14 15 16 -17 -18 -19 -20 21 -22 23 24 -25 -26 -27 -28 -29 -30 -31 -32 -33 34 35 36 37 38 -39 -40 -41 -42 43 -44 45 46 47 48 49 -50 0
uf50-0500 11212 1 2 -3 4 5 6 -7 8 9 10 11 12 13 14 15 16 -17 -18 -19 -20 21 -22 23 -24 -25 -26 -27 -28 -29 -30 -31 -32 -33 34 35 36 37 38 -39 -40 -41 -42 43 -44 45 46 47 48 49 -50 0
uf50-0500 11212 1 2 -3 4 5 6 -7 8 -9 10 11 12 13 14 15 16 -17 -18 -19 -20 21 -22 23 24 -25 -26 -27 -28 -29 -30 -31 -32 -33 34 35 36 37 38 -39 -40 -41 -42 43 -44 45 46 47 48 49 -50 0
uf50-0500 11212 1 2 -3 4 5 6 -7 8 9 10 11 12 13 14 15 16 -17 -18 -19 -20 21 -22 23 -24 -25 -26 -27 -28 -29 -30 -31 -32 -33 34 35 36 37 38 -39 -40 -41 -42 43 -44 45 46 47 48 49 -50 0
uf50-0500 11212 1 2 -3 4 5 6 -7 8 9 10 11 12 13 14 15 16 -17 -18 -19 -20 21 -22 23 -24 -25 -26 -27 -28 -29 -30 -31 -32 -33 34 35 36 37 38 -39 -40 -41 -42 43 -44 45 46 47 48 49 -50 0
uf50-0500 11212 1 2 -3 4 5 6 -7 8 -9 10 11 12 13 14 15 16 -17 -18 -19 -20 21 -22 23 24 -25 -26 -27 -28 -29 -30 -31 -32 -33 34 35 36 37 38 -39 -40 -41 -42 43 -44 45 46 47 48 49 -50 0
uf50-0500 11212 1 2 -3 4 5 6 -7 8 -9 10 11 12 13 14 15 16 -17 -18 -19 -20 21 -22 23 24 -25 -26 -27 -28 -29 -30 -31 -32 -33 34 35 36 37 38 -39 -40 -41 -42 43 -44 45 46 47 48 49 -50 0
uf50-0500 11212 1 2 -3 4 5 6 -7 8 9 10 11 12 13 14 15 16 -17 -18 -19 -20 21 -22 23 -24 -25 -26 -27 -28 -29 -30 -31 -32 -33 34 35 36 37 38 -39 -40 -41 -42 43 -44 45 46 47 48 49 -50 0
uf50-0500 217 0
uf50-0500 11212 1 2 -3 4 5 6 -7 8 9 10 11 12 13 14 15 16 -17 -18 -19 -20 21 -22 23 -24 -25 -26 -27 -28 -29 -30 -31 -32 -33 34 35 36 37 38 -39 -40 -41 -42 43 -44 45 46 47 48 49 -50 0
uf50-0500 11212 1 2 -3 4 5 6 -7 8 9 10 11 12 13 14 15 16 -17 -18 -19 -20 21 -22 23 -24 -25 -26 -27 -28 -29 -30 -31 -32 -33 34 35 36 37 38 -39 -40 -41 -42 43 -44 45 46 47 48 49 -50 0
uf50-0500 11212 1 2 -3 4 5 6 -7 8 9 10 11 12 13 14 15 16 -17 -18 -19 -20 21 -22 23 -24 -25 -26 -27 -28 -29 -30 -31 -32 -33 34 35 36 37 38 -39 -40 -41 -42 43 -44 45 46 47 48 49 -50 0
uf50-0500 11212 1 2 -3 4 5 6 -7 8 -9 10 11 12 13 14 15 16 -17 -18 -19 -20 21 -22 23 24 -25 -26 -27 -28 -29 -30 -31 -32 -33 34 35 36 37 38 -39 -40 -41 -42 43 -44 45 46 47 48 49 -50 0
uf50-0500 11212 1 2 -3 4 5 6 -7 8 9 10 11 12 13 14 15 16 -17 -18 -19 -20 21 -22 23 -24 -25 -26 -27 -28 -29 -30 -31 -32 -33 34 35 36 37 38 -39 -40 -41 -42 43 -44 45 46 47 48 49 -50 0
uf50-0500 11212 1 2 -3 4 5 6 -7 8 9 10 11 12 13 14 15 16 -17 -18 -19 -20 21 -22 23 -24 -25 -26 -27 -28 -29 -30 -31 -32 -33 34 35 36 37 38 -39 -40 -41 -42 43 -44 45 46 47 48 49 -50 0
uf50-0500 11212 1 2 -3 4 5 6 -7 8 9 10 11 12 13 14 15 16 -17 -18 -19 -20 21 -22 23 -24 -25 -26 -27 -28 -29 -30 -31 -32 -33 34 35 36 37 38 -39 -40 -41 -42 43 -44 45 46 47 48 49 -50 0
uf50-0500 11212 1 2 -3 4 5 6 -7 8 9 10 11 12 13 14 15 16 -17 -18 -19 -20 21 -22 23 -24 -25 -26 -27 -28 -29 -30 -31 -32 -33 34 35 36 37 38 -39 -40 -41 -42 43 -44 45 46 47 48 49 -50 0
uf50-0500 217 0
uf50-0500 11212 1 2 -3 4 5 6 -7 8 9 10 11 12 13 14 15 16 -17 -18 -19 -20 21 -22 23 -24 -25 -26 -27 -28 -29 -30 -31 -32 -33 34 35 36 37 38 -39 -40 -41 -42 43 -44 45 46 47 48 49 -50 0
uf50-0500 217 0
uf50-0500 11212 1 2 -3 4 5 6 -7 8 -9 10 11 12 13 14 15 16 -17 -18 -19 -20 21 -22 23 24 -25 -26 -27 -28 -29 -30 -31 -32 -33 34 35 36 37 38 -39 -40 -41 -42 43 -44 45 46 47 48 49 -50 0
uf50-0500 11212 1 2 -3 4 5 6 -7 8 9 10 11 12 13 14 15 16 -17 -18 -19 -20 21 -22 23 -24 -25 -26 -27 -28 -29 -30 -31 -32 -33 34 35 36 37 38 -39 -40 -41 -42 43 -44 45 46 47 48 49 -50 0
uf50-0500 11212 1 2 -3 4 5 6 -7 8 9 10 11 12 13 14 15 16 -17 -18 -19 -20 21 -22 23 -24 -25 -26 -27 -28 -29 -30 -31 -32 -33 34 35 36 37 38 -39 -40 -41 -42 43 -44 45 46 47 48 49 -50 0
uf50-0500 11212 1 2 -3 4 5 6 -7 8 9 10 11 12 13 14 15 16 -17 -18 -19 -20 21 -22 23 -24 -25 -26 -27 -28 -29 -30 -31 -32 -33 34 35 36 37 38 -39 -40 -41 -42 43 -44 45 46 47 48 49 -50 0
uf50-0500 217 0
uf50-0500 11212 1 2 -3 4 5 6 -7 8 -9 10 11 12 13 14 15 16 -17 -18 -19 -20 21 -22 23 24 -25 -26 -27 -28 -29 -30 -31 -32 -33 34 35 36 37 38 -39 -40 -41 -42 43 -44 45 46 47 48 49 -50 0
uf50-0500 11212 1 2 -3 4 5 6 -7 8 9 10 11 12 13 14 15 16 -17 -18 -19 -20 21 -22 23 -24 -25 -26 -27 -28 -29 -30 -31 -32 -33 34 35 36 37 38 -39 -40 -41 -42 43 -44 45 46 47 48 49 -50 0
uf50-0500 11212 1 2 -3 4 5 6 -7 8 9 10 11 12 13 14 15 16 -17 -18 -19 -20 21 -22 23 -24 -25 -26 -27 -28 -29 -30 -31 -32 -33 34 35 36 37 38 -39 -40 -41 -42 43 -44 45 46 47 48 49 -50 0
uf50-0500 11212 1 2 -3 4 5 6 -7 8 -9 10 11 12 13 14 15 16 -17 -18 -19 -20 21 -22 23 24 -25 -26 -27 -28 -29 -30 -31 -32 -33 34 35 36 37 38 -39 -40 -41 -42 43 -44 45 46 47 48 49 -50 0
uf50-0500 11212 1 2 -3 4 5 6 -7 8 9 10 11 12 13 14 15 16 -17 -18 -19 -20 21 -22 23 -24 -25 -26 -27 -28 -29 -30 -31 -32 -33 34 35 36 37 38 -39 -40 -41 -42 43 -44 45 46 47 48 49 -50 0
uf50-0500 11212 1 2 -3 4 5 6 -7 8 9 10 11 12 13 14 15 16 -17 -18 -19 -20 21 -22 23 -24 -25 -26 -27 -28 -29 -30 -31 -32 -33 34 35 36 37 38 -39 -40 -41 -42 43 -44 45 46 47 48 49 -50 0
uf50-0500 11212 1 2 -3 4 5 6 -7 8 -9 10 11 12 13 14 15 16 -17 -18 -19 -20 21 -22 23 24 -25 -26 -27 -28 -29 -30 -31 -32 -33 34 35 36 37 38 -39 -40 -41 -42 43 -44 45 46 47 48 49 -50 0
uf50-0500 11212 1 2 -3 4 5 6 -7 8 -9 10 11 12 13 14 15 16 -17 -18 -19 -20 21 -22 23 24 -25 -26 -27 -28 -29 -30 -31 -32 -33 34 35 36 37 38 -39 -40 -41 -42 43 -44 45 46 47 48 49 -50 0
uf50-0500 11212 1 2 -3 4 5 6 -7 8 9 10 11 12 13 14 15 16 -17 -18 -19 -20 21 -22 23 -24 -25 -26 -27 -28 -29 -30 -31 -32 -33 34 35 36 37 38 -39 -40 -41 -42 43 -44 45 46 47 48 49 -50 0
uf50-0500 11212 1 2 -3 4 5 6 -7 8 9 10 11 12 13 14 15 16 -17 -18 -19 -20 21 -22 23 -24 -25 -26 -27 -28 -29 -30 -31 -32 -33 34 35 36 37 38 -39 -40 -41 -42 43 -44 45 46 47 48 49 -50 0
uf50-0500 11212 1 2 -3 4 5 6 -7 8 9 10 11 12 13 14 15 16 -17 -18 -19 -20 21 -22 23 -24 -25 -26 -27 -28 -29 -30 -31 -32 -33 34 35 36 37 38 -39 -40 -41 -42 43 -44 45 46 47 48 49 -50 0
uf50-0500 11212 1 2 -3 4 5 6 -7 8 9 10 11 12 13 14 15 16 -17 -18 -19 -20 21 -22 23 -24 -25 -26 -27 -28 -29 -30 -31 -32 -33 34 35 36 37 38 -39 -40 -41 -42 43 -44 45 46 47 48 49 -50 0
uf50-0500 11212 1 2 -3 4 5 6 -7 8 9 10 11 12 13 14 15 16 -17 -18 -19 -20 21 -22 23 -24 -25 -26 -27 -28 -29 -30 -31 -32 -33 34 35 36 37 38 -39 -40 -41 -42 43 -44 45 46 47 48 49 -50 0
uf50-0500 11212 1 2 -3 4 5 6 -7 8 9 10 11 12 13 14 15 16 -17 -18 -19 -20 21 -22 23 -24 -25 -26 -27 -28 -29 -30 -31 -32 -33 34 35 36 37 38 -39 -40 -41 -42 43 -44 45 46 47 48 49 -50 0
uf50-0496 10320 1 -2 3 4 -5 -6 -7 -8 9 10 11 12 13 -14 -15 -16 -17 -18 -19 20 21 -22 23 -24 25 -26 27 28 29 30 31 32 -33 34 -35 36 37 38 39 -40 -41 42 -43 44 45 46 47 48 49 -50 0
uf50-0496 10320 1 -2 3 4 -5 -6 -7 -8 9 10 11 12 13 -14 -15 -16 -17 -18 -19 20 21 -22 23 -24 25 -26 27 28 29 30 31 32 -33 34 -35 36 37 38 39 -40 -41 42 -43 44 45 46 47 48 49 -50 0
uf50-0496 10320 1 -2 3 4 -5 -6 -7 -8 9 10 11 12 13 -14 -15 -16 -17 -18 -19 20 21 -22 23 -24 25 -26 27 28 29 30 31 32 -33 34 -35 36 37 38 39 -40 -41 42 -43 44 45 46 47 48 49 -50 0
uf50-0496 10320 1 -2 3 4 -5 -6 -7 -8 9 10 11 12 13 -14 -15 -16 -17 -18 -19 20 21 -22 23 -24 25 -26 27 28 29 30 31 32 -33 34 -35 36 37 38 39 -40 -41 42 -43 44 45 46 47 48 49 -50 0
uf50-0496 10320 1 -2 3 4 -5 -6 -7 -8 9 10 11 12 13 -14 -15 -16 -17 -18 -19 20 21 -22 23 -24 25 -26 27 28 29 30 31 32 -33 34 -35 36 37 38 39 -40 -41 42 -43 44 45 46 47 48 49 -50 0
uf50-0496 10320 1 -2 3 4 -5 -6 -7 -8 9 10 11 12 13 -14 -15 -16 -17 -18 -19 20 21 -22 23 -24 25 -26 27 28 29 30 31 32 -33 34 -35 36 37 38 39 -40 -41 42 -43 44 45 46 47 48 49 -50 0
uf50-0496 10320 1 -2 3 4 -5 -6 -7 -8 9 10 11 12 13 -14 -15 -16 -17 -18 -19 20 21 -22 23 -24 25 -26 27 28 29 30 31 32 -33 34 -35 36 37 38 39 -40 -41 42 -43 44 45 46 47 48 49 -50 0
uf50-0496 10320 1 -2 3 4 -5 -6 -7 -8 9 10 11 12 13 -14 -15 -16 -17 -18 -19 20 21 -22 23 -24 25 -26 27 28 29 30 31 32 -33 34 -35 36 37 38 39 -40 -41 42 -43 44 45 46 47 48 49 -50 0
uf50-0496 10320 1 -2 3 4 -5 -6 -7 -8 9 10 11 12 13 -14 -15 -16 -17 -18 -19 20 21 -22 23 -24 25 -26 27 28 29 30 31 32 -33 34 -35 36 37 38 39 -40 -41 42 -43 44 45 46 47 48 49 -50 0
uf50-0496 10320 1 -2 3 4 -5 -6 -7 -8 9 10 11 12 13 -14 -15 -16 -17 -18 -19 20 21 -22 23 -24 25 -26 27 28 29 30 31 32 -33 34 -35 36 37 38 39 -40 -41 42 -43 44 45 46 47 48 49 -50 0
uf50-0496 10320 1 -2 3 4 -5 -6 -7 -8 9 10 11 12 13 -14 -15 -16 -17 -18 -19 20 21 -22 23 -24 25 -26 27 28 29 30 31 32 -33 34 -35 36 37 38 39 -40 -41 42 -43 44 45 46 47 48 49 -50 0
uf50-0496 10320 1 -2 3 4 -5 -6 -7 -8 9 10 11 12 13 -14 -15 -16 -17 -18 -19 20 21 -22 23 -24 25 -26 27 28 29 30 31 32 -33 34 -35 36 37 38 39 -40 -41 42 -43 44 45 46 47 48 49 -50 0
uf50-0496 10320 1 -2 3 4 -5 -6 -7 -8 9 10 11 12 13 -14 -15 -16 -17 -18 -19 20 21 -22 23 -24 25 -26 27 28 29 30 31 32 -33 34 -35 36 37 38 39 -40 -41 42 -43 44 45 46 47 48 49 -50 0
uf50-0496 10320 1 -2 3 4 -5 -6 -7 -8 9 10 11 12 13 -14 -15 -16 -17 -18 -19 20 21 -22 23 -24 25 -26 27 28 29 30 31 32 -33 34 -35 36 37 38 39 -40 -41 42 -43 44 45 46 47 48 49 -50 0
uf50-0496 10320 1 -2 3 4 -5 -6 -7 -8 9 10 11 12 13 -14 -15 -16 -17 -18 -19 20 21 -22 23 -24 25 -26 27 28 29 30 31 32 -33 34 -35 36 37 38 39 -40 -41 42 -43 44 45 46 47 48 49 -50 0
uf50-0496 10320 1 -2 3 4 -5 -6 -7 -8 9 10 11 12 13 -14 -15 -16 -17 -18 -19 20 21 -22 23 -24 25 -26 27 28 29 30 31 32 -33 34 -35 36 37 38 39 -40 -41 42 -43 44 45 46 47 48 49 -50 0
uf50-0496 10320 1 -2 3 4 -5 -6 -7 -8 9 10 11 12 13 -14 -15 -16 -17 -18 -19 20 21 -22 23 -24 25 -26 27 28 29 30 31 32 -33 34 -35 36 37 38 39 -40 -41 42 -43 44 45 46 47 48 49 -50 0
uf50-0496 10320 1 -2 3 4 -5 -6 -7 -8 9 10 11 12 13 -14 -15 -16 -17 -18 -19 20 21 -22 23 -24 25 -26 27 28 29 30 31 32 -33 34 -35 36 37 38 39 -40 -41 42 -43 44 45 46 47 48 49 -50 0
uf50-0496 10320 1 -2 3 4 -5 -6 -7 -8 9 10 11 12 13 -14 -15 -16 -17 -18 -19 20 21 -22 23 -24 25 -26 27 28 29 30 31 32 -33 34 -35 36 37 38 39 -40 -41 42 -43 44 45 46 47 48 49 -50 0
uf50-0496 10320 1 -2 3 4 -5 -6 -7 -8 9 10 11 12 13 -14 -15 -16 -17 -18 -19 20 21 -22 23 -24 25 -26 27 28 29 30 31 32 -33 34 -35 36 37 38 39 -40 -41 42 -43 44 45 46 47 48 49 -50 0
uf50-0496 10320 1 -2 3 4 -5 -6 -7 -8 9 10 11 12 13 -14 -15 -16 -17 -18 -19 20 21 -22 23 -24 25 -26 27 28 29 30 31 32 -33 34 -35 36 37 38 39 -40 -41 42 -43 44 45 46 47 48 49 -50 0
uf50-0496 10320 1 -2 3 4 -5 -6 -7 -8 9 10 11 12 13 -14 -15 -16 -17 -18 -19 20 21 -22 23 -24 25 -26 27 28 29 30 31 32 -33 34 -35 36 37 38 39 -40 -41 42 -43 44 45 46 47 48 49 -50 0
uf50-0496 10320 1 -2 3 4 -5 -6 -7 -8 9 10 11 12 13 -14 -15 -16 -17 -18 -19 20 21 -22 23 -24 25 -26 27 28 29 30 31 32 -33 34 -35 36 37 38 39 -40 -41 42 -43 44 45 46 47 48 49 -50 0
uf50-0496 10320 1 -2 3 4 -5 -6 -7 -8 9 10 11 12 13 -14 -15 -16 -17 -18 -19 20 21 -22 23 -24 25 -26 27 28 29 30 31 32 -33 34 -35 36 37 38 39 -40 -41 42 -43 44 45 46 47 48 49 -50 0
uf50-0496 10320 1 -2 3 4 -5 -6 -7 -8 9 10 11 12 13 -14 -15 -16 -17 -18 -19 20 21 -22 23 -24 25 -26 27 28 29 30 31 32 -33 34 -35 36 37 38 39 -40 -41 42 -43 44 45 46 47 48 49 -50 0
uf50-0496 10320 1 -2 3 4 -5 -6 -7 -8 9 10 11 12 13 -14 -15 -16 -17 -18 -19 20 21 -22 23 -24 25 -26 27 28 29 30 31 32 -33 34 -35 36 37 38 39 -40 -41 42 -43 44 45 46 47 48 49 -50 0
uf50-0496 10320 1 -2 3 4 -5 -6 -7 -8 9 10 11 12 13 -14 -15 -16 -17 -18 -19 20 21 -22 23 -24 25 -26 27 28 29 30 31 32 -33 34 -35 36 37 38 39 -40 -41 42 -43 44 45 46 47 48 49 -50 0
uf50-0496 10320 1 -2 3 4 -5 -6 -7 -8 9 10 11 12 13 -14 -15 -16 -17 -18 -19 20 21 -22 23 -24 25 -26 27 28 29 30 31 32 -33 34 -35 36 37 38 39 -40 -41 42 -43 44 45 46 47 48 49 -50 0
uf50-0496 10320 1 -2 3 4 -5 -6 -7 -8 9 10 11 12 13 -14 -15 -16 -17 -18 -19 20 21 -22 23 -24 25 -26 27 28 29 30 31 32 -33 34 -35 36 37 38 39 -40 -41 42 -43 44 45 46 47 48 49 -50 0
uf50-0496 10320 1 -2 3 4 -5 -6 -7 -8 9 10 11 12 13 -14 -15 -16 -17 -18 -19 20 21 -22 23 -24 25 -26 27 28 29 30 31 32 -33 34 -35 36 37 38 39 -40 -41 42 -43 44 45 46 47 48 49 -50 0
uf50-0496 10320 1 -2 3 4 -5 -6 -7 -8 9 10 11 12 13 -14 -15 -16 -17 -18 -19 20 21 -22 23 -24 25 -26 27 28 29 30 31 32 -33 34 -35 36 37 38 39 -40 -41 42 -43 44 45 46 47 48 49 -50 0
uf50-0496 10320 1 -2 3 4 -5 -6 -7 -8 9 10 11 12 13 -14 -15 -16 -17 -18 -19 20 21 -22 23 -24 25 -26 27 28 29 30 31 32 -33 34 -35 36 37 38 39 -40 -41 42 -43 44 45 46 47 48 49 -50 0
uf50-0496 10320 1 -2 3 4 -5 -6 -7 -8 9 10 11 12 13 -14 -15 -16 -17 -18 -19 20 21 -22 23 -24 25 -26 27 28 29 30 31 32 -33 34 -35 36 37 38 39 -40 -41 42 -43 44 45 46 47 48 49 -50 0
uf50-0496 10320 1 -2 3 4 -5 -6 -7 -8 9 10 11 12 13 -14 -15 -16 -17 -18 -19 20 21 -22 23 -24 25 -26 27 28 29 30 31 32 -33 34 -35 36 37 38 39 -40 -41 42 -43 44 45 46 47 48 49 -50 0
uf50-0496 10320 1 -2 3 4 -5 -6 -7 -8 9 10 11 12 13 -14 -15 -16 -17 -18 -19 20 21 -22 23 -24 25 -26 27 28 29 30 31 32 -33 34 -35 36 37 38 39 -40 -41 42 -43 44 45 46 47 48 49 -50 0
uf50-0496 10320 1 -2 3 4 -5 -6 -7 -8 9 10 11 12 13 -14 -15 -16 -17 -18 -19 20 21 -22 23 -24 25 -26 27 28 29 30 31 32 -33 34 -35 36 37 38 39 -40 -41 42 -43 44 45 46 47 48 49 -50 0
uf50-0496 10320 1 -2 3 4 -5 -6 -7 -8 9 10 11 12 13 -14 -15 -16 -17 -18 -19 20 21 -22 23 -24 25 -26 27 28 29 30 31 32 -33 34 -35 36 37 38 39 -40 -41 42 -43 44 45 46 47 48 49 -50 0
uf50-0496 10320 1 -2 3 4 -5 -6 -7 -8 9 10 11 12 13 -14 -15 -16 -17 -18 -19 20 21 -22 23 -24 25 -26 27 28 29 30 31 32 -33 34 -35 36 37 38 39 -40 -41 42 -43 44 45 46 47 48 49 -50 0
uf50-0496 10320 1 -2 3 4 -5 -6 -7 -8 9 10 11 12 13 -14 -15 -16 -17 -18 -19 20 21 -22 23 -24 25 -26 27 28 29 30 31 32 -33 34 -35 36 37 38 39 -40 -41 42 -43 44 45 46 47 48 49 -50 0
uf50-0496 10320 1 -2 3 4 -5 -6 -7 -8 9 10 11 12 13 -14 -15 -16 -17 -18 -19 20 21 -22 23 -24 25 -26 27 28 29 30 31 32 -33 34 -35 36 37 38 39 -40 -41 42 -43 44 45 46 47 48 49 -50 0
uf50-0496 10320 1 -2 3 4 -5 -6 -7 -8 9 10 11 12 13 -14 -15 -16 -17 -18 -19 20 21 -22 23 -24 25 -26 27 28 29 30 31 32 -33 34 -35 36 37 38 39 -40 -41 42 -43 44 45 46 47 48 49 -50 0
uf50-0496 10320 1 -2 3 4 -5 -6 -7 -8 9 10 11 12 13 -14 -15 -16 -17 -18 -19 20 21 -22 23 -24 25 -26 27 28 29 30 31 32 -33 34 -35 36 37 38 39 -40 -41 42 -43 44 45 46 47 48 49 -50 0
uf50-0496 10320 1 -2 3 4 -5 -6 -7 -8 9 10 11 12 13 -14 -15 -16 -17 -18 -19 20 21 -22 23 -24 25 -26 27 28 29 30 31 32 -33 34 -35 36 37 38 39 -40 -41 42 -43 44 45 46 47 48 49 -50 0
uf50-0496 10320 1 -2 3 4 -5 -6 -7 -8 9 10 11 12 13 -14 -15 -16 -17 -18 -19 20 21 -22 23 -24 25 -26 27 28 29 30 31 32 -33 34 -35 36 37 38 39 -40 -41 42 -43 44 45 46 47 48 49 -50 0
uf50-0496 10320 1 -2 3 4 -5 -6 -7 -8 9 10 11 12 13 -14 -15 -16 -17 -18 -19 20 21 -22 23 -24 25 -26 27 28 29 30 31 32 -33 34 -35 36 37 38 39 -40 -41 42 -43 44 45 46 47 48 49 -50 0
uf50-0496 10320 1 -2 3 4 -5 -6 -7 -8 9 10 11 12 13 -14 -15 -16 -17 -18 -19 20 21 -22 23 -24 25 -26 27 28 29 30 31 32 -33 34 -35 36 37 38 39 -40 -41 42 -43 44 45 46 47 48 49 -50 0
uf50-0496 10320 1 -2 3 4 -5 -6 -7 -8 9 10 11 12 13 -14 -15 -16 -17 -18 -19 20 21 -22 23 -24 25 -26 27 28 29 30 31 32 -33 34 -35 36 37 38 39 -40 -41 42 -43 44 45 46 47 48 49 -50 0
uf50-0496 10320 1 -2 3 4 -5 -6 -7 -8 9 10 11 12 13 -14 -15 -16 -17 -18 -19 20 21 -22 23 -24 25 -26 27 28 29 30 31 32 -33 34 -35 36 37 38 39 -40 -41 42 -43 44 45 46 47 48 49 -50 0
uf50-0496 10320 1 -2 3 4 -5 -6 -7 -8 9 10 11 12 13 -14 -15 -16 -17 -18 -19 20 21 -22 23 -24 25 -26 27 28 29 30 31 32 -33 34 -35 36 37 38 39 -40 -41 42 -43 44 45 46 47 48 49 -50 0
uf50-0496 10320 1 -2 3 4 -5 -6 -7 -8 9 10 11 12 13 -14 -15 -16 -17 -18 -19 20 21 -22 23 -24 25 -26 27 28 29 30 31 32 -33 34 -35 36 37 38 39 -40 -41 42 -43 44 45 46 47 48 49 -50 0
uf50-0210 217 0
uf50-0210 8231 1 2 -3 -4 -5 6 -7 -8 -9 10 11 -12 -13 14 -15 -16 -17 18 -19 20 21 -22 -23 24 25 26 -27 28 -29 30 -31 32 33 -34 35 36 -37 38 39 -40 -41 42 -43 44 -45 46 47 48 -49 -50 0
uf50-0210 4070 -1 2 -3 4 5 -6 -7 -8 -9 10 -11 12 13 14 15 -16 17 18 19 20 -21 -22 23 24 25 -26 -27 28 29 -30 -31 -32 -33 -34 35 -36 37 38 -39 -40 -41 -42 -43 -44 -45 46 -47 -48 49 -50 0
uf50-0210 4070 -1 2 -3 4 5 -6 -7 -8 -9 10 -11 12 13 14 15 -16 17 18 19 20 -21 -22 23 24 25 -26 -27 28 29 -30 -31 -32 -33 -34 35 -36 37 38 -39 -40 -41 -42 -43 -44 -45 46 -47 -48 49 -50 0
uf50-0210 217 0
uf50-0210 8231 1 2 -3 -4 -5 6 -7 -8 -9 10 11 -12 -13 14 -15 -16 -17 18 -19 20 21 -22 -23 24 25 26 -27 28 -29 30 -31 32 33 -34 35 36 -37 38 39 -40 -41 42 -43 44 -45 46 47 48 -49 -50 0
uf50-0210 8231 1 2 -3 -4 -5 6 -7 -8 -9 10 11 -12 -13 14 -15 -16 -17 18 -19 20 21 -22 -23 24 25 26 -27 28 -29 30 -31 32 33 -34 35 36 -37 38 39 -40 -41 42 -43 44 -45 46 47 48 -49 -50 0
uf50-0210 4070 -1 2 -3 4 5 -6 -7 -8 -9 10 -11 12 13 14 15 -16 17 18 19 20 -21 -22 23 24 25 -26 -27 28 29 -30 -31 -32 -33 -34 35 -36 37 38 -39 -40 -41 -42 -43 -44 -45 46 -47 -48 49 -50 0
uf50-0210 8231 1 2 -3 -4 -5 6 -7 -8 -9 10 11 -12 -13 14 -15 -16 -17 18 -19 20 21 -22 -23 24 25 26 -27 28 -29 30 -31 32 33 -34 35 36 -37 38 39 -40 -41 42 -43 44 -45 46 47 48 -49 -50 0
uf50-0210 4070 -1 2 -3 4 5 -6 -7 -8 -9 10 -11 12 13 14 15 -16 17 18 19 20 -21 -22 23 24 25 -26 -27 28 29 -30 -31 -32 -33 -34 35 -36 37 38 -39 -40 -41 -42 -43 -44 -45 46 -47 -48 49 -50 0
uf50-0210 8022 1 2 -3 -4 -5 6 -7 -8 -9 10 11 -12 -13 14 -15 -16 -17 18 -19 20 21 -22 -23 24 25 26 -27 28 -29 30 -31 32 33 -34 35 36 -37 38 -39 -40 -41 42 -43 44 -45 46 47 48 -49 -50 0
uf50-0210 6879 -1 2 3 -4 -5 6 -7 -8 -9 -10 -11 -12 -13 -14 -15 -16 -17 -18 -19 -20 21 22 -23 24 25 26 27 28 -29 30 -31 -32 33 -34 35 36 -37 38 39 40 -41 42 -43 44 45 -46 -47 48 -49 -50 0
uf50-0210 4070 -1 2 -3 4 5 -6 -7 -8 -9 10 -11 12 13 14 15 -16 17 18 19 20 -21 -22 23 24 25 -26 -27 28 29 -30 -31 -32 -33 -34 35 -36 37 38 -39 -40 -41 -42 -43 -44 -45 46 -47 -48 49 -50 0
uf50-0210 4070 -1 2 -3 4 5 -6 -7 -8 -9 10 -11 12 13 14 15 -16 17 18 19 20 -21 -22 23 24 25 -26 -27 28 29 -30 -31 -32 -33 -34 35 -36 37 38 -39 -40 -41 -42 -43 -44 -45 46 -47 -48 49 -50 0
uf50-0210 4070 -1 2 -3 4 5 -6 -7 -8 -9 10 -11 12 13 14 15 -16 17 18 19 20 -21 -22 23 24 25 -26 -27 28 29 -30 -31 -32 -33 -34 35 -36 37 38 -39 -40 -41 -42 -43 -44 -45 46 -47 -48 49 -50 0
uf50-0210 217 0
uf50-0210 8231 1 2 -3 -4 -5 6 -7 -8 -9 10 11 -12 -13 14 -15 -16 -17 18 -19 20 21 -22 -23 24 25 26 -27 28 -29 30 -31 32 33 -34 35 36 -37 38 39 -40 -41 42 -43 44 -45 46 47 48 -49 -50 0
uf50-0210 4070 -1 2 -3 4 5 -6 -7 -8 -9 10 -11 12 13 14 15 -16 17 18 19 20 -21 -22 23 24 25 -26 -27 28 29 -30 -31 -32 -33 -34 35 -36 37 38 -39 -40 -41 -42 -43 -44 -45 46 -47 -48 49 -50 0
uf50-0210 8231 1 2 -3 -4 -5 6 -7 -8 -9 10 11 -12 -13 14 -15 -16 -17 18 -19 20 21 -22 -23 24 25 26 -27 28 -29 30 -31 32 33 -34 35 36 -37 38 39 -40 -41 42 -43 44 -45 46 47 48 -49 -50 0
uf50-0210 8231 1 2 -3 -4 -5 6 -7 -8 -9 10 11 -12 -13 14 -15 -16 -17 18 -19 20 21 -22 -23 24 25 26 -27 28 -29 30 -31 32 33 -34 35 36 -37 38 39 -40 -41 42 -43 44 -45 46 47 48 -49 -50 0
uf50-0210 217 0
uf50-0210 7614 -1 2 -3 -4 -5 6 -7 -8 -9 10 11 -12 -13 14 -15 -16 -17 18 -19 20 21 -22 -23 24 25 26 -27 28 -29 -30 -31 32 33 -34 35 36 -37 38 -39 -40 -41 42 -43 44 -45 46 47 48 -49 -50 0
uf50-0210 217 0
uf50-0210 217 0
uf50-0210 4070 -1 2 -3 4 5 -6 -7 -8 -9 10 -11 12 13 14 15 -16 17 18 19 20 -21 -22 23 24 25 -26 -27 28 29 -30 -31 -32 -33 -34 35 -36 37 38 -39 -40 -41 -42 -43 -44 -45 46 -47 -48 49 -50 0
uf50-0210 7996 -1 2 3 -4 -5 6 -7 -8 -9 -10 11 -12 -13 14 -15 -16 17 18 -19 20 21 -22 -23 24 25 26 -27 28 -29 30 -31 -32 33 -34 35 36 -37 38 39 40 -41 42 -43 44 -45 -46 -47 48 -49 -50 0
uf50-0210 4070 -1 2 -3 4 5 -6 -7 -8 -9 10 -11 12 13 14 15 -16 17 18 19 20 -21 -22 23 24 25 -26 -27 28 29 -30 -31 -32 -33 -34 35 -36 37 38 -39 -40 -41 -42 -43 -44 -45 46 -47 -48 49 -50 0
uf50-0210 217 0
uf50-0210 217 0
uf50-0210 8231 1 2 -3 -4 -5 6 -7 -8 -9 10 11 -12 -13 14 -15 -16 -17 18 -19 20 21 -22 -23 24 25 26 -27 28 -29 30 -31 32 33 -34 35 36 -37 38 39 -40 -41 42 -43 44 -45 46 47 48 -49 -50 0
uf50-0210 217 0
uf50-0210 4070 -1 2 -3 4 5 -6 -7 -8 -9 10 -11 12 13 14 15 -16 17 18 19 20 -21 -22 23 24 25 -26 -27 28 29 -30 -31 -32 -33 -34 35 -36 37 38 -39 -40 -41 -42 -43 -44 -45 46 -47 -48 49 -50 0
uf50-0210 4070 -1 2 -3 4 5 -6 -7 -8 -9 10 -11 12 13 14 15 -16 17 18 19 20 -21 -22 23 24 25 -26 -27 28 29 -30 -31 -32 -33 -34 35 -36 37 38 -39 -40 -41 -42 -43 -44 -45 46 -47 -48 49 -50 0
uf50-0210 8231 1 2 -3 -4 -5 6 -7 -8 -9 10 11 -12 -13 14 -15 -16 -17 18 -19 20 21 -22 -23 24 25 26 -27 28 -29 30 -31 32 33 -34 35 36 -37 38 39 -40 -41 42 -43 44 -45 46 47 48 -49 -50 0
uf50-0210 8231 1 2 -3 -4 -5 6 -7 -8 -9 10 11 -12 -13 14 -15 -16 -17 18 -19 20 21 -22 -23 24 25 26 -27 28 -29 30 -31 32 33 -34 35 36 -37 38 39 -40 -41 42 -43 44 -45 46 47 48 -49 -50 0
uf50-0210 4070 -1 2 -3 4 5 -6 -7 -8 -9 10 -11 12 13 14 15 -16 17 18 19 20 -21 -22 23 24 25 -26 -27 28 29 -30 -31 -32 -33 -34 35 -36 37 38 -39 -40 -41 -42 -43 -44 -45 46 -47 -48 49 -50 0
uf50-0210 217 0
uf50-0210 4070 -1 2 -3 4 5 -6 -7 -8 -9 10 -11 12 13 14 15 -16 17 18 19 20 -21 -22 23 24 25 -26 -27 28 29 -30 -31 -32 -33 -34 35 -36 37 38 -39 -40 -41 -42 -43 -44 -45 46 -47 -48 49 -50 0
uf50-0210 7755 -1 2 -3 -4 -5 6 -7 -8 -9 10 11 -12 -13 14 -15 -16 -17 18 -19 20 21 -22 -23 24 25 26 -27 28 -29 30 -31 32 33 -34 35 36 -37 38 -39 -40 -41 42 -43 44 -45 -46 -47 48 -49 -50 0
uf50-0210 8231 1 2 -3 -4 -5 6 -7 -8 -9 10 11 -12 -13 14 -15 -16 -17 18 -19 20 21 -22 -23 24 25 26 -27 28 -29 30 -31 32 33 -34 35 36 -37 38 39 -40 -41 42 -43 44 -45 46 47 48 -49 -50 0
uf50-0210 6879 -1 2 3 -4 -5 6 -7 -8 -9 -10 -11 -12 -13 -14 -15 -16 -17 -18 -19 -20 21 22 -23 24 25 26 27 28 -29 30 -31 -32 33 -34 35 36 -37 38 39 40 -41 42 -43 44 45 -46 -47 48 -49 -50 0
uf50-0210 4070 -1 2 -3 4 5 -6 -7 -8 -9 10 -11 12 13 14 15 -16 17 18 19 20 -21 -22 23 24 25 -26 -27 28 29 -30 -31 -32 -33 -34 35 -36 37 38 -39 -40 -41 -42 -43 -44 -45 46 -47 -48 49 -50 0
uf50-0210 7996 -1 2 3 -4 -5 6 -7 -8 -9 -10 11 -12 -13 14 -15 -16 17 18 -19 20 21 -22 -23 24 25 26 -27 28 -29 30 -31 -32 33 -34 35 36 -37 38 39 40 -41 42 -43 44 -45 -46 -47 48 -49 -50 0
uf50-0210 4070 -1 2 -3 4 5 -6 -7 -8 -9 10 -11 12 13 14 15 -16 17 18 19 20 -21 -22 23 24 25 -26 -27 28 29 -30 -31 -32 -33 -34 35 -36 37 38 -39 -40 -41 -42 -43 -44 -45 46 -47 -48 49 -50 0
uf50-0210 8231 1 2 -3 -4 -5 6 -7 -8 -9 10 11 -12 -13 14 -15 -16 -17 18 -19 20 21 -22 -23 24 25 26 -27 28 -29 30 -31 32 33 -34 35 36 -37 38 39 -40 -41 42 -43 44 -45 46 47 48 -49 -50 0
uf50-0210 217 0
uf50-0210 4070 -1 2 -3 4 5 -6 -7 -8 -9 10 -11 12 13 14 15 -16 17 18 19 20 -21 -22 23 24 25 -26 -27 28 29 -30 -31 -32 -33 -34 35 -36 37 38 -39 -40 -41 -42 -43 -44 -45 46 -47 -48 49 -50 0
uf50-0210 6879 -1 2 3 -4 -5 6 -7 -8 -9 -10 -11 -12 -13 -14 -15 -16 -17 -18 -19 -20 21 22 -23 24 25 26 27 28 -29 30 -31 -32 33 -34 35 36 -37 38 39 40 -41 42 -43 44 45 -46 -47 48 -49 -50 0
uf50-0210 4070 -1 2 -3 4 5 -6 -7 -8 -9 10 -11 12 13 14 15 -16 17 18 19 20 -21 -22 23 24 25 -26 -27 28 29 -30 -31 -32 -33 -34 35 -36 37 38 -39 -40 -41 -42 -43 -44 -45 46 -47 -48 49 -50 0
uf50-0210 4070 -1 2 -3 4 5 -6 -7 -8 -9 10 -11 12 13 14 15 -16 17 18 19 20 -21 -22 23 24 25 -26 -27 28 29 -30 -31 -32 -33 -34 35 -36 37 38 -39 -40 -41 -42 -43 -44 -45 46 -47 -48 49 -50 0
uf50-0810 10069 1 -2 3 -4 5 -6 7 8 9 10 -11 12 13 -14 15 -16 -17 -18 19 20 21 -22 -23 24 25 -26 -27 28 29 -30 31 -32 -33 -34 35 -36 37 38 -39 -40 -41 -42 43 -44 -45 46 -47 48 -49 50 0
uf50-0810 10069 1 -2 3 -4 5 -6 7 8 9 10 -11 12 13 -14 15 -16 -17 -18 19 20 21 -22 -23 24 25 -26 -27 28 29 -30 31 -32 -33 -34 35 -36 37 38 -39 -40 -41 -42 43 -44 -45 46 -47 48 -49 50 0
uf50-0810 10069 1 -2 3 -4 5 -6 7 8 9 10 -11 12 13 -14 15 -16 -17 -18 19 20 21 -22 -23 24 25 -26 -27 28 29 -30 31 -32 -33 -34 35 -36 37 38 -39 -40 -41 -42 43 -44 -45 46 -47 48 -49 50 0
uf50-0810 10069 1 -2 3 -4 5 -6 7 8 9 10 -11 12 13 -14 15 -16 -17 -18 19 20 21 -22 -23 24 25 -26 -27 28 29 -30 31 -32 -33 -34 35 -36 37 38 -39 -40 -41 -42 43 -44 -45 46 -47 48 -49 50 0
uf50-0810 217 0
uf50-0810 217 0
uf50-0810 10069 1 -2 3 -4 5 -6 7 8 9 10 -11 12 13 -14 15 -16 -17 -18 19 20 21 -22 -23 24 25 -26 -27 28 29 -30 31 -32 -33 -34 35 -36 37 38 -39 -40 -41 -42 43 -44 -45 46 -47 48 -49 50 0
uf50-0810 10069 1 -2 3 -4 5 -6 7 8 9 10 -11 12 13 -14 15 -16 -17 -18 19 20 21 -22 -23 24 25 -26 -27 28 29 -30 31 -32 -33 -34 35 -36 37 38 -39 -40 -41 -42 43 -44 -45 46 -47 48 -49 50 0
uf50-0810 10069 1 -2 3 -4 5 -6 7 8 9 10 -11 12 13 -14 15 -16 -17 -18 19 20 21 -22 -23 24 25 -26 -27 28 29 -30 31 -32 -33 -34 35 -36 37 38 -39 -40 -41 -42 43 -44 -45 46 -47 48 -49 50 0
uf50-0810 10069 1 -2 3 -4 5 -6 7 8 9 10 -11 12 13 -14 15 -16 -17 -18 19 20 21 -22 -23 24 25 -26 -27 28 29 -30 31 -32 -33 -34 35 -36 37 38 -39 -40 -41 -42 43 -44 -45 46 -47 48 -49 50 0
uf50-0810 10069 1 -2 3 -4 5 -6 7 8 9 10 -11 12 13 -14 15 -16 -17 -18 19 20 21 -22 -23 24 25 -26 -27 28 29 -30 31 -32 -33 -34 35 -36 37 38 -39 -40 -41 -42 43 -44 -45 46 -47 48 -49 50 0
uf50-0810 10069 1 -2 3 -4 5 -6 7 8 9 10 -11 12 13 -14 15 -16 -17 -18 19 20 21 -22 -23 24 25 -26 -27 28 29 -30 31 -32 -33 -34 35 -36 37 38 -39 -40 -41 -42 43 -44 -45 46 -47 48 -49 50 0
uf50-0810 10069 1 -2 3 -4 5 -6 7 8 9 10 -11 12 13 -14 15 -16 -17 -18 19 20 21 -22 -23 24 25 -26 -27 28 29 -30 31 -32 -33 -34 35 -36 37 38 -39 -40 -41 -42 43 -44 -45 46 -47 48 -49 50 0
uf50-0810 10069 1 -2 3 -4 5 -6 7 8 9 10 -11 12 13 -14 15 -16 -17 -18 19 20 21 -22 -23 24 25 -26 -27 28 29 -30 31 -32 -33 -34 35 -36 37 38 -39 -40 -41 -42 43 -44 -45 46 -47 48 -49 50 0
uf50-0810 10069 1 -2 3 -4 5 -6 7 8 9 10 -11 12 13 -14 15 -16 -17 -18 19 20 21 -22 -23 24 25 -26 -27 28 29 -30 31 -32 -33 -34 35 -36 37 38 -39 -40 -41 -42 43 -44 -45 46 -47 48 -49 50 0
uf50-0810 217 0
uf50-0810 10025 1 2 3 -4 5 -6 7 8 9 10 -11 12 13 -14 15 -16 -17 -18 19 -20 21 -22 -23 24 25 -26 -27 28 29 -30 31 -32 -33 -34 35 -36 37 38 -39 -40 -41 -42 43 -44 -45 46 -47 48 -49 50 0
uf50-0810 10069 1 -2 3 -4 5 -6 7 8 9 10 -11 12 13 -14 15 -16 -17 -18 19 20 21 -22 -23 24 25 -26 -27 28 29 -30 31 -32 -33 -34 35 -36 37 38 -39 -40 -41 -42 43 -44 -45 46 -47 48 -49 50 0
uf50-0810 10069 1 -2 3 -4 5 -6 7 8 9 10 -11 12 13 -14 15 -16 -17 -18 19 20 21 -22 -23 24 25 -26 -27 28 29 -30 31 -32 -33 -34 35 -36 37 38 -39 -40 -41 -42 43 -44 -45 46 -47 48 -49 50 0
uf50-0810 10069 1 -2 3 -4 5 -6 7 8 9 10 -11 12 13 -14 15 -16 -17 -18 19 20 21 -22 -23 24 25 -26 -27 28 29 -30 31 -32 -33 -34 35 -36 37 38 -39 -40 -41 -42 43 -44 -45 46 -47 48 -49 50 0
uf50-0810 10069 1 -2 3 -4 5 -6 7 8 9 10 -11 12 13 -14 15 -16 -17 -18 19 20 21 -22 -23 24 25 -26 -27 28 29 -30 31 -32 -33 -34 35 -36 37 38 -39 -40 -41 -42 43 -44 -45 46 -47 48 -49 50 0
uf50-0810 10069 1 -2 3 -4 5 -6 7 8 9 10 -11 12 13 -14 15 -16 -17 -18 19 20 21 -22 -23 24 25 -26 -27 28 29 -30 31 -32 -33 -34 35 -36 37 38 -39 -40 -41 -42 43 -44 -45 46 -47 48 -49 50 0
uf50-0810 217 0
uf50-0810 10069 1 -2 3 -4 5 -6 7 8 9 10 -11 12 13 -14 15 -16 -17 -18 19 20 21 -22 -23 24 25 -26 -27 28 29 -30 31 -32 -33 -34 35 -36 37 38 -39 -40 -41 -42 43 -44 -45 46 -47 48 -49 50 0
uf50-0810 217 0
uf50-0810 10069 1 -2 3 -4 5 -6 7 8 9 10 -11 12 13 -14 15 -16 -17 -18 19 20 21 -22 -23 24 25 -26 -27 28 29 -30 31 -32 -33 -34 35 -36 37 38 -39 -40 -41 -42 43 -44 -45 46 -47 48 -49 50 0
uf50-0810 10069 1 -2 3 -4 5 -6 7 8 9 10 -11 12 13 -14 15 -16 -17 -18 19 20 21 -22 -23 24 25 -26 -27 28 29 -30 31 -32 -33 -34 35 -36 37 38 -39 -40 -41 -42 43 -44 -45 46 -47 48 -49 50 0
uf50-0810 10069 1 -2 3 -4 5 -6 7 8 9 10 -11 12 13 -14 15 -16 -17 -18 19 20 21 -22 -23 24 25 -26 -27 28 29 -30 31 -32 -33 -34 35 -36 37 38 -39 -40 -41 -42 43 -44 -45 46 -47 48 -49 50 0
uf50-0810 10069 1 -2 3 -4 5 -6 7 8 9 10 -11 12 13 -14 15 -16 -17 -18 19 20 21 -22 -23 24 25 -26 -27 28 29 -30 31 -32 -33 -34 35 -36 37 38 -39 -40 -41 -42 43 -44 -45 46 -47 48 -49 50 0
uf50-0810 10069 1 -2 3 -4 5 -6 7 8 9 10 -11 12 13 -14 15 -16 -17 -18 19 20 21 -22 -23 24 25 -26 -27 28 29 -30 31 -32 -33 -34 35 -36 37 38 -39 -40 -41 -42 43 -44 -45 46 -47 48 -49 50 0
uf50-0810 10069 1 -2 3 -4 5 -6 7 8 9 10 -11 12 13 -14 15 -16 -17 -18 19 20 21 -22 -23 24 25 -26 -27 28 29 -30 31 -32 -33 -34 35 -36 37 38 -39 -40 -41 -42 43 -44 -45 46 -47 48 -49 50 0
uf50-0810 10069 1 -2 3 -4 5 -6 7 8 9 10 -11 12 13 -14 15 -16 -17 -18 19 20 21 -22 -23 24 25 -26 -27 28 29 -30 31 -32 -33 -34 35 -36 37 38 -39 -40 -41 -42 43 -44 -45 46 -47 48 -49 50 0
uf50-0810 10069 1 -2 3 -4 5 -6 7 8 9 10 -11 12 13 -14 15 -16 -17 -18 19 20 21 -22 -23 24 25 -26 -27 28 29 -30 31 -32 -33 -34 35 -36 37 38 -39 -40 -41 -42 43 -44 -45 46 -47 48 -49 50 0
uf50-0810 9852 1 -2 3 -4 5 -6 7 8 9 10 -11 12 13 -14 15 -16 -17 -18 19 20 21 -22 -23 24 25 -26 -27 28 -29 -30 31 -32 -33 -34 35 -36 37 38 -39 -40 -41 -42 43 -44 -45 46 -47 48 -49 50 0
uf50-0810 217 0
uf50-0810 10069 1 -2 3 -4 5 -6 7 8 9 10 -11 12 13 -14 15 -16 -17 -18 19 20 21 -22 -23 24 25 -26 -27 28 29 -30 31 -32 -33 -34 35 -36 37 38 -39 -40 -41 -42 43 -44 -45 46 -47 48 -49 50 0
uf50-0810 10069 1 -2 3 -4 5 -6 7 8 9 10 -11 12 13 -14 15 -16 -17 -18 19 20 21 -22 -23 24 25 -26 -27 28 29 -30 31 -32 -33 -34 35 -36 37 38 -39 -40 -41 -42 43 -44 -45 46 -47 48 -49 50 0
uf50-0810 10069 1 -2 3 -4 5 -6 7 8 9 10 -11 12 13 -14 15 -16 -17 -18 19 20 21 -22 -23 24 25 -26 -27 28 29 -30 31 -32 -33 -34 35 -36 37 38 -39 -40 -41 -42 43 -44 -45 46 -47 48 -49 50 0
uf50-0810 217 0
uf50-0810 10069 1 -2 3 -4 5 -6 7 8 9 10 -11 12 13 -14 15 -16 -17 -18 19 20 21 -22 -23 24 25 -26 -27 28 29 -30 31 -32 -33 -34 35 -36 37 38 -39 -40 -41 -42 43 -44 -45 46 -47 48 -49 50 0
uf50-0810 10069 1 -2 3 -4 5 -6 7 8 9 10 -11 12 13 -14 15 -16 -17 -18 19 20 21 -22 -23 24 25 -26 -27 28 29 -30 31 -32 -33 -34 35 -36 37 38 -39 -40 -41 -42 43 -44 -45 46 -47 48 -49 50 0
uf50-0810 10069 1 -2 3 -4 5 -6 7 8 9 10 -11 12 13 -14 15 -16 -17 -18 19 20 21 -22 -23 24 25 -26 -27 28 29 -30 31 -32 -33 -34 35 -36 37 38 -39 -40 -41 -42 43 -44 -45 46 -47 48 -49 50 0
uf50-0810 10069 1 -2 3 -4 5 -6 7 8 9 10 -11 12 13 -14 15 -16 -17 -18 19 20 21 -22 -23 24 25 -26 -27 28 29 -30 31 -32 -33 -34 35 -36 37 38 -39 -40 -41 -42 43 -44 -45 46 -47 48 -49 50 0
uf50-0810 217 0
uf50-0810 10069 1 -2 3 -4 5 -6 7 8 9 10 -11 12 13 -14 15 -16 -17 -18 19 20 21 -22 -23 24 25 -26 -27 28 29 -30 31 -32 -33 -34 35 -36 37 38 -39 -40 -41 -42 43 -44 -45 46 -47 48 -49 50 0
uf50-0810 10069 1 -2 3 -4 5 -6 7 8 9 10 -11 12 13 -14 15 -16 -17 -18 19 20 21 -22 -23 24 25 -26 -27 28 29 -30 31 -32 -33 -34 35 -36 37 38 -39 -40 -41 -42 43 -44 -45 46 -47 48 -49 50 0
uf50-0810 217 0
uf50-0810 10069 1 -2 3 -4 5 -6 7 8 9 10 -11 12 13 -14 15 -16 -17 -18 19 20 21 -22 -23 24 25 -26 -27 28 29 -30 31 -32 -33 -34 35 -36 37 38 -39 -40 -41 -42 43 -44 -45 46 -47 48 -49 50 0
uf50-0810 10069 1 -2 3 -4 5 -6 7 8 9 10 -11 12 13 -14 15 -16 -17 -18 19 20 21 -22 -23 24 25 -26 -27 28 29 -30 31 -32 -33 -34 35 -36 37 38 -39 -40 -41 -42 43 -44 -45 46 -47 48 -49 50 0
uf50-0810 10069 1 -2 3 -4 5 -6 7 8 9 10 -11 12 13 -14 15 -16 -17 -18 19 20 21 -22 -23 24 25 -26 -27 28 29 -30 31 -32 -33 -34 35 -36 37 38 -39 -40 -41 -42 43 -44 -45 46 -47 48 -49 50 0
uf50-013 34967 -1 -2 -3 4 5 -6 7 -8 -9 10 11 -12 -13 14 15 16 17 18 -19 -20 -21 22 -23 24 -25 26 27 -28 -29 30 31 32 -33 34 35 36 37 -38 -39 40 41 42 -43 -44 45 46 47 48 -49 50 0
uf50-013 34314 -1 2 -3 4 5 -6 7 -8 -9 10 11 -12 -13 -14 15 16 17 18 -19 -20 -21 22 -23 24 -25 26 27 -28 -29 30 31 32 -33 34 35 36 37 -38 -39 40 41 42 -43 -44 45 46 47 48 -49 50 0
uf50-013 34967 -1 -2 -3 4 5 -6 7 -8 -9 10 11 -12 -13 14 15 16 17 18 -19 -20 -21 22 -23 24 -25 26 27 -28 -29 30 31 32 -33 34 35 36 37 -38 -39 40 41 42 -43 -44 45 46 47 48 -49 50 0
uf50-013 34212 -1 -2 -3 4 5 -6 7 -8 -9 10 11 -12 -13 14 15 16 17 18 -19 -20 -21 22 -23 24 -25 26 -27 -28 -29 30 31 32 -33 34 35 36 37 -38 -39 40 -41 42 -43 -44 45 46 47 48 -49 50 0
uf50-013 34967 -1 -2 -3 4 5 -6 7 -8 -9 10 11 -12 -13 14 15 16 17 18 -19 -20 -21 22 -23 24 -25 26 27 -28 -29 30 31 32 -33 34 35 36 37 -38 -39 40 41 42 -43 -44 45 46 47 48 -49 50 0
uf50-013 34967 -1 -2 -3 4 5 -6 7 -8 -9 10 11 -12 -13 14 15 16 17 18 -19 -20 -21 22 -23 24 -25 26 27 -28 -29 30 31 32 -33 34 35 36 37 -38 -39 40 41 42 -43 -44 45 46 47 48 -49 50 0
uf50-013 34967 -1 -2 -3 4 5 -6 7 -8 -9 10 11 -12 -13 14 15 16 17 18 -19 -20 -21 22 -23 24 -25 26 27 -28 -29 30 31 32 -33 34 35 36 37 -38 -39 40 41 42 -43 -44 45 46 47 48 -49 50 0
uf50-013 34412 -1 -2 -3 4 5 -6 7 -8 -9 -10 11 -12 -13 14 15 16 17 18 -19 -20 -21 22 23 24 -25 26 -27 -28 -29 30 31 32 -33 34 35 36 37 -38 -39 40 -41 42 -43 -44 45 46 47 48 -49 50 0
uf50-013 34967 -1 -2 -3 4 5 -6 7 -8 -9 10 11 -12 -13 14 15 16 17 18 -19 -20 -21 22 -23 24 -25 26 27 -28 -29 30 31 32 -33 34 35 36 37 -38 -39 40 41 42 -43 -44 45 46 47 48 -49 50 0
uf50-013 34967 -1 -2 -3 4 5 -6 7 -8 -9 10 11 -12 -13 14 15 16 17 18 -19 -20 -21 22 -23 24 -25 26 27 -28 -29 30 31 32 -33 34 35 36 37 -38 -39 40 41 42 -43 -44 45 46 47 48 -49 50 0
uf50-013 34967 -1 -2 -3 4 5 -6 7 -8 -9 10 11 -12 -13 14 15 16 17 18 -19 -20 -21 22 -23 24 -25 26 27 -28 -29 30 31 32 -33 34 35 36 37 -38 -39 40 41 42 -43 -44 45 46 47 48 -49 50 0
uf50-013 34967 -1 -2 -3 4 5 -6 7 -8 -9 10 11 -12 -13 14 15 16 17 18 -19 -20 -21 22 -23 24 -25 26 27 -28 -29 30 31 32 -33 34 35 36 37 -38 -39 40 41 42 -43 -44 45 46 47 48 -49 50 0
uf50-013 34874 -1 -2 -3 4 5 -6 7 -8 -9 10 11 -12 -13 14 15 16 17 18 -19 -20 -21 22 23 24 -25 26 27 -28 -29 30 31 32 -33 34 35 36 37 -38 -39 40 -41 42 -43 -44 45 46 47 48 -49 50 0
uf50-013 33181 -1 -2 -3 4 5 -6 7 -8 -9 -10 11 -12 -13 14 15 16 17 18 -19 -20 -21 22 -23 -24 -25 26 -27 -28 -29 30 31 32 -33 34 35 -36 37 -38 -39 40 41 42 -43 -44 45 46 47 48 49 50 0
uf50-013 34967 -1 -2 -3 4 5 -6 7 -8 -9 10 11 -12 -13 14 15 16 17 18 -19 -20 -21 22 -23 24 -25 26 27 -28 -29 30 31 32 -33 34 35 36 37 -38 -39 40 41 42 -43 -44 45 46 47 48 -49 50 0
uf50-013 34967 -1 -2 -3 4 5 -6 7 -8 -9 10 11 -12 -13 14 15 16 17 18 -19 -20 -21 22 -23 24 -25 26 27 -28 -29 30 31 32 -33 34 35 36 37 -38 -39 40 41 42 -43 -44 45 46 47 48 -49 50 0
uf50-013 34967 -1 -2 -3 4 5 -6 7 -8 -9 10 11 -12 -13 14 15 16 17 18 -19 -20 -21 22 -23 24 -25 26 27 -28 -29 30 31 32 -33 34 35 36 37 -38 -39 40 41 42 -43 -44 45 46 47 48 -49 50 0
uf50-013 34967 -1 -2 -3 4 5 -6 7 -8 -9 10 11 -12 -13 14 15 16 17 18 -19 -20 -21 22 -23 24 -25 26 27 -28 -29 30 31 32 -33 34 35 36 37 -38 -39 40 41 42 -43 -44 45 46 47 48 -49 50 0
uf50-013 34967 -1 -2 -3 4 5 -6 7 -8 -9 10 11 -12 -13 14 15 16 17 18 -19 -20 -21 22 -23 24 -25 26 27 -28 -29 30 31 32 -33 34 35 36 37 -38 -39 40 41 42 -43 -44 45 46 47 48 -49 50 0
uf50-013 34129 -1 -2 -3 4 5 -6 7 -8 -9 -10 11 12 -13 14 15 -16 17 18 -19 20 -21 22 -23 24 -25 26 -27 -28 -29 30 31 32 -33 34 35 36 37 -38 -39 40 41 42 -43 44 45 46 47 48 -49 50 0
uf50-013 34967 -1 -2 -3 4 5 -6 7 -8 -9 10 11 -12 -13 14 15 16 17 18 -19 -20 -21 22 -23 24 -25 26 27 -28 -29 30 31 32 -33 34 35 36 37 -38 -39 40 41 42 -43 -44 45 46 47 48 -49 50 0
uf50-013 34129 -1 -2 -3 4 5 -6 7 -8 -9 -10 11 12 -13 14 15 -16 17 18 -19 20 -21 22 -23 24 -25 26 -27 -28 -29 30 31 32 -33 34 35 36 37 -38 -39 40 41 42 -43 44 45 46 47 48 -49 50 0
uf50-013 34967 -1 -2 -3 4 5 -6 7 -8 -9 10 11 -12 -13 14 15 16 17 18 -19 -20 -21 22 -23 24 -25 26 27 -28 -29 30 31 32 -33 34 35 36 37 -38 -39 40 41 42 -43 -44 45 46 47 48 -49 50 0
uf50-013 33501 -1 2 -3 4 5 -6 7 -8 -9 10 11 -12 -13 -14 15 16 17 18 -19 -20 -21 22 -23 24 -25 26 27 -28 -29 30 -31 32 -33 34 35 36 37 -38 -39 40 41 42 -43 -44 45 46 47 48 -49 50 0
uf50-013 34967 -1 -2 -3 4 5 -6 7 -8 -9 10 11 -12 -13 14 15 16 17 18 -19 -20 -21 22 -23 24 -25 26 27 -28 -29 30 31 32 -33 34 35 36 37 -38 -39 40 41 42 -43 -44 45 46 47 48 -49 50 0
uf50-013 34967 -1 -2 -3 4 5 -6 7 -8 -9 10 11 -12 -13 14 15 16 17 18 -19 -20 -21 22 -23 24 -25 26 27 -28 -29 30 31 32 -33 34 35 36 37 -38 -39 40 41 42 -43 -44 45 46 47 48 -49 50 0
uf50-013 34967 -1 -2 -3 4 5 -6 7 -8 -9 10 11 -12 -13 14 15 16 17 18 -19 -20 -21 22 -23 24 -25 26 27 -28 -29 30 31 32 -33 34 35 36 37 -38 -39 40 41 42 -43 -44 45 46 47 48 -49 50 0
uf50-013 34967 -1 -2 -3 4 5 -6 7 -8 -9 10 11 -12 -13 14 15 16 17 18 -19 -20 -21 22 -23 24 -25 26 27 -28 -29 30 31 32 -33 34 35 36 37 -38 -39 40 41 42 -43 -44 45 46 47 48 -49 50 0
uf50-013 33591 -1 -2 3 4 5 -6 7 -8 -9 -10 11 -12 -13 14 15 16 17 18 -19 -20 -21 22 23 -24 -25 26 27 -28 -29 30 31 32 -33 34 35 -36 37 -38 39 40 -41 42 -43 -44 45 46 47 48 49 50 0
uf50-013 34967 -1 -2 -3 4 5 -6 7 -8 -9 10 11 -12 -13 14 15 16 17 18 -19 -20 -21 22 -23 24 -25 26 27 -28 -29 30 31 32 -33 34 35 36 37 -38 -39 40 41 42 -43 -44 45 46 47 48 -49 50 0
uf50-013 33634 -1 -2 -3 4 5 -6 7 -8 -9 10 11 -12 -13 14 15 16 17 18 -19 -20 -21 22 -23 24 -25 26 27 -28 -29 30 -31 32 -33 34 35 36 37 -38 -39 40 -41 42 -43 -44 45 46 47 48 -49 50 0
uf50-013 33785 -1 -2 -3 4 5 -6 7 -8 -9 -10 11 -12 -13 14 15 16 17 18 -19 -20 -21 22 -23 24 -25 26 -27 -28 -29 30 31 32 -33 34 35 36 37 -38 -39 40 41 42 -43 -44 -45 46 47 48 -49 50 0
uf50-013 34967 -1 -2 -3 4 5 -6 7 -8 -9 10 11 -12 -13 14 15 16 17 18 -19 -20 -21 22 -23 24 -25 26 27 -28 -29 30 31 32 -33 34 35 36 37 -38 -39 40 41 42 -43 -44 45 46 47 48 -49 50 0
uf50-013 34967 -1 -2 -3 4 5 -6 7 -8 -9 10 11 -12 -13 14 15 16 17 18 -19 -20 -21 22 -23 24 -25 26 27 -28 -29 30 31 32 -33 34 35 36 37 -38 -39 40 41 42 -43 -44 45 46 47 48 -49 50 0
uf50-013 34967 -1 -2 -3 4 5 -6 7 -8 -9 10 11 -12 -13 14 15 16 17 18 -19 -20 -21 22 -23 24 -25 26 27 -28 -29 30 31 32 -33 34 35 36 37 -38 -39 40 41 42 -43 -44 45 46 47 48 -49 50 0
uf50-013 34967 -1 -2 -3 4 5 -6 7 -8 -9 10 11 -12 -13 14 15 16 17 18 -19 -20 -21 22 -23 24 -25 26 27 -28 -29 30 31 32 -33 34 35 36 37 -38 -39 40 41 42 -43 -44 45 46 47 48 -49 50 0
uf50-013 34967 -1 -2 -3 4 5 -6 7 -8 -9 10 11 -12 -13 14 15 16 17 18 -19 -20 -21 22 -23 24 -25 26 27 -28 -29 30 31 32 -33 34 35 36 37 -38 -39 40 41 42 -43 -44 45 46 47 48 -49 50 0
uf50-013 34967 -1 -2 -3 4 5 -6 7 -8 -9 10 11 -12 -13 14 15 16 17 18 -19 -20 -21 22 -23 24 -25 26 27 -28 -29 30 31 32 -33 34 35 36 37 -38 -39 40 41 42 -43 -44 45 46 47 48 -49 50 0
uf50-013 34314 -1 2 -3 4 5 -6 7 -8 -9 10 11 -12 -13 -14 15 16 17 18 -19 -20 -21 22 -23 24 -25 26 27 -28 -29 30 31 32 -33 34 35 36 37 -38 -39 40 41 42 -43 -44 45 46 47 48 -49 50 0
uf50-013 33928 -1 -2 -3 4 5 -6 7 -8 -9 10 11 -12 -13 -14 15 16 17 18 -19 -20 -21 22 -23 24 -25 26 -27 -28 -29 30 31 32 -33 34 35 36 37 -38 -39 40 41 42 -43 -44 45 46 47 48 -49 50 0
uf50-013 34967 -1 -2 -3 4 5 -6 7 -8 -9 10 11 -12 -13 14 15 16 17 18 -19 -20 -21 22 -23 24 -25 26 27 -28 -29 30 31 32 -33 34 35 36 37 -38 -39 40 41 42 -43 -44 45 46 47 48 -49 50 0
uf50-013 34967 -1 -2 -3 4 5 -6 7 -8 -9 10 11 -12 -13 14 15 16 17 18 -19 -20 -21 22 -23 24 -25 26 27 -28 -29 30 31 32 -33 34 35 36 37 -38 -39 40 41 42 -43 -44 45 46 47 48 -49 50 0
uf50-013 34967 -1 -2 -3 4 5 -6 7 -8 -9 10 11 -12 -13 14 15 16 17 18 -19 -20 -21 22 -23 24 -25 26 27 -28 -29 30 31 32 -33 34 35 36 37 -38 -39 40 41 42 -43 -44 45 46 47 48 -49 50 0
uf50-013 34967 -1 -2 -3 4 5 -6 7 -8 -9 10 11 -12 -13 14 15 16 17 18 -19 -20 -21 22 -23 24 -25 26 27 -28 -29 30 31 32 -33 34 35 36 37 -38 -39 40 41 42 -43 -44 45 46 47 48 -49 50 0
uf50-013 34967 -1 -2 -3 4 5 -6 7 -8 -9 10 11 -12 -13 14 15 16 17 18 -19 -20 -21 22 -23 24 -25 26 27 -28 -29 30 31 32 -33 34 35 36 37 -38 -39 40 41 42 -43 -44 45 46 47 48 -49 50 0
uf50-013 34129 -1 -2 -3 4 5 -6 7 -8 -9 -10 11 12 -13 14 15 -16 17 18 -19 20 -21 22 -23 24 -25 26 -27 -28 -29 30 31 32 -33 34 35 36 37 -38 -39 40 41 42 -43 44 45 46 47 48 -49 50 0
uf50-013 34732 -1 -2 -3 4 5 -6 7 -8 -9 10 11 -12 -13 14 15 16 17 18 -19 -20 -21 22 -23 24 -25 26 -27 -28 -29 30 31 32 -33 34 35 36 37 -38 -39 40 41 42 -43 -44 45 46 47 48 -49 50 0
uf50-013 34129 -1 -2 -3 4 5 -6 7 -8 -9 -10 11 12 -13 14 15 -16 17 18 -19 20 -21 22 -23 24 -25 26 -27 -28 -29 30 31 32 -33 34 35 36 37 -38 -39 40 41 42 -43 44 45 46 47 48 -49 50 0
uf50-013 34967 -1 -2 -3 4 5 -6 7 -8 -9 10 11 -12 -13 14 15 16 17 18 -19 -20 -21 22 -23 24 -25 26 27 -28 -29 30 31 32 -33 34 35 36 37 -38 -39 40 41 42 -43 -44 45 46 47 48 -49 50 0
uf50-013 33591 -1 -2 3 4 5 -6 7 -8 -9 -10 11 -12 -13 14 15 16 17 18 -19 -20 -21 22 23 -24 -25 26 27 -28 -29 30 31 32 -33 34 35 -36 37 -38 39 40 -41 42 -43 -44 45 46 47 48 49 50 0
uf50-0379 7107 -1 2 -3 4 5 6 7 -8 -9 10 -11 -12 -13 14 -15 -16 -17 18 -19 -20 -21 22 23 -24 -25 26 -27 -28 29 30 -31 32 -33 -34 35 36 37 38 39 -40 41 -42 43 44 45 46 47 48 49 50 0
uf50-0379 7107 -1 2 -3 4 5 6 7 -8 -9 10 -11 -12 -13 14 -15 -16 -17 18 -19 -20 -21 22 23 -24 -25 26 -27 -28 29 30 -31 32 -33 -34 35 36 37 38 39 -40 41 -42 43 44 45 46 47 48 49 50 0
uf50-0379 7107 -1 2 -3 4 5 6 7 -8 -9 10 -11 -12 -13 14 -15 -16 -17 18 -19 -20 -21 22 23 -24 -25 26 -27 -28 29 30 -31 32 -33 -34 35 36 37 38 39 -40 41 -42 43 44 45 46 47 48 49 50 0
uf50-0379 7107 -1 2 -3 4 5 6 7 -8 -9 10 -11 -12 -13 14 -15 -16 -17 18 -19 -20 -21 22 23 -24 -25 26 -27 -28 29 30 -31 32 -33 -34 35 36 37 38 39 -40 41 -42 43 44 45 46 47 48 49 50 0
uf50-0379 7107 -1 2 -3 4 5 6 7 -8 -9 10 -11 -12 -13 14 -15 -16 -17 18 -19 -20 -21 22 23 -24 -25 26 -27 -28 29 30 -31 32 -33 -34 35 36 37 38 39 -40 41 -42 43 44 45 46 47 48 49 50 0
uf50-0379 6916 -1 2 -3 4 5 6 7 -8 -9 10 -11 -12 -13 14 -15 -16 -17 18 -19 -20 -21 22 -23 -24 -25 26 -27 -28 29 30 -31 32 -33 -34 35 36 37 38 39 40 41 -42 43 -44 45 46 47 48 49 50 0
uf50-0379 7107 -1 2 -3 4 5 6 7 -8 -9 10 -11 -12 -13 14 -15 -16 -17 18 -19 -20 -21 22 23 -24 -25 26 -27 -28 29 30 -31 32 -33 -34 35 36 37 38 39 -40 41 -42 43 44 45 46 47 48 49 50 0
uf50-0379 9440 1 2 -3 4 -5 -6 -7 -8 9 10 -11 12 -13 -14 -15 -16 -17 18 -19 -20 21 -22 23 -24 25 -26 27 -28 29 30 31 -32 33 -34 -35 -36 -37 -38 39 40 41 -42 43 44 45 46 47 -48 49 50 0
uf50-0379 7107 -1 2 -3 4 5 6 7 -8 -9 10 -11 -12 -13 14 -15 -16 -17 18 -19 -20 -21 22 23 -24 -25 26 -27 -28 29 30 -31 32 -33 -34 35 36 37 38 39 -40 41 -42 43 44 45 46 47 48 49 50 0
uf50-0379 7107 -1 2 -3 4 5 6 7 -8 -9 10 -11 -12 -13 14 -15 -16 -17 18 -19 -20 -21 22 23 -24 -25 26 -27 -28 29 30 -31 32 -33 -34 35 36 37 38 39 -40 41 -42 43 44 45 46 47 48 49 50 0
uf50-0379 7107 -1 2 -3 4 5 6 7 -8 -9 10 -11 -12 -13 14 -15 -16 -17 18 -19 -20 -21 22 23 -24 -25 26 -27 -28 29 30 -31 32 -33 -34 35 36 37 38 39 -40 41 -42 43 44 45 46 47 48 49 50 0
uf50-0379 7107 -1 2 -3 4 5 6 7 -8 -9 10 -11 -12 -13 14 -15 -16 -17 18 -19 -20 -21 22 23 -24 -25 26 -27 -28 29 30 -31 32 -33 -34 35 36 37 38 39 -40 41 -42 43 44 45 46 47 48 49 50 0
uf50-0379 7107 -1 2 -3 4 5 6 7 -8 -9 10 -11 -12 -13 14 -15 -16 -17 18 -19 -20 -21 22 23 -24 -25 26 -27 -28 29 30 -31 32 -33 -34 35 36 37 38 39 -40 41 -42 43 44 45 46 47 48 49 50 0
uf50-0379 7107 -1 2 -3 4 5 6 7 -8 -9 10 -11 -12 -13 14 -15 -16 -17 18 -19 -20 -21 22 23 -24 -25 26 -27 -28 29 30 -31 32 -33 -34 35 36 37 38 39 -40 41 -42 43 44 45 46 47 48 49 50 0
uf50-0379 7107 -1 2 -3 4 5 6 7 -8 -9 10 -11 -12 -13 14 -15 -16 -17 18 -19 -20 -21 22 23 -24 -25 26 -27 -28 29 30 -31 32 -33 -34 35 36 37 38 39 -40 41 -42 43 44 45 46 47 48 49 50 0
uf50-0379 7107 -1 2 -3 4 5 6 7 -8 -9 10 -11 -12 -13 14 -15 -16 -17 18 -19 -20 -21 22 23 -24 -25 26 -27 -28 29 30 -31 32 -33 -34 35 36 37 38 39 -40 41 -42 43 44 45 46 47 48 49 50 0
uf50-0379 7107 -1 2 -3 4 5 6 7 -8 -9 10 -11 -12 -13 14 -15 -16 -17 18 -19 -20 -21 22 23 -24 -25 26 -27 -28 29 30 -31 32 -33 -34 35 36 37 38 39 -40 41 -42 43 44 45 46 47 48 49 50 0
uf50-0379 7107 -1 2 -3 4 5 6 7 -8 -9 10 -11 -12 -13 14 -15 -16 -17 18 -19 -20 -21 22 23 -24 -25 26 -27 -28 29 30 -31 32 -33 -34 35 36 37 38 39 -40 41 -42 43 44 45 46 47 48 49 50 0
uf50-0379 7107 -1 2 -3 4 5 6 7 -8 -9 10 -11 -12 -13 14 -15 -16 -17 18 -19 -20 -21 22 23 -24 -25 26 -27 -28 29 30 -31 32 -33 -34 35 36 37 38 39 -40 41 -42 43 44 45 46 47 48 49 50 0
uf50-0379 7107 -1 2 -3 4 5 6 7 -8 -9 10 -11 -12 -13 14 -15 -16 -17 18 -19 -20 -21 22 23 -24 -25 26 -27 -28 29 30 -31 32 -33 -34 35 36 37 38 39 -40 41 -42 43 44 45 46 47 48 49 50 0
uf50-0379 7107 -1 2 -3 4 5 6 7 -8 -9 10 -11 -12 -13 14 -15 -16 -17 18 -19 -20 -21 22 23 -24 -25 26 -27 -28 29 30 -31 32 -33 -34 35 36 37 38 39 -40 41 -42 43 44 45 46 47 48 49 50 0
uf50-0379 7107 -1 2 -3 4 5 6 7 -8 -9 10 -11 -12 -13 14 -15 -16 -17 18 -19 -20 -21 22 23 -24 -25 26 -27 -28 29 30 -31 32 -33 -34 35 36 37 38 39 -40 41 -42 43 44 45 46 47 48 49 50 0
uf50-0379 7107 -1 2 -3 4 5 6 7 -8 -9 10 -11 -12 -13 14 -15 -16 -17 18 -19 -20 -21 22 23 -24 -25 26 -27 -28 29 30 -31 32 -33 -34 35 36 37 38 39 -40 41 -42 43 44 45 46 47 48 49 50 0
uf50-0379 7107 -1 2 -3 4 5 6 7 -8 -9 10 -11 -12 -13 14 -15 -16 -17 18 -19 -20 -21 22 23 -24 -25 26 -27 -28 29 30 -31 32 -33 -34 35 36 37 38 39 -40 41 -42 43 44 45 46 47 48 49 50 0
uf50-0379 7107 -1 2 -3 4 5 6 7 -8 -9 10 -11 -12 -13 14 -15 -16 -17 18 -19 -20 -21 22 23 -24 -25 26 -27 -28 29 30 -31 32 -33 -34 35 36 37 38 39 -40 41 -42 43 44 45 46 47 48 49 50 0
uf50-0379 7107 -1 2 -3 4 5 6 7 -8 -9 10 -11 -12 -13 14 -15 -16 -17 18 -19 -20 -21 22 23 -24 -25 26 -27 -28 29 30 -31 32 -33 -34 35 36 37 38 39 -40 41 -42 43 44 45 46 47 48 49 50 0
uf50-0379 7107 -1 2 -3 4 5 6 7 -8 -9 10 -11 -12 -13 14 -15 -16 -17 18 -19 -20 -21 22 23 -24 -25 26 -27 -28 29 30 -31 32 -33 -34 35 36 37 38 39 -40 41 -42 43 44 45 46 47 48 49 50 0
uf50-0379 7107 -1 2 -3 4 5 6 7 -8 -9 10 -11 -12 -13 14 -15 -16 -17 18 -19 -20 -21 22 23 -24 -25 26 -27 -28 29 30 -31 32 -33 -34 35 36 37 38 39 -40 41 -42 43 44 45 46 47 48 49 50 0
uf50-0379 7107 -1 2 -3 4 5 6 7 -8 -9 10 -11 -12 -13 14 -15 -16 -17 18 -19 -20 -21 22 23 -24 -25 26 -27 -28 29 30 -31 32 -33 -34 35 36 37 38 39 -40 41 -42 43 44 45 46 47 48 49 50 0
uf50-0379 7107 -1 2 -3 4 5 6 7 -8 -9 10 -11 -12 -13 14 -15 -16 -17 18 -19 -20 -21 22 23 -24 -25 26 -27 -28 29 30 -31 32 -33 -34 35 36 37 38 39 -40 41 -42 43 44 45 46 47 48 49 50 0
uf50-0379 9231 1 2 -3 4 -5 -6 -7 -8 9 10 -11 12 -13 -14 -15 -16 -17 18 -19 20 21 -22 23 -24 25 -26 27 -28 29 -30 31 -32 33 -34 -35 -36 -37 -38 39 40 41 -42 43 -44 45 46 47 -48 49 50 0
uf50-0379 7107 -1 2 -3 4 5 6 7 -8 -9 10 -11 -12 -13 14 -15 -16 -17 18 -19 -20 -21 22 23 -24 -25 26 -27 -28 29 30 -31 32 -33 -34 35 36 37 38 39 -40 41 -42 43 44 45 46 47 48 49 50 0
uf50-0379 7107 -1 2 -3 4 5 6 7 -8 -9 10 -11 -12 -13 14 -15 -16 -17 18 -19 -20 -21 22 23 -24 -25 26 -27 -28 29 30 -31 32 -33 -34 35 36 37 38 39 -40 41 -42 43 44 45 46 47 48 49 50 0
uf50-0379 7107 -1 2 -3 4 5 6 7 -8 -9 10 -11 -12 -13 14 -15 -16 -17 18 -19 -20 -21 22 23 -24 -25 26 -27 -28 29 30 -31 32 -33 -34 35 36 37 38 39 -40 41 -42 43 44 45 46 47 48 49 50 0
uf50-0379 9128 1 2 -3 4 -5 -6 -7 -8 9 -10 -11 12 -13 -14 -15 -16 -17 18 -19 -20 21 -22 23 -24 25 -26 27 -28 29 30 31 -32 33 -34 -35 -36 -37 -38 39 40 41 -42 43 44 45 46 47 -48 49 50 0
uf50-0379 9440 1 2 -3 4 -5 -6 -7 -8 9 10 -11 12 -13 -14 -15 -16 -17 18 -19 -20 21 -22 23 -24 25 -26 27 -28 29 30 31 -32 33 -34 -35 -36 -37 -38 39 40 41 -42 43 44 45 46 47 -48 49 50 0
uf50-0379 7107 -1 2 -3 4 5 6 7 -8 -9 10 -11 -12 -13 14 -15 -16 -17 18 -19 -20 -21 22 23 -24 -25 26 -27 -28 29 30 -31 32 -33 -34 35 36 37 38 39 -40 41 -42 43 44 45 46 47 48 49 50 0
uf50-0379 7107 -1 2 -3 4 5 6 7 -8 -9 10 -11 -12 -13 14 -15 -16 -17 18 -19 -20 -21 22 23 -24 -25 26 -27 -28 29 30 -31 32 -33 -34 35 36 37 38 39 -40 41 -42 43 44 45 46 47 48 49 50 0
uf50-0379 7107 -1 2 -3 4 5 6 7 -8 -9 10 -11 -12 -13 14 -15 -16 -17 18 -19 -20 -21 22 23 -24 -25 26 -27 -28 29 30 -31 32 -33 -34 35 36 37 38 39 -40 41 -42 43 44 45 46 47 48 49 50 0
uf50-0379 7107 -1 2 -3 4 5 6 7 -8 -9 10 -11 -12 -13 14 -15 -16 -17 18 -19 -20 -21 22 23 -24 -25 26 -27 -28 29 30 -31 32 -33 -34 35 36 37 38 39 -40 41 -42 43 44 45 46 47 48 49 50 0
uf50-0379 7107 -1 2 -3 4 5 6 7 -8 -9 10 -11 -12 -13 14 -15 -16 -17 18 -19 -20 -21 22 23 -24 -25 26 -27 -28 29 30 -31 32 -33 -34 35 36 37 38 39 -40 41 -42 43 44 45 46 47 48 49 50 0
uf50-0379 7107 -1 2 -3 4 5 6 7 -8 -9 10 -11 -12 -13 14 -15 -16 -17 18 -19 -20 -21 22 23 -24 -25 26 -27 -28 29 30 -31 32 -33 -34 35 36 37 38 39 -40 41 -42 43 44 45 46 47 48 49 50 0
uf50-0379 9440 1 2 -3 4 -5 -6 -7 -8 9 10 -11 12 -13 -14 -15 -16 -17 18 -19 -20 21 -22 23 -24 25 -26 27 -28 29 30 31 -32 33 -34 -35 -36 -37 -38 39 40 41 -42 43 44 45 46 47 -48 49 50 0
uf50-0379 7107 -1 2 -3 4 5 6 7 -8 -9 10 -11 -12 -13 14 -15 -16 -17 18 -19 -20 -21 22 23 -24 -25 26 -27 -28 29 30 -31 32 -33 -34 35 36 37 38 39 -40 41 -42 43 44 45 46 47 48 49 50 0
uf50-0379 7107 -1 2 -3 4 5 6 7 -8 -9 10 -11 -12 -13 14 -15 -16 -17 18 -19 -20 -21 22 23 -24 -25 26 -27 -28 29 30 -31 32 -33 -34 35 36 37 38 39 -40 41 -42 43 44 45 46 47 48 49 50 0
uf50-0379 7107 -1 2 -3 4 5 6 7 -8 -9 10 -11 -12 -13 14 -15 -16 -17 18 -19 -20 -21 22 23 -24 -25 26 -27 -28 29 30 -31 32 -33 -34 35 36 37 38 39 -40 41 -42 43 44 45 46 47 48 49 50 0
uf50-0379 7107 -1 2 -3 4 5 6 7 -8 -9 10 -11 -12 -13 14 -15 -16 -17 18 -19 -20 -21 22 23 -24 -25 26 -27 -28 29 30 -31 32 -33 -34 35 36 37 38 39 -40 41 -42 43 44 45 46 47 48 49 50 0
uf50-0379 9440 1 2 -3 4 -5 -6 -7 -8 9 10 -11 12 -13 -14 -15 -16 -17 18 -19 -20 21 -22 23 -24 25 -26 27 -28 29 30 31 -32 33 -34 -35 -36 -37 -38 39 40 41 -42 43 44 45 46 47 -48 49 50 0
uf50-0379 9422 1 2 -3 4 -5 -6 -7 -8 9 10 -11 12 -13 -14 -15 -16 -17 18 -19 20 21 -22 23 -24 25 -26 27 -28 29 -30 31 -32 33 -34 -35 -36 -37 -38 39 40 41 -42 43 44 45 46 47 -48 49 50 0
uf50-0379 7107 -1 2 -3 4 5 6 7 -8 -9 10 -11 -12 -13 14 -15 -16 -17 18 -19 -20 -21 22 23 -24 -25 26 -27 -28 29 30 -31 32 -33 -34 35 36 37 38 39 -40 41 -42 43 44 45 46 47 48 49 50 0
