uf20-030 55494 1 2 3 4 -5 6 7 8 9 -10 11 12 -13 14 15 -16 17 18 19 -20 0
uf20-030 55494 1 2 3 4 -5 6 7 8 9 -10 11 12 -13 14 15 -16 17 18 19 -20 0
uf20-030 55494 1 2 3 4 -5 6 7 8 9 -10 11 12 -13 14 15 -16 17 18 19 -20 0
uf20-030 55434 1 2 3 -4 -5 6 7 8 9 -10 11 12 -13 14 15 -16 17 18 19 -20 0
uf20-030 55494 1 2 3 4 -5 6 7 8 9 -10 11 12 -13 14 15 -16 17 18 19 -20 0
uf20-030 55494 1 2 3 4 -5 6 7 8 9 -10 11 12 -13 14 15 -16 17 18 19 -20 0
uf20-030 55494 1 2 3 4 -5 6 7 8 9 -10 11 12 -13 14 15 -16 17 18 19 -20 0
uf20-030 55494 1 2 3 4 -5 6 7 8 9 -10 11 12 -13 14 15 -16 17 18 19 -20 0
uf20-030 55494 1 2 3 4 -5 6 7 8 9 -10 11 12 -13 14 15 -16 17 18 19 -20 0
uf20-030 55494 1 2 3 4 -5 6 7 8 9 -10 11 12 -13 14 15 -16 17 18 19 -20 0
uf20-030 53514 1 2 3 4 -5 6 7 8 9 -10 11 -12 -13 14 15 16 17 18 19 20 0
uf20-030 55494 1 2 3 4 -5 6 7 8 9 -10 11 12 -13 14 15 -16 17 18 19 -20 0
uf20-030 55494 1 2 3 4 -5 6 7 8 9 -10 11 12 -13 14 15 -16 17 18 19 -20 0
uf20-030 55494 1 2 3 4 -5 6 7 8 9 -10 11 12 -13 14 15 -16 17 18 19 -20 0
uf20-030 55494 1 2 3 4 -5 6 7 8 9 -10 11 12 -13 14 15 -16 17 18 19 -20 0
uf20-030 55494 1 2 3 4 -5 6 7 8 9 -10 11 12 -13 14 15 -16 17 18 19 -20 0
uf20-030 55494 1 2 3 4 -5 6 7 8 9 -10 11 12 -13 14 15 -16 17 18 19 -20 0
uf20-030 55494 1 2 3 4 -5 6 7 8 9 -10 11 12 -13 14 15 -16 17 18 19 -20 0
uf20-030 55494 1 2 3 4 -5 6 7 8 9 -10 11 12 -13 14 15 -16 17 18 19 -20 0
uf20-030 55494 1 2 3 4 -5 6 7 8 9 -10 11 12 -13 14 15 -16 17 18 19 -20 0
uf20-030 55494 1 2 3 4 -5 6 7 8 9 -10 11 12 -13 14 15 -16 17 18 19 -20 0
uf20-030 55494 1 2 3 4 -5 6 7 8 9 -10 11 12 -13 14 15 -16 17 18 19 -20 0
uf20-030 55494 1 2 3 4 -5 6 7 8 9 -10 11 12 -13 14 15 -16 17 18 19 -20 0
uf20-030 55494 1 2 3 4 -5 6 7 8 9 -10 11 12 -13 14 15 -16 17 18 19 -20 0
uf20-030 55494 1 2 3 4 -5 6 7 8 9 -10 11 12 -13 14 15 -16 17 18 19 -20 0
uf20-030 55494 1 2 3 4 -5 6 7 8 9 -10 11 12 -13 14 15 -16 17 18 19 -20 0
uf20-030 55494 1 2 3 4 -5 6 7 8 9 -10 11 12 -13 14 15 -16 17 18 19 -20 0
uf20-030 55494 1 2 3 4 -5 6 7 8 9 -10 11 12 -13 14 15 -16 17 18 19 -20 0
uf20-030 55494 1 2 3 4 -5 6 7 8 9 -10 11 12 -13 14 15 -16 17 18 19 -20 0
uf20-030 55494 1 2 3 4 -5 6 7 8 9 -10 11 12 -13 14 15 -16 17 18 19 -20 0
uf20-030 55494 1 2 3 4 -5 6 7 8 9 -10 11 12 -13 14 15 -16 17 18 19 -20 0
uf20-030 53514 1 2 3 4 -5 6 7 8 9 -10 11 -12 -13 14 15 16 17 18 19 20 0
uf20-030 53514 1 2 3 4 -5 6 7 8 9 -10 11 -12 -13 14 15 16 17 18 19 20 0
uf20-030 55494 1 2 3 4 -5 6 7 8 9 -10 11 12 -13 14 15 -16 17 18 19 -20 0
uf20-030 55494 1 2 3 4 -5 6 7 8 9 -10 11 12 -13 14 15 -16 17 18 19 -20 0
uf20-030 55494 1 2 3 4 -5 6 7 8 9 -10 11 12 -13 14 15 -16 17 18 19 -20 0
uf20-030 55494 1 2 3 4 -5 6 7 8 9 -10 11 12 -13 14 15 -16 17 18 19 -20 0
uf20-030 55494 1 2 3 4 -5 6 7 8 9 -10 11 12 -13 14 15 -16 17 18 19 -20 0
uf20-030 55494 1 2 3 4 -5 6 7 8 9 -10 11 12 -13 14 15 -16 17 18 19 -20 0
uf20-030 55494 1 2 3 4 -5 6 7 8 9 -10 11 12 -13 14 15 -16 17 18 19 -20 0
uf20-030 55494 1 2 3 4 -5 6 7 8 9 -10 11 12 -13 14 15 -16 17 18 19 -20 0
uf20-030 55494 1 2 3 4 -5 6 7 8 9 -10 11 12 -13 14 15 -16 17 18 19 -20 0
uf20-030 55494 1 2 3 4 -5 6 7 8 9 -10 11 12 -13 14 15 -16 17 18 19 -20 0
uf20-030 55494 1 2 3 4 -5 6 7 8 9 -10 11 12 -13 14 15 -16 17 18 19 -20 0
uf20-030 55494 1 2 3 4 -5 6 7 8 9 -10 11 12 -13 14 15 -16 17 18 19 -20 0
uf20-030 55494 1 2 3 4 -5 6 7 8 9 -10 11 12 -13 14 15 -16 17 18 19 -20 0
uf20-030 55494 1 2 3 4 -5 6 7 8 9 -10 11 12 -13 14 15 -16 17 18 19 -20 0
uf20-030 55494 1 2 3 4 -5 6 7 8 9 -10 11 12 -13 14 15 -16 17 18 19 -20 0
uf20-030 55494 1 2 3 4 -5 6 7 8 9 -10 11 12 -13 14 15 -16 17 18 19 -20 0
uf20-030 55494 1 2 3 4 -5 6 7 8 9 -10 11 12 -13 14 15 -16 17 18 19 -20 0
uf20-030 55494 1 2 3 4 -5 6 7 8 9 -10 11 12 -13 14 15 -16 17 18 19 -20 0
uf20-030 55494 1 2 3 4 -5 6 7 8 9 -10 11 12 -13 14 15 -16 17 18 19 -20 0
uf20-030 55494 1 2 3 4 -5 6 7 8 9 -10 11 12 -13 14 15 -16 17 18 19 -20 0
uf20-030 55494 1 2 3 4 -5 6 7 8 9 -10 11 12 -13 14 15 -16 17 18 19 -20 0
uf20-030 55494 1 2 3 4 -5 6 7 8 9 -10 11 12 -13 14 15 -16 17 18 19 -20 0
uf20-030 55494 1 2 3 4 -5 6 7 8 9 -10 11 12 -13 14 15 -16 17 18 19 -20 0
uf20-030 55494 1 2 3 4 -5 6 7 8 9 -10 11 12 -13 14 15 -16 17 18 19 -20 0
uf20-030 55494 1 2 3 4 -5 6 7 8 9 -10 11 12 -13 14 15 -16 17 18 19 -20 0
uf20-030 55494 1 2 3 4 -5 6 7 8 9 -10 11 12 -13 14 15 -16 17 18 19 -20 0
uf20-030 55494 1 2 3 4 -5 6 7 8 9 -10 11 12 -13 14 15 -16 17 18 19 -20 0
uf20-030 55494 1 2 3 4 -5 6 7 8 9 -10 11 12 -13 14 15 -16 17 18 19 -20 0
uf20-030 55494 1 2 3 4 -5 6 7 8 9 -10 11 12 -13 14 15 -16 17 18 19 -20 0
uf20-030 55494 1 2 3 4 -5 6 7 8 9 -10 11 12 -13 14 15 -16 17 18 19 -20 0
uf20-030 55494 1 2 3 4 -5 6 7 8 9 -10 11 12 -13 14 15 -16 17 18 19 -20 0
uf20-030 55494 1 2 3 4 -5 6 7 8 9 -10 11 12 -13 14 15 -16 17 18 19 -20 0
uf20-030 55494 1 2 3 4 -5 6 7 8 9 -10 11 12 -13 14 15 -16 17 18 19 -20 0
uf20-030 55494 1 2 3 4 -5 6 7 8 9 -10 11 12 -13 14 15 -16 17 18 19 -20 0
uf20-030 55494 1 2 3 4 -5 6 7 8 9 -10 11 12 -13 14 15 -16 17 18 19 -20 0
uf20-030 55494 1 2 3 4 -5 6 7 8 9 -10 11 12 -13 14 15 -16 17 18 19 -20 0
uf20-030 55494 1 2 3 4 -5 6 7 8 9 -10 11 12 -13 14 15 -16 17 18 19 -20 0
uf20-030 55494 1 2 3 4 -5 6 7 8 9 -10 11 12 -13 14 15 -16 17 18 19 -20 0
uf20-030 55494 1 2 3 4 -5 6 7 8 9 -10 11 12 -13 14 15 -16 17 18 19 -20 0
uf20-030 55434 1 2 3 -4 -5 6 7 8 9 -10 11 12 -13 14 15 -16 17 18 19 -20 0
uf20-030 55494 1 2 3 4 -5 6 7 8 9 -10 11 12 -13 14 15 -16 17 18 19 -20 0
uf20-030 55494 1 2 3 4 -5 6 7 8 9 -10 11 12 -13 14 15 -16 17 18 19 -20 0
uf20-030 55494 1 2 3 4 -5 6 7 8 9 -10 11 12 -13 14 15 -16 17 18 19 -20 0
uf20-030 55494 1 2 3 4 -5 6 7 8 9 -10 11 12 -13 14 15 -16 17 18 19 -20 0
uf20-030 55494 1 2 3 4 -5 6 7 8 9 -10 11 12 -13 14 15 -16 17 18 19 -20 0
uf20-030 55494 1 2 3 4 -5 6 7 8 9 -10 11 12 -13 14 15 -16 17 18 19 -20 0
uf20-030 55494 1 2 3 4 -5 6 7 8 9 -10 11 12 -13 14 15 -16 17 18 19 -20 0
uf20-030 53514 1 2 3 4 -5 6 7 8 9 -10 11 -12 -13 14 15 16 17 18 19 20 0
uf20-030 53514 1 2 3 4 -5 6 7 8 9 -10 11 -12 -13 14 15 16 17 18 19 20 0
uf20-030 55494 1 2 3 4 -5 6 7 8 9 -10 11 12 -13 14 15 -16 17 18 19 -20 0
uf20-030 55494 1 2 3 4 -5 6 7 8 9 -10 11 12 -13 14 15 -16 17 18 19 -20 0
uf20-030 55494 1 2 3 4 -5 6 7 8 9 -10 11 12 -13 14 15 -16 17 18 19 -20 0
uf20-030 55494 1 2 3 4 -5 6 7 8 9 -10 11 12 -13 14 15 -16 17 18 19 -20 0
uf20-030 55494 1 2 3 4 -5 6 7 8 9 -10 11 12 -13 14 15 -16 17 18 19 -20 0
uf20-030 55494 1 2 3 4 -5 6 7 8 9 -10 11 12 -13 14 15 -16 17 18 19 -20 0
uf20-030 55494 1 2 3 4 -5 6 7 8 9 -10 11 12 -13 14 15 -16 17 18 19 -20 0
uf20-030 55434 1 2 3 -4 -5 6 7 8 9 -10 11 12 -13 14 15 -16 17 18 19 -20 0
uf20-030 55494 1 2 3 4 -5 6 7 8 9 -10 11 12 -13 14 15 -16 17 18 19 -20 0
uf20-030 55494 1 2 3 4 -5 6 7 8 9 -10 11 12 -13 14 15 -16 17 18 19 -20 0
uf20-030 55494 1 2 3 4 -5 6 7 8 9 -10 11 12 -13 14 15 -16 17 18 19 -20 0
uf20-030 55494 1 2 3 4 -5 6 7 8 9 -10 11 12 -13 14 15 -16 17 18 19 -20 0
uf20-030 55494 1 2 3 4 -5 6 7 8 9 -10 11 12 -13 14 15 -16 17 18 19 -20 0
uf20-030 55494 1 2 3 4 -5 6 7 8 9 -10 11 12 -13 14 15 -16 17 18 19 -20 0
uf20-030 55494 1 2 3 4 -5 6 7 8 9 -10 11 12 -13 14 15 -16 17 18 19 -20 0
uf20-030 55494 1 2 3 4 -5 6 7 8 9 -10 11 12 -13 14 15 -16 17 18 19 -20 0
uf20-030 55494 1 2 3 4 -5 6 7 8 9 -10 11 12 -13 14 15 -16 17 18 19 -20 0
uf20-030 55494 1 2 3 4 -5 6 7 8 9 -10 11 12 -13 14 15 -16 17 18 19 -20 0
