uf50-0799 216 0
uf50-0799 216 0
uf50-0799 217 0
uf50-0799 216 0
uf50-0799 217 0
uf50-0799 216 0
uf50-0799 217 0
uf50-0799 216 0
uf50-0799 217 0
uf50-0799 217 0
uf50-0799 216 0
uf50-0799 216 0
uf50-0799 215 0
uf50-0799 217 0
uf50-0799 216 0
uf50-0799 12982 -1 2 3 4 -5 6 -7 8 9 10 -11 -12 -13 14 15 16 -17 -18 19 -20 -21 22 23 24 25 26 27 -28 -29 30 -31 -32 -33 -34 35 36 -37 38 39 -40 41 42 -43 -44 45 -46 47 48 -49 -50 0
uf50-0799 216 0
uf50-0799 216 0
uf50-0799 217 0
uf50-0799 216 0
uf50-0799 215 0
uf50-0799 217 0
uf50-0799 216 0
uf50-0799 217 0
uf50-0799 216 0
uf50-0799 216 0
uf50-0799 216 0
uf50-0799 216 0
uf50-0799 216 0
uf50-0799 216 0
uf50-0799 217 0
uf50-0799 215 0
uf50-0799 214 0
uf50-0799 216 0
uf50-0799 217 0
uf50-0799 216 0
uf50-0799 216 0
uf50-0799 216 0
uf50-0799 216 0
uf50-0799 216 0
uf50-0799 215 0
uf50-0799 217 0
uf50-0799 217 0
uf50-0799 216 0
uf50-0799 216 0
uf50-0799 215 0
uf50-0799 215 0
uf50-0799 216 0
uf50-0799 215 0
uf50-0799 216 0
uf50-0449 216 0
uf50-0449 217 0
uf50-0449 217 0
uf50-0449 41053 -1 -2 3 -4 5 6 7 -8 -9 -10 -11 12 -13 -14 -15 16 -17 18 19 20 21 22 -23 24 25 26 -27 -28 29 30 -31 -32 -33 34 35 36 37 38 39 -40 41 42 43 44 -45 46 -47 -48 49 50 0
uf50-0449 33118 -1 -2 3 4 -5 -6 7 -8 -9 -10 -11 12 -13 -14 -15 -16 -17 18 19 -20 21 -22 -23 24 25 26 -27 28 29 30 31 -32 -33 34 35 36 37 38 -39 -40 41 42 43 44 -45 46 -47 -48 49 50 0
uf50-0449 37046 1 -2 3 -4 5 6 7 -8 -9 -10 -11 -12 -13 -14 -15 16 -17 18 19 -20 -21 -22 23 24 25 26 -27 -28 29 30 31 -32 -33 34 35 36 37 38 -39 -40 41 42 43 44 -45 46 -47 -48 49 50 0
uf50-0449 216 0
uf50-0449 31996 -1 -2 3 4 5 -6 7 -8 -9 -10 -11 -12 -13 -14 -15 -16 -17 18 19 -20 21 -22 -23 24 25 26 -27 28 29 30 31 -32 -33 34 35 36 37 38 -39 -40 41 42 43 44 -45 46 -47 -48 49 50 0
uf50-0449 217 0
uf50-0449 37046 1 -2 3 -4 5 6 7 -8 -9 -10 -11 -12 -13 -14 -15 16 -17 18 19 -20 -21 -22 23 24 25 26 -27 -28 29 30 31 -32 -33 34 35 36 37 38 -39 -40 41 42 43 44 -45 46 -47 -48 49 50 0
uf50-0449 214 0
uf50-0449 217 0
uf50-0449 216 0
uf50-0449 216 0
uf50-0449 216 0
uf50-0449 37046 1 -2 3 -4 5 6 7 -8 -9 -10 -11 -12 -13 -14 -15 16 -17 18 19 -20 -21 -22 23 24 25 26 -27 -28 29 30 31 -32 -33 34 35 36 37 38 -39 -40 41 42 43 44 -45 46 -47 -48 49 50 0
uf50-0449 217 0
uf50-0449 217 0
uf50-0449 216 0
uf50-0449 217 0
uf50-0449 217 0
uf50-0449 217 0
uf50-0449 216 0
uf50-0449 215 0
uf50-0449 215 0
uf50-0449 215 0
uf50-0449 33359 -1 -2 3 -4 5 6 7 -8 -9 -10 -11 12 -13 -14 -15 16 -17 18 19 -20 -21 -22 23 24 25 26 -27 -28 29 30 31 -32 -33 34 35 36 37 38 -39 -40 41 42 43 -44 -45 46 -47 -48 49 50 0
uf50-0449 217 0
uf50-0449 217 0
uf50-0449 217 0
uf50-0449 41293 1 -2 3 -4 5 6 7 -8 -9 -10 -11 -12 -13 -14 -15 16 -17 18 -19 -20 -21 -22 23 24 25 26 -27 -28 29 30 31 32 -33 34 35 36 37 38 -39 -40 41 42 43 44 -45 46 -47 -48 -49 50 0
uf50-0449 216 0
uf50-0449 216 0
uf50-0449 217 0
uf50-0449 217 0
uf50-0449 45301 -1 -2 3 -4 5 6 7 -8 -9 -10 -11 12 -13 -14 -15 16 -17 18 19 20 21 22 -23 24 -25 26 -27 -28 29 30 -31 -32 -33 34 35 36 37 38 39 -40 41 42 43 44 -45 46 -47 48 49 50 0
uf50-0449 37046 1 -2 3 -4 5 6 7 -8 -9 -10 -11 -12 -13 -14 -15 16 -17 18 19 -20 -21 -22 23 24 25 26 -27 -28 29 30 31 -32 -33 34 35 36 37 38 -39 -40 41 42 43 44 -45 46 -47 -48 49 50 0
uf50-0449 217 0
uf50-0449 217 0
uf50-0449 216 0
uf50-0449 216 0
uf50-0449 216 0
uf50-0449 217 0
uf50-0449 216 0
uf50-0449 217 0
uf50-0449 217 0
uf50-0449 216 0
uf50-0449 217 0
uf50-0449 40251 -1 -2 3 -4 5 -6 7 -8 -9 -10 -11 12 -13 -14 -15 16 -17 18 19 20 21 22 -23 24 -25 26 -27 -28 29 30 -31 -32 -33 34 35 36 37 38 39 -40 41 42 43 44 -45 46 -47 48 49 50 0
uf50-0449 215 0
uf50-0672 215 0
uf50-0672 216 0
uf50-0672 215 0
uf50-0672 215 0
uf50-0672 216 0
uf50-0672 216 0
uf50-0672 216 0
uf50-0672 217 0
uf50-0672 217 0
uf50-0672 216 0
uf50-0672 214 0
uf50-0672 216 0
uf50-0672 217 0
uf50-0672 217 0
uf50-0672 214 0
uf50-0672 216 0
uf50-0672 214 0
uf50-0672 213 0
uf50-0672 215 0
uf50-0672 216 0
uf50-0672 216 0
uf50-0672 217 0
uf50-0672 216 0
uf50-0672 216 0
uf50-0672 216 0
uf50-0672 215 0
uf50-0672 216 0
uf50-0672 216 0
uf50-0672 216 0
uf50-0672 216 0
uf50-0672 216 0
uf50-0672 216 0
uf50-0672 217 0
uf50-0672 217 0
uf50-0672 215 0
uf50-0672 215 0
uf50-0672 216 0
uf50-0672 216 0
uf50-0672 216 0
uf50-0672 216 0
uf50-0672 216 0
uf50-0672 217 0
uf50-0672 216 0
uf50-0672 216 0
uf50-0672 214 0
uf50-0672 216 0
uf50-0672 217 0
uf50-0672 216 0
uf50-0672 216 0
uf50-0672 214 0
uf50-0239 32782 -1 2 -3 4 -5 6 7 8 -9 -10 11 12 -13 -14 -15 16 -17 -18 19 20 21 -22 -23 -24 -25 26 -27 -28 29 30 31 -32 -33 34 35 36 37 38 -39 -40 -41 42 -43 -44 45 46 -47 48 -49 50 0
uf50-0239 217 0
uf50-0239 217 0
uf50-0239 217 0
uf50-0239 34487 -1 2 -3 4 -5 -6 7 8 -9 -10 11 12 -13 -14 -15 16 -17 -18 19 20 21 -22 -23 -24 -25 26 -27 -28 29 30 31 -32 33 34 35 36 37 38 -39 -40 -41 42 -43 -44 45 46 -47 48 -49 50 0
uf50-0239 217 0
uf50-0239 217 0
uf50-0239 217 0
uf50-0239 217 0
uf50-0239 217 0
uf50-0239 217 0
uf50-0239 217 0
uf50-0239 36601 -1 2 -3 4 5 6 -7 8 -9 -10 -11 12 -13 -14 15 -16 -17 -18 19 -20 21 -22 -23 24 -25 26 -27 -28 29 30 31 -32 -33 34 35 36 37 38 -39 -40 41 42 -43 -44 45 46 -47 48 -49 50 0
uf50-0239 217 0
uf50-0239 217 0
uf50-0239 217 0
uf50-0239 217 0
uf50-0239 217 0
uf50-0239 217 0
uf50-0239 217 0
uf50-0239 217 0
uf50-0239 217 0
uf50-0239 36686 1 -2 -3 4 -5 -6 7 8 -9 -10 11 12 -13 -14 -15 -16 -17 -18 19 20 21 -22 -23 -24 -25 26 -27 -28 29 30 31 -32 -33 34 35 36 37 -38 -39 40 -41 42 -43 44 45 46 -47 -48 -49 50 0
uf50-0239 217 0
uf50-0239 217 0
uf50-0239 87678 -1 -2 3 4 5 6 -7 8 -9 -10 11 12 -13 -14 -15 -16 17 18 19 20 21 -22 -23 -24 25 -26 -27 28 29 30 31 32 33 -34 -35 36 37 38 39 40 -41 42 -43 -44 45 -46 -47 -48 -49 -50 0
uf50-0239 217 0
uf50-0239 217 0
uf50-0239 217 0
uf50-0239 217 0
uf50-0239 217 0
uf50-0239 217 0
uf50-0239 217 0
uf50-0239 42569 -1 2 -3 4 5 6 7 8 -9 -10 11 12 -13 -14 -15 16 -17 -18 19 20 21 -22 -23 -24 -25 26 -27 -28 29 30 31 -32 -33 34 35 36 37 38 -39 -40 41 42 -43 -44 45 46 -47 48 -49 50 0
uf50-0239 37727 -1 2 -3 4 -5 6 -7 8 -9 -10 -11 12 -13 -14 15 16 -17 -18 19 20 21 -22 -23 24 -25 26 -27 -28 29 30 31 -32 -33 34 35 36 37 38 -39 -40 41 42 -43 -44 45 46 -47 48 -49 50 0
uf50-0239 217 0
uf50-0239 217 0
uf50-0239 42330 -1 2 -3 4 5 6 -7 8 -9 -10 -11 12 -13 -14 15 16 -17 -18 19 20 21 -22 -23 24 -25 26 -27 -28 -29 30 31 -32 -33 34 35 36 37 38 -39 -40 41 42 -43 -44 45 46 -47 48 -49 50 0
uf50-0239 35340 -1 2 -3 4 -5 -6 -7 8 -9 -10 11 12 -13 -14 15 16 -17 -18 19 20 21 -22 -23 24 -25 26 -27 -28 29 30 31 -32 -33 34 35 36 37 38 -39 -40 41 42 -43 -44 45 46 -47 48 -49 50 0
uf50-0239 30566 -1 2 -3 4 -5 -6 -7 8 -9 -10 11 12 -13 -14 15 16 -17 -18 19 20 21 -22 -23 24 -25 26 -27 -28 29 30 31 -32 -33 34 35 36 37 38 -39 -40 -41 42 -43 -44 45 46 -47 48 -49 50 0
uf50-0239 217 0
uf50-0239 217 0
uf50-0239 217 0
uf50-0239 217 0
uf50-0239 217 0
uf50-0239 217 0
uf50-0239 217 0
uf50-0239 41512 -1 2 -3 4 5 6 -7 8 -9 -10 11 12 -13 -14 15 16 -17 -18 19 20 21 -22 -23 -24 -25 26 -27 -28 29 30 31 -32 -33 34 35 36 37 38 -39 -40 41 42 -43 -44 45 46 -47 48 -49 50 0
uf50-0239 31112 -1 2 -3 4 -5 6 -7 8 -9 -10 11 12 -13 -14 -15 16 -17 -18 19 20 21 -22 -23 24 -25 26 -27 -28 29 30 31 -32 -33 34 35 36 37 38 -39 -40 -41 42 -43 -44 45 46 -47 48 -49 50 0
uf50-0239 217 0
uf50-0107 215 0
uf50-0107 215 0
uf50-0107 216 0
uf50-0107 216 0
uf50-0107 216 0
uf50-0107 216 0
uf50-0107 215 0
uf50-0107 216 0
uf50-0107 216 0
uf50-0107 215 0
uf50-0107 3910 -1 -2 -3 4 -5 -6 7 -8 9 10 11 -12 13 -14 15 16 -17 18 -19 -20 21 22 -23 -24 25 -26 27 -28 -29 30 -31 -32 33 -34 35 -36 37 -38 -39 -40 -41 42 43 -44 -45 -46 47 48 49 50 0
uf50-0107 216 0
uf50-0107 215 0
uf50-0107 214 0
uf50-0107 215 0
uf50-0107 217 0
uf50-0107 215 0
uf50-0107 217 0
uf50-0107 215 0
uf50-0107 215 0
uf50-0107 217 0
uf50-0107 215 0
uf50-0107 216 0
uf50-0107 216 0
uf50-0107 215 0
uf50-0107 216 0
uf50-0107 216 0
uf50-0107 216 0
uf50-0107 215 0
uf50-0107 216 0
uf50-0107 215 0
uf50-0107 216 0
uf50-0107 216 0
uf50-0107 216 0
uf50-0107 215 0
uf50-0107 215 0
uf50-0107 216 0
uf50-0107 216 0
uf50-0107 215 0
uf50-0107 216 0
uf50-0107 215 0
uf50-0107 216 0
uf50-0107 215 0
uf50-0107 216 0
uf50-0107 215 0
uf50-0107 215 0
uf50-0107 215 0
uf50-0107 216 0
uf50-0107 217 0
uf50-0107 217 0
uf50-0844 214 0
uf50-0844 215 0
uf50-0844 215 0
uf50-0844 215 0
uf50-0844 215 0
uf50-0844 216 0
uf50-0844 214 0
uf50-0844 216 0
uf50-0844 213 0
uf50-0844 215 0
uf50-0844 215 0
uf50-0844 214 0
uf50-0844 215 0
uf50-0844 215 0
uf50-0844 213 0
uf50-0844 215 0
uf50-0844 214 0
uf50-0844 217 0
uf50-0844 215 0
uf50-0844 216 0
uf50-0844 215 0
uf50-0844 216 0
uf50-0844 3908 1 2 -3 -4 -5 -6 7 -8 9 -10 11 -12 -13 -14 15 -16 -17 18 -19 -20 21 22 23 -24 25 26 -27 -28 29 30 31 32 -33 -34 35 -36 37 -38 -39 -40 41 42 -43 -44 45 -46 -47 -48 -49 -50 0
uf50-0844 215 0
uf50-0844 213 0
uf50-0844 216 0
uf50-0844 216 0
uf50-0844 216 0
uf50-0844 214 0
uf50-0844 214 0
uf50-0844 214 0
uf50-0844 214 0
uf50-0844 215 0
uf50-0844 215 0
uf50-0844 215 0
uf50-0844 217 0
uf50-0844 215 0
uf50-0844 214 0
uf50-0844 216 0
uf50-0844 214 0
uf50-0844 213 0
uf50-0844 215 0
uf50-0844 215 0
uf50-0844 214 0
uf50-0844 214 0
uf50-0844 215 0
uf50-0844 213 0
uf50-0844 216 0
uf50-0844 215 0
uf50-0844 217 0
uf50-073 216 0
uf50-073 216 0
uf50-073 216 0
uf50-073 216 0
uf50-073 216 0
uf50-073 217 0
uf50-073 215 0
uf50-073 18165 -1 -2 3 -4 -5 -6 7 8 9 -10 -11 -12 13 -14 15 -16 -17 -18 19 20 -21 -22 -23 -24 25 26 27 28 -29 -30 31 -32 33 -34 35 -36 37 38 39 -40 41 42 43 -44 45 46 47 48 49 -50 0
uf50-073 217 0
uf50-073 216 0
uf50-073 215 0
uf50-073 216 0
uf50-073 216 0
uf50-073 217 0
uf50-073 216 0
uf50-073 216 0
uf50-073 216 0
uf50-073 216 0
uf50-073 215 0
uf50-073 216 0
uf50-073 215 0
uf50-073 215 0
uf50-073 216 0
uf50-073 216 0
uf50-073 215 0
uf50-073 216 0
uf50-073 18165 -1 -2 3 -4 -5 -6 7 8 9 -10 -11 -12 13 -14 15 -16 -17 -18 19 20 -21 -22 -23 -24 25 26 27 28 -29 -30 31 -32 33 -34 35 -36 37 38 39 -40 41 42 43 -44 45 46 47 48 49 -50 0
uf50-073 217 0
uf50-073 215 0
uf50-073 216 0
uf50-073 216 0
uf50-073 216 0
uf50-073 215 0
uf50-073 215 0
uf50-073 216 0
uf50-073 217 0
uf50-073 217 0
uf50-073 215 0
uf50-073 215 0
uf50-073 217 0
uf50-073 216 0
uf50-073 216 0
uf50-073 216 0
uf50-073 217 0
uf50-073 216 0
uf50-073 216 0
uf50-073 216 0
uf50-073 216 0
uf50-073 216 0
uf50-073 215 0
uf50-0911 216 0
uf50-0911 217 0
uf50-0911 217 0
uf50-0911 217 0
uf50-0911 216 0
uf50-0911 215 0
uf50-0911 215 0
uf50-0911 217 0
uf50-0911 216 0
uf50-0911 216 0
uf50-0911 214 0
uf50-0911 217 0
uf50-0911 217 0
uf50-0911 216 0
uf50-0911 217 0
uf50-0911 216 0
uf50-0911 217 0
uf50-0911 216 0
uf50-0911 215 0
uf50-0911 216 0
uf50-0911 216 0
uf50-0911 217 0
uf50-0911 216 0
uf50-0911 216 0
uf50-0911 215 0
uf50-0911 216 0
uf50-0911 216 0
uf50-0911 216 0
uf50-0911 216 0
uf50-0911 216 0
uf50-0911 217 0
uf50-0911 217 0
uf50-0911 216 0
uf50-0911 216 0
uf50-0911 216 0
uf50-0911 216 0
uf50-0911 216 0
uf50-0911 217 0
uf50-0911 215 0
uf50-0911 217 0
uf50-0911 216 0
uf50-0911 217 0
uf50-0911 216 0
uf50-0911 216 0
uf50-0911 216 0
uf50-0911 216 0
uf50-0911 216 0
uf50-0911 216 0
uf50-0911 216 0
uf50-0911 217 0
uf50-0379 215 0
uf50-0379 215 0
uf50-0379 217 0
uf50-0379 216 0
uf50-0379 216 0
uf50-0379 216 0
uf50-0379 216 0
uf50-0379 216 0
uf50-0379 216 0
uf50-0379 215 0
uf50-0379 217 0
uf50-0379 217 0
uf50-0379 216 0
uf50-0379 89580 -1 2 -3 4 5 6 7 -8 -9 10 -11 -12 -13 14 -15 -16 -17 18 -19 -20 -21 22 -23 -24 -25 26 -27 -28 29 30 -31 32 -33 -34 35 36 37 38 39 -40 41 -42 43 44 45 46 47 48 49 50 0
uf50-0379 215 0
uf50-0379 217 0
uf50-0379 217 0
uf50-0379 217 0
uf50-0379 215 0
uf50-0379 214 0
uf50-0379 215 0
uf50-0379 217 0
uf50-0379 215 0
uf50-0379 217 0
uf50-0379 216 0
uf50-0379 216 0
uf50-0379 86159 -1 2 -3 4 5 6 7 -8 -9 10 -11 -12 -13 14 -15 -16 -17 18 -19 -20 -21 22 -23 -24 -25 26 -27 -28 29 30 -31 32 -33 -34 35 36 37 38 39 40 41 -42 43 -44 45 46 47 48 49 50 0
uf50-0379 215 0
uf50-0379 90513 -1 2 -3 4 5 6 7 -8 -9 10 -11 -12 -13 14 -15 -16 -17 18 -19 -20 -21 22 23 -24 -25 26 -27 -28 29 30 -31 32 -33 -34 35 36 37 38 39 -40 41 -42 43 44 45 46 47 48 49 50 0
uf50-0379 86159 -1 2 -3 4 5 6 7 -8 -9 10 -11 -12 -13 14 -15 -16 -17 18 -19 -20 -21 22 -23 -24 -25 26 -27 -28 29 30 -31 32 -33 -34 35 36 37 38 39 40 41 -42 43 -44 45 46 47 48 49 50 0
uf50-0379 215 0
uf50-0379 215 0
uf50-0379 215 0
uf50-0379 215 0
uf50-0379 216 0
uf50-0379 216 0
uf50-0379 215 0
uf50-0379 215 0
uf50-0379 217 0
uf50-0379 216 0
uf50-0379 85226 -1 2 -3 4 5 6 7 -8 -9 10 -11 -12 -13 14 -15 -16 -17 18 -19 -20 -21 22 -23 -24 -25 26 -27 -28 29 30 -31 32 -33 -34 35 36 37 38 39 -40 41 -42 43 -44 45 46 47 48 49 50 0
uf50-0379 215 0
uf50-0379 215 0
uf50-0379 216 0
uf50-0379 216 0
uf50-0379 217 0
uf50-0379 215 0
uf50-0379 215 0
uf50-0379 217 0
uf50-0379 217 0
uf50-0564 217 0
uf50-0564 217 0
uf50-0564 217 0
uf50-0564 217 0
uf50-0564 217 0
uf50-0564 217 0
uf50-0564 216 0
uf50-0564 217 0
uf50-0564 216 0
uf50-0564 217 0
uf50-0564 217 0
uf50-0564 217 0
uf50-0564 217 0
uf50-0564 217 0
uf50-0564 217 0
uf50-0564 216 0
uf50-0564 217 0
uf50-0564 217 0
uf50-0564 217 0
uf50-0564 217 0
uf50-0564 217 0
uf50-0564 217 0
uf50-0564 216 0
uf50-0564 216 0
uf50-0564 216 0
uf50-0564 217 0
uf50-0564 217 0
uf50-0564 216 0
uf50-0564 216 0
uf50-0564 217 0
uf50-0564 217 0
uf50-0564 216 0
uf50-0564 217 0
uf50-0564 217 0
uf50-0564 217 0
uf50-0564 216 0
uf50-0564 217 0
uf50-0564 215 0
uf50-0564 216 0
uf50-0564 216 0
uf50-0564 217 0
uf50-0564 217 0
uf50-0564 216 0
uf50-0564 217 0
uf50-0564 217 0
uf50-0564 217 0
uf50-0564 217 0
uf50-0564 217 0
uf50-0564 217 0
uf50-0564 217 0
