uf50-098 5054 -1 -2 3 4 -5 -6 -7 8 -9 10 -11 12 -13 14 15 -16 -17 -18 19 -20 21 22 23 24 -25 26 -27 28 -29 30 -31 -32 -33 34 -35 36 -37 -38 -39 -40 -41 42 -43 44 45 -46 47 48 49 -50 0
uf50-098 4859 1 -2 3 -4 5 -6 -7 8 -9 -10 -11 12 -13 -14 15 -16 -17 -18 19 -20 -21 22 23 24 -25 26 -27 28 -29 30 -31 -32 -33 34 35 36 -37 38 39 -40 -41 42 -43 44 45 46 47 -48 49 -50 0
uf50-098 5611 1 -2 3 4 5 -6 -7 8 -9 -10 -11 12 -13 -14 15 -16 -17 -18 19 -20 21 22 23 24 -25 26 -27 28 -29 30 -31 -32 -33 34 -35 36 -37 38 39 -40 -41 42 -43 44 45 46 47 48 49 -50 0
uf50-098 217 0
uf50-098 3940 -1 -2 3 -4 -5 -6 -7 8 -9 10 -11 12 -13 -14 15 -16 -17 -18 19 20 -21 22 23 -24 25 26 -27 28 -29 30 -31 -32 -33 34 -35 36 -37 38 39 -40 -41 42 -43 44 45 46 47 48 -49 -50 0
uf50-098 217 0
uf50-098 3709 -1 -2 3 -4 5 -6 -7 8 -9 -10 -11 12 -13 -14 15 -16 -17 -18 19 -20 -21 22 23 24 -25 26 -27 28 -29 30 -31 -32 -33 34 -35 36 -37 38 39 -40 -41 42 -43 44 45 46 47 -48 49 -50 0
uf50-098 2673 -1 -2 3 -4 -5 -6 -7 8 -9 10 -11 12 -13 -14 15 -16 -17 -18 19 -20 -21 -22 23 -24 -25 26 -27 28 -29 30 -31 -32 -33 34 -35 36 -37 38 39 -40 -41 42 -43 44 45 46 47 48 -49 -50 0
uf50-098 5382 1 -2 -3 -4 -5 -6 -7 -8 -9 10 -11 12 -13 -14 15 -16 17 -18 19 -20 -21 22 -23 -24 -25 26 -27 28 -29 30 -31 -32 33 34 35 36 -37 38 -39 40 41 42 -43 -44 45 -46 47 -48 49 -50 0
uf50-098 5627 1 -2 3 4 -5 -6 -7 8 -9 -10 -11 12 -13 -14 15 -16 -17 -18 19 -20 21 22 23 24 -25 26 -27 28 -29 30 -31 -32 -33 34 35 36 -37 38 39 -40 -41 42 -43 44 45 46 47 48 49 -50 0
uf50-098 217 0
uf50-098 6150 1 -2 3 4 5 -6 -7 8 -9 -10 -11 12 -13 -14 15 -16 -17 -18 19 -20 21 22 23 24 -25 26 -27 28 -29 30 -31 -32 -33 34 35 36 -37 38 39 -40 -41 42 -43 44 45 46 47 48 49 -50 0
uf50-098 5628 -1 -2 3 -4 5 -6 -7 8 -9 -10 -11 12 -13 -14 15 -16 -17 -18 19 20 -21 22 23 24 25 26 -27 28 -29 30 -31 -32 -33 34 35 36 -37 38 39 -40 -41 42 -43 44 45 46 47 48 49 -50 0
uf50-098 3795 -1 -2 3 -4 -5 -6 -7 8 -9 10 -11 12 -13 -14 15 -16 -17 18 -19 -20 -21 -22 -23 -24 25 26 27 28 -29 -30 31 32 -33 34 -35 36 -37 38 39 -40 -41 42 -43 -44 45 46 47 -48 -49 -50 0
uf50-098 6148 1 -2 -3 -4 -5 -6 -7 -8 -9 10 -11 12 -13 -14 15 -16 17 -18 19 -20 -21 22 -23 24 -25 26 -27 28 -29 30 -31 -32 33 34 35 36 -37 38 -39 40 41 42 -43 -44 45 -46 47 48 49 -50 0
uf50-098 3919 -1 -2 3 4 5 -6 -7 8 -9 10 -11 12 -13 -14 15 -16 -17 -18 19 -20 21 22 23 -24 -25 26 -27 28 -29 -30 -31 -32 -33 34 -35 36 -37 38 39 -40 -41 42 -43 44 45 46 47 48 -49 -50 0
uf50-098 4011 -1 -2 3 4 -5 -6 -7 8 -9 10 -11 12 -13 -14 15 -16 -17 -18 19 -20 21 -22 23 -24 25 26 -27 28 -29 -30 -31 -32 -33 34 -35 36 -37 38 39 -40 -41 42 -43 44 45 46 47 48 49 -50 0
uf50-098 4893 -1 -2 -3 4 -5 -6 -7 8 -9 -10 -11 12 -13 14 15 -16 17 18 -19 -20 21 22 -23 24 -25 26 -27 28 -29 -30 -31 -32 -33 34 35 36 -37 -38 39 -40 -41 42 -43 -44 45 46 47 48 49 -50 0
uf50-098 4154 -1 -2 3 4 -5 -6 -7 8 -9 10 -11 12 -13 -14 15 -16 -17 -18 19 -20 21 22 23 -24 -25 26 -27 28 -29 30 -31 -32 -33 34 -35 36 -37 38 39 -40 -41 42 -43 44 45 46 47 48 49 -50 0
uf50-098 4093 -1 -2 3 -4 -5 -6 -7 8 -9 10 -11 12 -13 -14 15 -16 -17 -18 19 -20 -21 22 23 24 25 26 -27 28 -29 30 -31 -32 -33 34 -35 36 -37 38 39 -40 -41 42 -43 44 45 46 47 48 49 -50 0
uf50-098 217 0
uf50-098 217 0
uf50-098 5939 1 -2 3 4 -5 -6 -7 8 -9 -10 -11 12 -13 -14 15 -16 -17 -18 19 -20 21 -22 23 24 25 26 -27 28 -29 30 -31 -32 -33 34 35 36 -37 38 39 -40 -41 42 -43 44 45 46 47 48 49 -50 0
uf50-098 5475 1 -2 3 4 -5 -6 -7 8 -9 -10 -11 12 -13 -14 15 -16 -17 -18 19 -20 21 -22 23 24 -25 26 -27 28 -29 30 -31 -32 -33 34 35 36 -37 38 39 -40 -41 42 -43 44 45 46 47 48 49 -50 0
uf50-098 6179 1 -2 -3 -4 -5 -6 -7 8 -9 10 -11 12 -13 -14 15 -16 17 -18 19 -20 -21 22 -23 24 -25 26 -27 28 -29 30 -31 -32 33 34 35 36 -37 38 -39 40 41 42 -43 -44 45 -46 47 48 49 -50 0
uf50-098 3508 -1 -2 3 -4 -5 -6 -7 8 -9 10 -11 12 -13 -14 15 -16 -17 18 -19 -20 -21 22 -23 -24 25 26 27 28 -29 -30 31 -32 -33 34 -35 36 -37 38 39 -40 -41 42 -43 -44 45 46 47 48 -49 -50 0
uf50-098 5627 1 -2 3 4 -5 -6 -7 8 -9 -10 -11 12 -13 -14 15 -16 -17 -18 19 -20 21 22 23 24 -25 26 -27 28 -29 30 -31 -32 -33 34 35 36 -37 38 39 -40 -41 42 -43 44 45 46 47 48 49 -50 0
uf50-098 5939 1 -2 3 4 -5 -6 -7 8 -9 -10 -11 12 -13 -14 15 -16 -17 -18 19 -20 21 -22 23 24 25 26 -27 28 -29 30 -31 -32 -33 34 35 36 -37 38 39 -40 -41 42 -43 44 45 46 47 48 49 -50 0
uf50-098 6179 1 -2 -3 -4 -5 -6 -7 8 -9 10 -11 12 -13 -14 15 -16 17 -18 19 -20 -21 22 -23 24 -25 26 -27 28 -29 30 -31 -32 33 34 35 36 -37 38 -39 40 41 42 -43 -44 45 -46 47 48 49 -50 0
uf50-098 217 0
uf50-098 5914 1 -2 -3 -4 -5 -6 -7 8 -9 10 -11 12 -13 -14 15 -16 17 -18 19 -20 -21 22 -23 24 -25 26 -27 28 -29 30 -31 -32 33 34 35 36 -37 38 -39 40 41 42 -43 -44 45 -46 47 -48 49 -50 0
uf50-098 5678 1 -2 -3 -4 -5 -6 -7 8 -9 10 -11 12 -13 -14 15 -16 17 -18 19 -20 -21 22 -23 -24 -25 26 -27 28 -29 30 -31 -32 33 34 35 36 -37 38 -39 40 41 42 -43 -44 45 -46 47 48 49 -50 0
uf50-098 4789 -1 -2 3 4 -5 -6 -7 8 -9 -10 -11 12 -13 -14 15 -16 -17 -18 19 -20 21 -22 23 24 25 26 -27 28 -29 30 -31 -32 -33 34 -35 36 -37 38 39 -40 -41 42 -43 44 45 46 47 48 49 -50 0
uf50-098 5627 1 -2 3 4 -5 -6 -7 8 -9 -10 -11 12 -13 -14 15 -16 -17 -18 19 -20 21 22 23 24 -25 26 -27 28 -29 30 -31 -32 -33 34 35 36 -37 38 39 -40 -41 42 -43 44 45 46 47 48 49 -50 0
uf50-098 5939 1 -2 3 4 -5 -6 -7 8 -9 -10 -11 12 -13 -14 15 -16 -17 -18 19 -20 21 -22 23 24 25 26 -27 28 -29 30 -31 -32 -33 34 35 36 -37 38 39 -40 -41 42 -43 44 45 46 47 48 49 -50 0
uf50-098 217 0
uf50-098 217 0
uf50-098 217 0
uf50-098 4816 1 -2 3 4 -5 -6 -7 8 -9 -10 -11 12 -13 -14 15 -16 -17 -18 19 -20 -21 22 23 24 -25 26 -27 28 -29 30 -31 -32 -33 34 35 36 -37 38 39 -40 -41 42 -43 44 45 46 47 -48 49 -50 0
uf50-098 5939 1 -2 3 4 -5 -6 -7 8 -9 -10 -11 12 -13 -14 15 -16 -17 -18 19 -20 21 -22 23 24 25 26 -27 28 -29 30 -31 -32 -33 34 35 36 -37 38 39 -40 -41 42 -43 44 45 46 47 48 49 -50 0
uf50-098 4109 -1 -2 3 4 5 -6 -7 8 -9 10 -11 12 -13 -14 15 -16 -17 -18 19 -20 21 22 23 -24 -25 26 -27 28 -29 30 -31 -32 -33 34 -35 36 -37 38 39 -40 -41 42 -43 44 45 46 47 -48 -49 -50 0
uf50-098 4789 1 -2 -3 -4 -5 -6 -7 8 -9 10 -11 12 -13 -14 15 -16 -17 -18 19 -20 -21 22 -23 -24 -25 26 -27 28 -29 30 -31 -32 33 34 35 36 -37 38 -39 40 41 42 -43 -44 45 -46 47 -48 49 -50 0
uf50-098 217 0
uf50-098 5939 1 -2 3 4 -5 -6 -7 8 -9 -10 -11 12 -13 -14 15 -16 -17 -18 19 -20 21 -22 23 24 25 26 -27 28 -29 30 -31 -32 -33 34 35 36 -37 38 39 -40 -41 42 -43 44 45 46 47 48 49 -50 0
uf50-098 3469 -1 -2 -3 -4 5 -6 -7 8 -9 10 -11 12 -13 -14 15 -16 -17 18 -19 20 -21 22 23 -24 25 26 -27 28 -29 -30 -31 -32 -33 34 -35 36 -37 38 39 -40 -41 42 -43 -44 45 46 47 48 -49 -50 0
uf50-098 6025 1 -2 3 4 5 -6 -7 8 -9 -10 -11 12 -13 -14 15 -16 -17 -18 19 -20 21 22 23 24 -25 26 -27 28 -29 30 -31 -32 -33 34 35 36 -37 38 -39 -40 -41 42 -43 44 45 46 47 48 49 -50 0
uf50-098 217 0
uf50-098 2218 -1 -2 3 -4 -5 -6 -7 8 -9 10 -11 12 -13 -14 15 -16 -17 -18 19 -20 -21 -22 23 -24 -25 26 -27 28 -29 -30 -31 -32 -33 34 -35 36 -37 38 39 -40 -41 42 -43 44 45 46 47 48 -49 -50 0
uf50-098 4248 -1 -2 3 -4 5 -6 -7 8 -9 -10 -11 12 -13 -14 15 -16 -17 -18 19 -20 -21 22 23 24 -25 26 -27 28 -29 30 -31 -32 -33 34 35 36 -37 38 39 -40 -41 42 -43 44 45 46 47 -48 49 -50 0
uf50-098 5628 -1 -2 3 -4 5 -6 -7 8 -9 -10 -11 12 -13 -14 15 -16 -17 -18 19 20 -21 22 23 24 25 26 -27 28 -29 30 -31 -32 -33 34 35 36 -37 38 39 -40 -41 42 -43 44 45 46 47 48 49 -50 0
uf50-0537 3654 -1 2 3 -4 5 6 7 8 -9 10 11 -12 -13 -14 15 16 17 18 19 -20 -21 22 -23 24 -25 26 27 -28 -29 -30 31 -32 -33 34 35 36 37 38 39 40 -41 42 -43 44 45 -46 47 -48 -49 -50 0
uf50-0537 3654 -1 2 3 -4 5 6 7 8 -9 10 11 -12 -13 -14 15 16 17 18 19 -20 -21 22 -23 24 -25 26 27 -28 -29 -30 31 -32 -33 34 35 36 37 38 39 40 -41 42 -43 44 45 -46 47 -48 -49 -50 0
uf50-0537 3654 -1 2 3 -4 5 6 7 8 -9 10 11 -12 -13 -14 15 16 17 18 19 -20 -21 22 -23 24 -25 26 27 -28 -29 -30 31 -32 -33 34 35 36 37 38 39 40 -41 42 -43 44 45 -46 47 -48 -49 -50 0
uf50-0537 4769 -1 2 -3 -4 -5 6 7 8 -9 10 -11 -12 -13 -14 15 16 17 18 -19 -20 21 22 23 -24 -25 26 27 -28 -29 30 31 -32 33 34 35 36 37 38 39 40 41 42 43 44 -45 -46 47 -48 -49 -50 0
uf50-0537 4769 -1 2 -3 -4 -5 6 7 8 -9 10 -11 -12 -13 -14 15 16 17 18 -19 -20 21 22 23 -24 -25 26 27 -28 -29 30 31 -32 33 34 35 36 37 38 39 40 41 42 43 44 -45 -46 47 -48 -49 -50 0
uf50-0537 3465 -1 2 3 -4 -5 6 7 8 -9 10 11 -12 -13 -14 15 16 17 18 19 -20 21 22 -23 24 -25 26 27 -28 -29 -30 31 -32 -33 34 35 36 37 38 39 40 -41 42 -43 44 45 -46 47 -48 -49 -50 0
uf50-0537 2951 -1 2 3 -4 5 6 7 -8 -9 10 11 12 -13 -14 15 16 17 18 19 -20 -21 22 -23 24 -25 -26 27 28 29 30 31 -32 -33 34 35 36 37 38 -39 40 -41 42 -43 44 -45 -46 47 -48 -49 -50 0
uf50-0537 3654 -1 2 3 -4 5 6 7 8 -9 10 11 -12 -13 -14 15 16 17 18 19 -20 -21 22 -23 24 -25 26 27 -28 -29 -30 31 -32 -33 34 35 36 37 38 39 40 -41 42 -43 44 45 -46 47 -48 -49 -50 0
uf50-0537 3654 -1 2 3 -4 5 6 7 8 -9 10 11 -12 -13 -14 15 16 17 18 19 -20 -21 22 -23 24 -25 26 27 -28 -29 -30 31 -32 -33 34 35 36 37 38 39 40 -41 42 -43 44 45 -46 47 -48 -49 -50 0
uf50-0537 3437 -1 2 3 -4 -5 6 7 8 -9 10 11 -12 -13 -14 15 16 17 18 19 -20 21 22 -23 24 -25 26 27 -28 -29 30 31 -32 -33 34 35 36 37 38 39 40 -41 42 -43 44 -45 -46 47 -48 -49 -50 0
uf50-0537 4769 -1 2 -3 -4 -5 6 7 8 -9 10 -11 -12 -13 -14 15 16 17 18 -19 -20 21 22 23 -24 -25 26 27 -28 -29 30 31 -32 33 34 35 36 37 38 39 40 41 42 43 44 -45 -46 47 -48 -49 -50 0
uf50-0537 4763 -1 2 -3 -4 -5 6 -7 8 -9 10 -11 -12 -13 -14 15 16 17 18 -19 -20 21 22 23 -24 -25 26 27 -28 -29 30 31 -32 33 34 35 36 37 38 39 40 41 42 43 44 -45 -46 47 -48 -49 -50 0
uf50-0537 4763 -1 2 -3 -4 -5 6 -7 8 -9 10 -11 -12 -13 -14 15 16 17 18 -19 -20 21 22 23 -24 -25 26 27 -28 -29 30 31 -32 33 34 35 36 37 38 39 40 41 42 43 44 -45 -46 47 -48 -49 -50 0
uf50-0537 3437 -1 2 3 -4 -5 6 7 8 -9 10 11 -12 -13 -14 15 16 17 18 19 -20 21 22 -23 24 -25 26 27 -28 -29 30 31 -32 -33 34 35 36 37 38 39 40 -41 42 -43 44 -45 -46 47 -48 -49 -50 0
uf50-0537 3437 -1 2 3 -4 -5 6 7 8 -9 10 11 -12 -13 -14 15 16 17 18 19 -20 21 22 -23 24 -25 26 27 -28 -29 30 31 -32 -33 34 35 36 37 38 39 40 -41 42 -43 44 -45 -46 47 -48 -49 -50 0
uf50-0537 3654 -1 2 3 -4 5 6 7 8 -9 10 11 -12 -13 -14 15 16 17 18 19 -20 -21 22 -23 24 -25 26 27 -28 -29 -30 31 -32 -33 34 35 36 37 38 39 40 -41 42 -43 44 45 -46 47 -48 -49 -50 0
uf50-0537 2935 -1 2 3 -4 -5 6 7 8 -9 10 11 12 -13 -14 15 16 17 18 19 -20 21 22 -23 24 -25 -26 27 28 -29 30 31 -32 -33 34 35 36 37 38 -39 40 -41 42 -43 44 -45 -46 47 -48 -49 -50 0
uf50-0537 4769 -1 2 -3 -4 -5 6 7 8 -9 10 -11 -12 -13 -14 15 16 17 18 -19 -20 21 22 23 -24 -25 26 27 -28 -29 30 31 -32 33 34 35 36 37 38 39 40 41 42 43 44 -45 -46 47 -48 -49 -50 0
uf50-0537 4769 -1 2 -3 -4 -5 6 7 8 -9 10 -11 -12 -13 -14 15 16 17 18 -19 -20 21 22 23 -24 -25 26 27 -28 -29 30 31 -32 33 34 35 36 37 38 39 40 41 42 43 44 -45 -46 47 -48 -49 -50 0
uf50-0537 3337 -1 2 3 -4 -5 6 7 8 -9 10 11 -12 -13 -14 15 16 17 18 19 -20 21 22 -23 24 -25 26 27 -28 -29 -30 31 -32 -33 34 35 36 37 38 39 40 -41 42 -43 44 -45 -46 47 -48 49 -50 0
uf50-0537 3270 -1 2 3 -4 5 6 7 8 -9 10 11 -12 -13 -14 15 16 17 18 19 -20 -21 22 -23 24 -25 26 27 -28 -29 -30 31 -32 -33 34 35 36 37 38 39 40 -41 42 -43 44 -45 -46 47 -48 -49 -50 0
uf50-0537 3654 -1 2 3 -4 5 6 7 8 -9 10 11 -12 -13 -14 15 16 17 18 19 -20 -21 22 -23 24 -25 26 27 -28 -29 -30 31 -32 -33 34 35 36 37 38 39 40 -41 42 -43 44 45 -46 47 -48 -49 -50 0
uf50-0537 4769 -1 2 -3 -4 -5 6 7 8 -9 10 -11 -12 -13 -14 15 16 17 18 -19 -20 21 22 23 -24 -25 26 27 -28 -29 30 31 -32 33 34 35 36 37 38 39 40 41 42 43 44 -45 -46 47 -48 -49 -50 0
uf50-0537 2951 -1 2 3 -4 5 6 7 -8 -9 10 11 12 -13 -14 15 16 17 18 19 -20 -21 22 -23 24 -25 -26 27 28 29 30 31 -32 -33 34 35 36 37 38 -39 40 -41 42 -43 44 -45 -46 47 -48 -49 -50 0
uf50-0537 4769 -1 2 -3 -4 -5 6 7 8 -9 10 -11 -12 -13 -14 15 16 17 18 -19 -20 21 22 23 -24 -25 26 27 -28 -29 30 31 -32 33 34 35 36 37 38 39 40 41 42 43 44 -45 -46 47 -48 -49 -50 0
uf50-0537 4769 -1 2 -3 -4 -5 6 7 8 -9 10 -11 -12 -13 -14 15 16 17 18 -19 -20 21 22 23 -24 -25 26 27 -28 -29 30 31 -32 33 34 35 36 37 38 39 40 41 42 43 44 -45 -46 47 -48 -49 -50 0
uf50-0537 3337 -1 2 3 -4 -5 6 7 8 -9 10 11 -12 -13 -14 15 16 17 18 19 -20 21 22 -23 24 -25 26 27 -28 -29 -30 31 -32 -33 34 35 36 37 38 39 40 -41 42 -43 44 -45 -46 47 -48 49 -50 0
uf50-0537 4769 -1 2 -3 -4 -5 6 7 8 -9 10 -11 -12 -13 -14 15 16 17 18 -19 -20 21 22 23 -24 -25 26 27 -28 -29 30 31 -32 33 34 35 36 37 38 39 40 41 42 43 44 -45 -46 47 -48 -49 -50 0
uf50-0537 3654 -1 2 3 -4 5 6 7 8 -9 10 11 -12 -13 -14 15 16 17 18 19 -20 -21 22 -23 24 -25 26 27 -28 -29 -30 31 -32 -33 34 35 36 37 38 39 40 -41 42 -43 44 45 -46 47 -48 -49 -50 0
uf50-0537 3437 -1 2 3 -4 -5 6 7 8 -9 10 11 -12 -13 -14 15 16 17 18 19 -20 21 22 -23 24 -25 26 27 -28 -29 30 31 -32 -33 34 35 36 37 38 39 40 -41 42 -43 44 -45 -46 47 -48 -49 -50 0
uf50-0537 3437 -1 2 3 -4 -5 6 7 8 -9 10 11 -12 -13 -14 15 16 17 18 19 -20 21 22 -23 24 -25 26 27 -28 -29 30 31 -32 -33 34 35 36 37 38 39 40 -41 42 -43 44 -45 -46 47 -48 -49 -50 0
uf50-0537 3437 -1 2 3 -4 -5 6 7 8 -9 10 11 -12 -13 -14 15 16 17 18 19 -20 21 22 -23 24 -25 26 27 -28 -29 30 31 -32 -33 34 35 36 37 38 39 40 -41 42 -43 44 -45 -46 47 -48 -49 -50 0
uf50-0537 2951 -1 2 3 -4 5 6 7 -8 -9 10 11 12 -13 -14 15 16 17 18 19 -20 -21 22 -23 24 -25 -26 27 28 29 30 31 -32 -33 34 35 36 37 38 -39 40 -41 42 -43 44 -45 -46 47 -48 -49 -50 0
uf50-0537 3526 -1 2 3 -4 5 6 7 8 -9 10 11 -12 -13 -14 15 16 17 18 19 -20 -21 22 -23 24 -25 26 27 -28 -29 -30 31 -32 -33 34 35 36 37 38 39 40 -41 42 -43 44 -45 -46 47 -48 49 -50 0
uf50-0537 3654 -1 2 3 -4 5 6 7 8 -9 10 11 -12 -13 -14 15 16 17 18 19 -20 -21 22 -23 24 -25 26 27 -28 -29 -30 31 -32 -33 34 35 36 37 38 39 40 -41 42 -43 44 45 -46 47 -48 -49 -50 0
uf50-0537 3403 -1 2 3 -4 -5 6 7 8 -9 10 11 -12 -13 -14 15 16 17 18 19 -20 21 22 -23 -24 -25 26 27 -28 -29 30 31 -32 -33 34 35 36 37 38 39 40 -41 42 -43 44 -45 -46 47 -48 -49 -50 0
uf50-0537 3654 -1 2 3 -4 5 6 7 8 -9 10 11 -12 -13 -14 15 16 17 18 19 -20 -21 22 -23 24 -25 26 27 -28 -29 -30 31 -32 -33 34 35 36 37 38 39 40 -41 42 -43 44 45 -46 47 -48 -49 -50 0
uf50-0537 3654 -1 2 3 -4 5 6 7 8 -9 10 11 -12 -13 -14 15 16 17 18 19 -20 -21 22 -23 24 -25 26 27 -28 -29 -30 31 -32 -33 34 35 36 37 38 39 40 -41 42 -43 44 45 -46 47 -48 -49 -50 0
uf50-0537 2951 -1 2 3 -4 5 6 7 -8 -9 10 11 12 -13 -14 15 16 17 18 19 -20 -21 22 -23 24 -25 -26 27 28 29 30 31 -32 -33 34 35 36 37 38 -39 40 -41 42 -43 44 -45 -46 47 -48 -49 -50 0
uf50-0537 3526 -1 2 3 -4 5 6 7 8 -9 10 11 -12 -13 -14 15 16 17 18 19 -20 -21 22 -23 24 -25 26 27 -28 -29 -30 31 -32 -33 34 35 36 37 38 39 40 -41 42 -43 44 -45 -46 47 -48 49 -50 0
uf50-0537 3654 -1 2 3 -4 5 6 7 8 -9 10 11 -12 -13 -14 15 16 17 18 19 -20 -21 22 -23 24 -25 26 27 -28 -29 -30 31 -32 -33 34 35 36 37 38 39 40 -41 42 -43 44 45 -46 47 -48 -49 -50 0
uf50-0537 4769 -1 2 -3 -4 -5 6 7 8 -9 10 -11 -12 -13 -14 15 16 17 18 -19 -20 21 22 23 -24 -25 26 27 -28 -29 30 31 -32 33 34 35 36 37 38 39 40 41 42 43 44 -45 -46 47 -48 -49 -50 0
uf50-0537 3437 -1 2 3 -4 -5 6 7 8 -9 10 11 -12 -13 -14 15 16 17 18 19 -20 21 22 -23 24 -25 26 27 -28 -29 30 31 -32 -33 34 35 36 37 38 39 40 -41 42 -43 44 -45 -46 47 -48 -49 -50 0
uf50-0537 3526 -1 2 3 -4 5 6 7 8 -9 10 11 -12 -13 -14 15 16 17 18 19 -20 -21 22 -23 24 -25 26 27 -28 -29 -30 31 -32 -33 34 35 36 37 38 39 40 -41 42 -43 44 -45 -46 47 -48 49 -50 0
uf50-0537 3526 -1 2 3 -4 5 6 7 8 -9 10 11 -12 -13 -14 15 16 17 18 19 -20 -21 22 -23 24 -25 26 27 -28 -29 -30 31 -32 -33 34 35 36 37 38 39 40 -41 42 -43 44 -45 -46 47 -48 49 -50 0
uf50-0537 4769 -1 2 -3 -4 -5 6 7 8 -9 10 -11 -12 -13 -14 15 16 17 18 -19 -20 21 22 23 -24 -25 26 27 -28 -29 30 31 -32 33 34 35 36 37 38 39 40 41 42 43 44 -45 -46 47 -48 -49 -50 0
uf50-0537 2951 -1 2 3 -4 5 6 7 -8 -9 10 11 12 -13 -14 15 16 17 18 19 -20 -21 22 -23 24 -25 -26 27 28 29 30 31 -32 -33 34 35 36 37 38 -39 40 -41 42 -43 44 -45 -46 47 -48 -49 -50 0
uf50-0537 3437 -1 2 3 -4 -5 6 7 8 -9 10 11 -12 -13 -14 15 16 17 18 19 -20 21 22 -23 24 -25 26 27 -28 -29 30 31 -32 -33 34 35 36 37 38 39 40 -41 42 -43 44 -45 -46 47 -48 -49 -50 0
uf50-0537 3465 -1 2 3 -4 -5 6 7 8 -9 10 11 -12 -13 -14 15 16 17 18 19 -20 21 22 -23 24 -25 26 27 -28 -29 -30 31 -32 -33 34 35 36 37 38 39 40 -41 42 -43 44 45 -46 47 -48 -49 -50 0
uf50-0537 3465 -1 2 3 -4 -5 6 7 8 -9 10 11 -12 -13 -14 15 16 17 18 19 -20 21 22 -23 24 -25 26 27 -28 -29 -30 31 -32 -33 34 35 36 37 38 39 40 -41 42 -43 44 45 -46 47 -48 -49 -50 0
uf50-0472 3409 1 2 -3 4 5 -6 7 8 -9 10 -11 12 13 -14 15 -16 17 18 -19 -20 21 22 23 -24 25 -26 -27 28 29 30 31 32 -33 -34 -35 -36 37 -38 -39 -40 41 42 43 44 -45 46 47 -48 49 -50 0
uf50-0472 4066 1 -2 3 -4 -5 6 7 8 -9 10 -11 12 13 -14 15 -16 17 18 19 -20 -21 -22 23 -24 25 -26 -27 28 -29 -30 31 -32 -33 -34 -35 -36 37 -38 39 -40 -41 42 43 -44 -45 -46 -47 48 49 50 0
uf50-0472 2715 1 -2 -3 -4 5 6 7 8 -9 10 -11 12 -13 -14 15 -16 17 18 19 -20 21 -22 23 -24 25 -26 -27 28 29 -30 31 32 -33 -34 -35 -36 37 -38 39 40 41 42 -43 44 -45 -46 47 48 -49 -50 0
uf50-0472 3640 1 -2 3 -4 5 6 7 8 -9 10 -11 12 13 -14 15 -16 17 18 19 -20 -21 -22 23 -24 25 -26 -27 28 -29 -30 31 -32 -33 -34 -35 -36 37 -38 39 -40 41 42 43 -44 -45 -46 -47 48 49 -50 0
uf50-0472 3640 1 -2 3 -4 5 6 7 8 -9 10 -11 12 13 -14 15 -16 17 18 19 -20 -21 -22 23 -24 25 -26 -27 28 -29 -30 31 -32 -33 -34 -35 -36 37 -38 39 -40 41 42 43 -44 -45 -46 -47 48 49 -50 0
uf50-0472 2840 1 2 -3 4 5 -6 7 8 -9 10 11 12 -13 -14 15 -16 17 -18 -19 -20 21 22 23 -24 25 -26 -27 28 29 30 31 32 -33 -34 -35 -36 37 -38 -39 -40 41 42 43 44 45 46 47 -48 -49 -50 0
uf50-0472 3640 1 -2 3 -4 5 6 7 8 -9 10 -11 12 13 -14 15 -16 17 18 19 -20 -21 -22 23 -24 25 -26 -27 28 -29 -30 31 -32 -33 -34 -35 -36 37 -38 39 -40 41 42 43 -44 -45 -46 -47 48 49 -50 0
uf50-0472 3409 1 2 -3 4 5 -6 7 8 -9 10 -11 12 13 -14 15 -16 17 18 -19 -20 21 22 23 -24 25 -26 -27 28 29 30 31 32 -33 -34 -35 -36 37 -38 -39 -40 41 42 43 44 -45 46 47 -48 49 -50 0
uf50-0472 3638 1 -2 3 -4 -5 6 7 8 -9 10 -11 12 13 -14 15 -16 17 18 19 -20 -21 -22 23 -24 25 -26 -27 28 -29 -30 31 -32 -33 -34 -35 -36 37 -38 39 -40 -41 42 43 -44 -45 -46 -47 48 49 -50 0
uf50-0472 3590 1 2 -3 4 5 -6 7 8 -9 10 -11 12 13 -14 15 -16 17 18 -19 -20 21 22 23 -24 25 -26 -27 28 29 30 31 32 -33 -34 -35 -36 37 -38 -39 -40 41 42 43 44 45 46 47 -48 49 -50 0
uf50-0472 3590 1 2 -3 4 5 -6 7 8 -9 10 -11 12 13 -14 15 -16 17 18 -19 -20 21 22 23 -24 25 -26 -27 28 29 30 31 32 -33 -34 -35 -36 37 -38 -39 -40 41 42 43 44 45 46 47 -48 49 -50 0
uf50-0472 3262 1 2 -3 4 5 -6 7 8 -9 10 11 12 -13 -14 15 -16 17 -18 -19 -20 21 22 23 -24 25 -26 -27 28 29 30 31 32 -33 -34 -35 -36 37 -38 -39 -40 41 42 43 44 45 46 47 -48 49 -50 0
uf50-0472 3640 1 -2 3 -4 5 6 7 8 -9 10 -11 12 13 -14 15 -16 17 18 19 -20 -21 -22 23 -24 25 -26 -27 28 -29 -30 31 -32 -33 -34 -35 -36 37 -38 39 -40 41 42 43 -44 -45 -46 -47 48 49 -50 0
uf50-0472 2772 1 -2 -3 4 5 -6 7 8 -9 10 -11 12 13 -14 15 -16 17 -18 -19 -20 21 -22 23 -24 25 -26 -27 28 29 30 31 32 -33 -34 -35 -36 37 -38 -39 -40 41 42 43 44 -45 46 47 -48 49 -50 0
uf50-0472 2980 1 2 -3 -4 5 6 7 8 -9 10 11 12 -13 -14 15 -16 17 -18 -19 20 21 22 23 -24 25 -26 -27 28 29 -30 31 32 -33 -34 -35 -36 37 -38 39 -40 41 42 -43 44 45 46 47 48 -49 -50 0
uf50-0472 3262 1 2 -3 4 5 -6 7 8 -9 10 11 12 -13 -14 15 -16 17 -18 -19 -20 21 22 23 -24 25 -26 -27 28 29 30 31 32 -33 -34 -35 -36 37 -38 -39 -40 41 42 43 44 45 46 47 -48 49 -50 0
uf50-0472 3590 1 2 -3 4 5 -6 7 8 -9 10 -11 12 13 -14 15 -16 17 18 -19 -20 21 22 23 -24 25 -26 -27 28 29 30 31 32 -33 -34 -35 -36 37 -38 -39 -40 41 42 43 44 45 46 47 -48 49 -50 0
uf50-0472 4018 1 -2 3 -4 5 6 -7 8 -9 10 -11 12 13 -14 15 -16 17 18 19 -20 -21 -22 23 -24 25 -26 -27 28 -29 -30 31 -32 33 -34 -35 -36 37 -38 39 -40 41 42 43 -44 -45 -46 -47 48 49 -50 0
uf50-0472 3328 1 2 -3 4 5 -6 7 8 -9 10 -11 12 13 -14 15 -16 17 -18 -19 -20 21 22 23 -24 25 -26 -27 28 29 30 31 32 -33 -34 -35 -36 37 -38 -39 -40 41 42 43 44 45 46 47 -48 49 -50 0
uf50-0472 2960 1 2 -3 -4 5 6 7 8 -9 10 11 12 -13 -14 15 -16 17 -18 -19 20 21 22 23 -24 25 -26 -27 28 29 -30 31 32 -33 -34 -35 -36 37 -38 -39 -40 41 42 43 44 45 46 47 48 -49 -50 0
uf50-0472 3034 1 -2 -3 4 5 -6 7 8 -9 10 -11 12 13 -14 15 -16 17 18 -19 -20 21 -22 23 -24 25 -26 -27 28 29 30 31 32 -33 -34 -35 -36 37 -38 -39 -40 41 42 43 44 -45 46 47 -48 49 -50 0
uf50-0472 3081 1 2 -3 4 5 -6 7 8 -9 10 11 12 -13 -14 15 -16 17 -18 -19 -20 21 22 23 -24 25 -26 -27 28 29 30 31 32 -33 -34 -35 -36 37 -38 -39 -40 41 42 43 44 -45 46 47 -48 49 -50 0
uf50-0472 3639 1 -2 3 -4 -5 6 7 8 -9 10 -11 12 13 -14 15 -16 17 18 19 -20 -21 -22 23 -24 25 -26 -27 28 -29 -30 31 -32 -33 -34 -35 -36 37 -38 39 -40 41 42 43 -44 -45 -46 -47 48 49 -50 0
uf50-0472 3590 1 2 -3 4 5 -6 7 8 -9 10 -11 12 13 -14 15 -16 17 18 -19 -20 21 22 23 -24 25 -26 -27 28 29 30 31 32 -33 -34 -35 -36 37 -38 -39 -40 41 42 43 44 45 46 47 -48 49 -50 0
uf50-0472 3409 1 2 -3 4 5 -6 7 8 -9 10 -11 12 13 -14 15 -16 17 18 -19 -20 21 22 23 -24 25 -26 -27 28 29 30 31 32 -33 -34 -35 -36 37 -38 -39 -40 41 42 43 44 -45 46 47 -48 49 -50 0
uf50-0472 3343 1 2 -3 4 5 -6 7 8 -9 10 11 12 -13 -14 15 -16 17 18 -19 -20 21 22 23 -24 25 -26 -27 28 29 30 31 32 -33 -34 -35 -36 37 -38 -39 -40 41 42 43 44 -45 46 47 -48 49 -50 0
uf50-0472 4018 1 -2 3 -4 5 6 -7 8 -9 10 -11 12 13 -14 15 -16 17 18 19 -20 -21 -22 23 -24 25 -26 -27 28 -29 -30 31 -32 33 -34 -35 -36 37 -38 39 -40 41 42 43 -44 -45 -46 -47 48 49 -50 0
uf50-0472 3409 1 2 -3 4 5 -6 7 8 -9 10 -11 12 13 -14 15 -16 17 18 -19 -20 21 22 23 -24 25 -26 -27 28 29 30 31 32 -33 -34 -35 -36 37 -38 -39 -40 41 42 43 44 -45 46 47 -48 49 -50 0
uf50-0472 3590 1 2 -3 4 5 -6 7 8 -9 10 -11 12 13 -14 15 -16 17 18 -19 -20 21 22 23 -24 25 -26 -27 28 29 30 31 32 -33 -34 -35 -36 37 -38 -39 -40 41 42 43 44 45 46 47 -48 49 -50 0
uf50-0472 3147 1 2 -3 4 5 -6 7 8 -9 10 -11 12 13 -14 15 -16 17 -18 -19 -20 21 22 23 -24 25 -26 -27 28 29 30 31 32 -33 -34 -35 -36 37 -38 -39 -40 41 42 43 44 -45 46 47 -48 49 -50 0
uf50-0472 3110 1 2 -3 4 5 -6 7 8 -9 10 -11 12 13 -14 15 -16 17 -18 -19 -20 21 -22 23 -24 25 -26 -27 28 29 30 31 32 -33 -34 -35 -36 37 -38 -39 -40 41 42 43 44 45 46 47 -48 49 -50 0
uf50-0472 3409 1 2 -3 4 5 -6 7 8 -9 10 -11 12 13 -14 15 -16 17 18 -19 -20 21 22 23 -24 25 -26 -27 28 29 30 31 32 -33 -34 -35 -36 37 -38 -39 -40 41 42 43 44 -45 46 47 -48 49 -50 0
uf50-0472 2960 1 2 -3 -4 5 6 7 8 -9 10 11 12 -13 -14 15 -16 17 -18 -19 20 21 22 23 -24 25 -26 -27 28 29 -30 31 32 -33 -34 -35 -36 37 -38 -39 -40 41 42 43 44 45 46 47 48 -49 -50 0
uf50-0472 2902 1 2 -3 -4 5 -6 7 8 -9 10 11 12 -13 -14 15 -16 17 18 -19 20 21 22 23 -24 25 -26 -27 28 29 -30 31 32 -33 -34 -35 -36 37 -38 -39 -40 41 42 43 44 45 46 47 48 -49 -50 0
uf50-0472 4067 1 -2 3 -4 -5 6 7 8 -9 10 -11 12 13 -14 15 -16 17 18 19 -20 -21 -22 23 -24 25 -26 -27 28 -29 -30 31 -32 -33 -34 -35 -36 37 -38 39 -40 41 42 43 -44 -45 -46 -47 48 49 50 0
uf50-0472 3524 1 2 -3 4 5 -6 7 8 -9 10 11 12 -13 -14 15 -16 17 18 -19 -20 21 22 23 -24 25 -26 -27 28 29 30 31 32 -33 -34 -35 -36 37 -38 -39 -40 41 42 43 44 45 46 47 -48 49 -50 0
uf50-0472 3328 1 2 -3 4 5 -6 7 8 -9 10 -11 12 13 -14 15 -16 17 -18 -19 -20 21 22 23 -24 25 -26 -27 28 29 30 31 32 -33 -34 -35 -36 37 -38 -39 -40 41 42 43 44 45 46 47 -48 49 -50 0
uf50-0472 4017 1 -2 3 -4 5 6 -7 8 -9 10 -11 -12 13 -14 15 -16 17 18 19 -20 -21 -22 23 -24 25 -26 -27 28 -29 -30 31 -32 33 -34 -35 -36 37 -38 39 -40 41 42 43 -44 -45 -46 -47 48 49 -50 0
uf50-0472 3524 1 2 -3 4 5 -6 7 8 -9 10 11 12 -13 -14 15 -16 17 18 -19 -20 21 22 23 -24 25 -26 -27 28 29 30 31 32 -33 -34 -35 -36 37 -38 -39 -40 41 42 43 44 45 46 47 -48 49 -50 0
uf50-0472 3409 1 2 -3 4 5 -6 7 8 -9 10 -11 12 13 -14 15 -16 17 18 -19 -20 21 22 23 -24 25 -26 -27 28 29 30 31 32 -33 -34 -35 -36 37 -38 -39 -40 41 42 43 44 -45 46 47 -48 49 -50 0
uf50-0472 3590 1 2 -3 4 5 -6 7 8 -9 10 -11 12 13 -14 15 -16 17 18 -19 -20 21 22 23 -24 25 -26 -27 28 29 30 31 32 -33 -34 -35 -36 37 -38 -39 -40 41 42 43 44 45 46 47 -48 49 -50 0
uf50-0472 3262 1 2 -3 4 5 -6 7 8 -9 10 11 12 -13 -14 15 -16 17 -18 -19 -20 21 22 23 -24 25 -26 -27 28 29 30 31 32 -33 -34 -35 -36 37 -38 -39 -40 41 42 43 44 45 46 47 -48 49 -50 0
uf50-0472 4067 1 -2 3 -4 -5 6 7 8 -9 10 -11 12 13 -14 15 -16 17 18 19 -20 -21 -22 23 -24 25 -26 -27 28 -29 -30 31 -32 -33 -34 -35 -36 37 -38 39 -40 41 42 43 -44 -45 -46 -47 48 49 50 0
uf50-0472 3372 1 2 -3 4 5 -6 7 8 -9 10 -11 12 13 -14 15 -16 17 18 -19 -20 21 -22 23 -24 25 -26 -27 28 29 30 31 32 -33 -34 -35 -36 37 -38 -39 -40 41 42 43 44 45 46 47 -48 49 -50 0
uf50-0472 4067 1 -2 3 -4 -5 6 7 8 -9 10 -11 12 13 -14 15 -16 17 18 19 -20 -21 -22 23 -24 25 -26 -27 28 -29 -30 31 -32 -33 -34 -35 -36 37 -38 39 -40 41 42 43 -44 -45 -46 -47 48 49 50 0
uf50-0472 3639 1 -2 3 -4 5 6 7 8 -9 10 -11 12 13 -14 15 -16 17 18 19 -20 -21 -22 23 -24 25 -26 -27 28 -29 -30 31 -32 -33 -34 -35 -36 37 -38 39 -40 -41 42 43 -44 -45 -46 -47 48 49 -50 0
uf50-0472 3640 1 -2 3 -4 5 6 7 8 -9 10 -11 12 13 -14 15 -16 17 18 19 -20 -21 -22 23 -24 25 -26 -27 28 -29 -30 31 -32 -33 -34 -35 -36 37 -38 39 -40 41 42 43 -44 -45 -46 -47 48 49 -50 0
uf50-0472 4067 1 -2 3 -4 -5 6 7 8 -9 10 -11 12 13 -14 15 -16 17 18 19 -20 -21 -22 23 -24 25 -26 -27 28 -29 -30 31 -32 -33 -34 -35 -36 37 -38 39 -40 41 42 43 -44 -45 -46 -47 48 49 50 0
uf50-0472 3524 1 2 -3 4 5 -6 7 8 -9 10 11 12 -13 -14 15 -16 17 18 -19 -20 21 22 23 -24 25 -26 -27 28 29 30 31 32 -33 -34 -35 -36 37 -38 -39 -40 41 42 43 44 45 46 47 -48 49 -50 0
uf50-0472 3640 1 -2 3 -4 5 6 7 8 -9 10 -11 12 13 -14 15 -16 17 18 19 -20 -21 -22 23 -24 25 -26 -27 28 -29 -30 31 -32 -33 -34 -35 -36 37 -38 39 -40 41 42 43 -44 -45 -46 -47 48 49 -50 0
uf50-0945 753 -1 2 -3 4 5 6 -7 8 -9 -10 11 12 13 -14 15 16 17 -18 -19 20 -21 22 -23 24 -25 -26 -27 -28 29 -30 -31 -32 33 34 35 -36 -37 38 39 40 41 42 -43 -44 -45 -46 47 48 49 50 0
uf50-0945 217 0
uf50-0945 217 0
uf50-0945 1117 -1 2 -3 4 5 6 -7 8 -9 -10 11 12 13 -14 15 16 17 -18 -19 20 -21 22 -23 24 -25 -26 -27 -28 29 -30 -31 -32 33 34 35 -36 -37 38 39 40 41 42 -43 44 -45 -46 47 48 49 50 0
uf50-0945 1117 -1 2 -3 4 5 6 -7 8 -9 -10 11 12 13 -14 15 16 17 -18 -19 20 -21 22 -23 24 -25 -26 -27 -28 29 -30 -31 -32 33 34 35 -36 -37 38 39 40 41 42 -43 44 -45 -46 47 48 49 50 0
uf50-0945 217 0
uf50-0945 217 0
uf50-0945 217 0
uf50-0945 753 -1 2 -3 4 5 6 -7 8 -9 -10 11 12 13 -14 15 16 17 -18 -19 20 -21 22 -23 24 -25 -26 -27 -28 29 -30 -31 -32 33 34 35 -36 -37 38 39 40 41 42 -43 -44 -45 -46 47 48 49 50 0
uf50-0945 753 -1 2 -3 -4 5 6 -7 8 -9 -10 11 12 13 -14 15 16 17 -18 -19 20 -21 22 -23 24 -25 -26 -27 -28 29 -30 -31 -32 33 34 35 -36 -37 38 39 40 41 42 -43 44 -45 -46 47 48 49 50 0
uf50-0945 217 0
uf50-0945 389 -1 2 -3 4 5 6 -7 8 -9 -10 11 12 13 -14 15 -16 17 -18 -19 20 -21 22 -23 24 -25 -26 -27 -28 29 -30 -31 -32 33 34 35 -36 -37 38 39 40 41 42 -43 -44 -45 -46 47 48 49 50 0
uf50-0945 753 -1 2 -3 4 5 6 -7 8 -9 -10 11 12 13 -14 15 16 17 -18 -19 20 -21 22 -23 24 -25 -26 -27 -28 29 -30 -31 -32 33 34 35 -36 -37 38 39 40 41 42 -43 -44 -45 -46 47 48 49 50 0
uf50-0945 1117 -1 2 -3 4 5 6 -7 8 -9 -10 11 12 13 -14 15 16 17 -18 -19 20 -21 22 -23 24 -25 -26 -27 -28 29 -30 -31 -32 33 34 35 -36 -37 38 39 40 41 42 -43 44 -45 -46 47 48 49 50 0
uf50-0945 217 0
uf50-0945 389 -1 2 -3 4 5 6 -7 8 -9 -10 11 12 13 -14 15 -16 17 -18 -19 20 -21 22 -23 24 -25 -26 -27 -28 29 -30 -31 -32 33 34 35 -36 -37 38 39 40 41 42 -43 -44 -45 -46 47 48 49 50 0
uf50-0945 753 -1 2 -3 4 5 6 -7 8 -9 -10 11 12 13 -14 15 16 17 -18 -19 20 -21 22 -23 24 -25 -26 -27 -28 29 -30 -31 -32 33 34 35 -36 -37 38 39 40 41 42 -43 -44 -45 -46 47 48 49 50 0
uf50-0945 753 -1 2 -3 4 5 6 -7 8 -9 -10 11 12 13 -14 15 -16 17 -18 -19 20 -21 22 -23 24 -25 -26 -27 -28 29 -30 -31 -32 33 34 35 -36 -37 38 39 40 41 42 -43 44 -45 -46 47 48 49 50 0
uf50-0945 389 -1 2 -3 4 5 6 -7 8 -9 -10 11 12 13 -14 15 -16 17 -18 -19 20 -21 22 -23 24 -25 -26 -27 -28 29 -30 -31 -32 33 34 35 -36 -37 38 39 40 41 42 -43 -44 -45 -46 47 48 49 50 0
uf50-0945 753 -1 2 -3 4 5 6 -7 8 -9 -10 11 12 13 -14 15 -16 17 -18 -19 20 -21 22 -23 24 -25 -26 -27 -28 29 -30 -31 -32 33 34 35 -36 -37 38 39 40 41 42 -43 44 -45 -46 47 48 49 50 0
uf50-0945 25 -1 2 -3 -4 5 6 -7 8 -9 -10 11 12 13 -14 15 -16 17 -18 -19 20 -21 22 -23 24 -25 -26 -27 -28 29 -30 -31 -32 33 34 35 -36 -37 38 39 40 41 42 -43 -44 -45 -46 47 48 49 50 0
uf50-0945 389 -1 2 -3 4 5 6 -7 8 -9 -10 11 12 13 -14 15 -16 17 -18 -19 20 -21 22 -23 24 -25 -26 -27 -28 29 -30 -31 -32 33 34 35 -36 -37 38 39 40 41 42 -43 -44 -45 -46 47 48 49 50 0
uf50-0945 217 0
uf50-0945 753 -1 2 -3 4 5 6 -7 8 -9 -10 11 12 13 -14 15 16 17 -18 -19 20 -21 22 -23 24 -25 -26 -27 -28 29 -30 -31 -32 33 34 35 -36 -37 38 39 40 41 42 -43 -44 -45 -46 47 48 49 50 0
uf50-0945 217 0
uf50-0945 389 -1 2 -3 -4 5 6 -7 8 -9 -10 11 12 13 -14 15 -16 17 -18 -19 20 -21 22 -23 24 -25 -26 -27 -28 29 -30 -31 -32 33 34 35 -36 -37 38 39 40 41 42 -43 44 -45 -46 47 48 49 50 0
uf50-0945 217 0
uf50-0945 389 -1 2 -3 -4 5 6 -7 8 -9 -10 11 12 13 -14 15 16 17 -18 -19 20 -21 22 -23 24 -25 -26 -27 -28 29 -30 -31 -32 33 34 35 -36 -37 38 39 40 41 42 -43 -44 -45 -46 47 48 49 50 0
uf50-0945 1117 -1 2 -3 4 5 6 -7 8 -9 -10 11 12 13 -14 15 16 17 -18 -19 20 -21 22 -23 24 -25 -26 -27 -28 29 -30 -31 -32 33 34 35 -36 -37 38 39 40 41 42 -43 44 -45 -46 47 48 49 50 0
uf50-0945 389 -1 2 -3 4 5 6 -7 8 -9 -10 11 12 13 -14 15 -16 17 -18 -19 20 -21 22 -23 24 -25 -26 -27 -28 29 -30 -31 -32 33 34 35 -36 -37 38 39 40 41 42 -43 -44 -45 -46 47 48 49 50 0
uf50-0945 389 -1 2 -3 -4 5 6 -7 8 -9 -10 11 12 13 -14 15 -16 17 -18 -19 20 -21 22 -23 24 -25 -26 -27 -28 29 -30 -31 -32 33 34 35 -36 -37 38 39 40 41 42 -43 44 -45 -46 47 48 49 50 0
uf50-0945 1117 -1 2 -3 4 5 6 -7 8 -9 -10 11 12 13 -14 15 16 17 -18 -19 20 -21 22 -23 24 -25 -26 -27 -28 29 -30 -31 -32 33 34 35 -36 -37 38 39 40 41 42 -43 44 -45 -46 47 48 49 50 0
uf50-0945 217 0
uf50-0945 753 -1 2 -3 4 5 6 -7 8 -9 -10 11 12 13 -14 15 16 17 -18 -19 20 -21 22 -23 24 -25 -26 -27 -28 29 -30 -31 -32 33 34 35 -36 -37 38 39 40 41 42 -43 -44 -45 -46 47 48 49 50 0
uf50-0945 753 -1 2 -3 4 5 6 -7 8 -9 -10 11 12 13 -14 15 16 17 -18 -19 20 -21 22 -23 24 -25 -26 -27 -28 29 -30 -31 -32 33 34 35 -36 -37 38 39 40 41 42 -43 -44 -45 -46 47 48 49 50 0
uf50-0945 753 -1 2 -3 -4 5 6 -7 8 -9 -10 11 12 13 -14 15 16 17 -18 -19 20 -21 22 -23 24 -25 -26 -27 -28 29 -30 -31 -32 33 34 35 -36 -37 38 39 40 41 42 -43 44 -45 -46 47 48 49 50 0
uf50-0945 25 -1 2 -3 -4 5 6 -7 8 -9 -10 11 12 13 -14 15 -16 17 -18 -19 20 -21 22 -23 24 -25 -26 -27 -28 29 -30 -31 -32 33 34 35 -36 -37 38 39 40 41 42 -43 -44 -45 -46 47 48 49 50 0
uf50-0945 389 -1 2 -3 4 5 6 -7 8 -9 -10 11 12 13 -14 15 -16 17 -18 -19 20 -21 22 -23 24 -25 -26 -27 -28 29 -30 -31 -32 33 34 35 -36 -37 38 39 40 41 42 -43 -44 -45 -46 47 48 49 50 0
uf50-0945 217 0
uf50-0945 753 -1 2 -3 4 5 6 -7 8 -9 -10 11 12 13 -14 15 -16 17 -18 -19 20 -21 22 -23 24 -25 -26 -27 -28 29 -30 -31 -32 33 34 35 -36 -37 38 39 40 41 42 -43 44 -45 -46 47 48 49 50 0
uf50-0945 389 -1 2 -3 4 5 6 -7 8 -9 -10 11 12 13 -14 15 -16 17 -18 -19 20 -21 22 -23 24 -25 -26 -27 -28 29 -30 -31 -32 33 34 35 -36 -37 38 39 40 41 42 -43 -44 -45 -46 47 48 49 50 0
uf50-0945 389 -1 2 -3 -4 5 6 -7 8 -9 -10 11 12 13 -14 15 -16 17 -18 -19 20 -21 22 -23 24 -25 -26 -27 -28 29 -30 -31 -32 33 34 35 -36 -37 38 39 40 41 42 -43 44 -45 -46 47 48 49 50 0
uf50-0945 217 0
uf50-0945 217 0
uf50-0945 753 -1 2 -3 4 5 6 -7 8 -9 -10 11 12 13 -14 15 16 17 -18 -19 20 -21 22 -23 24 -25 -26 -27 -28 29 -30 -31 -32 33 34 35 -36 -37 38 39 40 41 42 -43 -44 -45 -46 47 48 49 50 0
uf50-0945 217 0
uf50-0945 1117 -1 2 -3 4 5 6 -7 8 -9 -10 11 12 13 -14 15 16 17 -18 -19 20 -21 22 -23 24 -25 -26 -27 -28 29 -30 -31 -32 33 34 35 -36 -37 38 39 40 41 42 -43 44 -45 -46 47 48 49 50 0
uf50-0945 217 0
uf50-0945 1117 -1 2 -3 4 5 6 -7 8 -9 -10 11 12 13 -14 15 16 17 -18 -19 20 -21 22 -23 24 -25 -26 -27 -28 29 -30 -31 -32 33 34 35 -36 -37 38 39 40 41 42 -43 44 -45 -46 47 48 49 50 0
uf50-0945 389 -1 2 -3 -4 5 6 -7 8 -9 -10 11 12 13 -14 15 -16 17 -18 -19 20 -21 22 -23 24 -25 -26 -27 -28 29 -30 -31 -32 33 34 35 -36 -37 38 39 40 41 42 -43 44 -45 -46 47 48 49 50 0
uf50-0822 5130 1 2 3 -4 -5 -6 -7 8 9 -10 11 -12 13 14 -15 16 17 -18 -19 -20 -21 22 23 24 25 26 -27 -28 -29 30 31 -32 33 34 -35 36 -37 38 39 40 -41 42 43 44 45 46 -47 -48 49 50 0
uf50-0822 5130 1 2 3 -4 -5 -6 -7 8 9 -10 11 -12 13 14 -15 16 17 -18 -19 -20 -21 22 23 24 25 26 -27 -28 -29 30 31 -32 33 34 -35 36 -37 38 39 40 -41 42 43 44 45 46 -47 -48 49 50 0
uf50-0822 5017 1 -2 -3 -4 5 -6 -7 -8 -9 10 -11 12 13 -14 15 16 17 18 -19 20 -21 22 23 24 -25 26 27 28 -29 30 31 32 -33 34 -35 36 -37 38 39 -40 41 42 43 44 45 46 47 -48 49 50 0
uf50-0822 5017 1 -2 -3 -4 5 -6 -7 -8 -9 10 -11 12 13 -14 15 16 17 18 -19 20 -21 22 23 24 -25 26 27 28 -29 30 31 32 -33 34 -35 36 -37 38 39 -40 41 42 43 44 45 46 47 -48 49 50 0
uf50-0822 5130 1 2 3 -4 -5 -6 -7 8 9 -10 11 -12 13 14 -15 16 17 -18 -19 -20 -21 22 23 24 25 26 -27 -28 -29 30 31 -32 33 34 -35 36 -37 38 39 40 -41 42 43 44 45 46 -47 -48 49 50 0
uf50-0822 5130 1 2 3 -4 -5 -6 -7 8 9 -10 11 -12 13 14 -15 16 17 -18 -19 -20 -21 22 23 24 25 26 -27 -28 -29 30 31 -32 33 34 -35 36 -37 38 39 40 -41 42 43 44 45 46 -47 -48 49 50 0
uf50-0822 5130 1 2 3 -4 -5 -6 -7 8 9 -10 11 -12 13 14 -15 16 17 -18 -19 -20 -21 22 23 24 25 26 -27 -28 -29 30 31 -32 33 34 -35 36 -37 38 39 40 -41 42 43 44 45 46 -47 -48 49 50 0
uf50-0822 3123 1 -2 -3 -4 -5 -6 -7 -8 9 10 -11 12 13 -14 15 16 17 18 -19 20 -21 22 23 24 -25 26 27 -28 -29 30 31 -32 33 34 -35 36 -37 38 39 40 41 42 43 44 -45 46 -47 48 49 50 0
uf50-0822 4276 1 -2 -3 -4 5 -6 -7 -8 -9 10 -11 12 13 -14 15 16 17 18 -19 20 -21 22 23 24 -25 26 -27 28 -29 30 31 32 -33 34 -35 36 -37 38 39 -40 41 42 43 44 -45 46 47 -48 49 50 0
uf50-0822 4952 1 -2 -3 -4 5 -6 -7 -8 -9 10 -11 12 13 -14 15 16 17 -18 -19 20 -21 22 23 24 -25 26 27 28 -29 30 31 32 -33 34 -35 36 -37 38 39 -40 41 42 43 44 45 46 47 -48 49 50 0
uf50-0822 5130 1 2 3 -4 -5 -6 -7 8 9 -10 11 -12 13 14 -15 16 17 -18 -19 -20 -21 22 23 24 25 26 -27 -28 -29 30 31 -32 33 34 -35 36 -37 38 39 40 -41 42 43 44 45 46 -47 -48 49 50 0
uf50-0822 4992 1 -2 -3 -4 5 -6 -7 -8 -9 10 -11 12 13 -14 15 16 17 18 -19 20 -21 22 -23 24 -25 26 27 28 -29 30 31 32 -33 34 -35 36 -37 38 39 -40 41 42 43 44 45 46 47 -48 49 50 0
uf50-0822 5017 1 -2 -3 -4 5 -6 -7 -8 -9 10 -11 12 13 -14 15 16 17 18 -19 20 -21 22 23 24 -25 26 27 28 -29 30 31 32 -33 34 -35 36 -37 38 39 -40 41 42 43 44 45 46 47 -48 49 50 0
uf50-0822 4932 1 2 3 -4 -5 -6 -7 8 9 -10 11 -12 13 14 -15 16 17 -18 -19 -20 -21 22 23 24 25 26 -27 -28 -29 30 31 -32 33 34 -35 36 -37 38 39 40 -41 42 43 -44 45 46 -47 -48 49 50 0
uf50-0822 5017 1 -2 -3 -4 5 -6 -7 -8 -9 10 -11 12 13 -14 15 16 17 18 -19 20 -21 22 23 24 -25 26 27 28 -29 30 31 32 -33 34 -35 36 -37 38 39 -40 41 42 43 44 45 46 47 -48 49 50 0
uf50-0822 5130 1 2 3 -4 -5 -6 -7 8 9 -10 11 -12 13 14 -15 16 17 -18 -19 -20 -21 22 23 24 25 26 -27 -28 -29 30 31 -32 33 34 -35 36 -37 38 39 40 -41 42 43 44 45 46 -47 -48 49 50 0
uf50-0822 5017 1 -2 -3 -4 5 -6 -7 -8 -9 10 -11 12 13 -14 15 16 17 18 -19 20 -21 22 23 24 -25 26 27 28 -29 30 31 32 -33 34 -35 36 -37 38 39 -40 41 42 43 44 45 46 47 -48 49 50 0
uf50-0822 5017 1 -2 -3 -4 5 -6 -7 -8 -9 10 -11 12 13 -14 15 16 17 18 -19 20 -21 22 23 24 -25 26 27 28 -29 30 31 32 -33 34 -35 36 -37 38 39 -40 41 42 43 44 45 46 47 -48 49 50 0
uf50-0822 5130 1 2 3 -4 -5 -6 -7 8 9 -10 11 -12 13 14 -15 16 17 -18 -19 -20 -21 22 23 24 25 26 -27 -28 -29 30 31 -32 33 34 -35 36 -37 38 39 40 -41 42 43 44 45 46 -47 -48 49 50 0
uf50-0822 5017 1 -2 -3 -4 5 -6 -7 -8 -9 10 -11 12 13 -14 15 16 17 18 -19 20 -21 22 23 24 -25 26 27 28 -29 30 31 32 -33 34 -35 36 -37 38 39 -40 41 42 43 44 45 46 47 -48 49 50 0
uf50-0822 5130 1 2 3 -4 -5 -6 -7 8 9 -10 11 -12 13 14 -15 16 17 -18 -19 -20 -21 22 23 24 25 26 -27 -28 -29 30 31 -32 33 34 -35 36 -37 38 39 40 -41 42 43 44 45 46 -47 -48 49 50 0
uf50-0822 5130 1 2 3 -4 -5 -6 -7 8 9 -10 11 -12 13 14 -15 16 17 -18 -19 -20 -21 22 23 24 25 26 -27 -28 -29 30 31 -32 33 34 -35 36 -37 38 39 40 -41 42 43 44 45 46 -47 -48 49 50 0
uf50-0822 5130 1 2 3 -4 -5 -6 -7 8 9 -10 11 -12 13 14 -15 16 17 -18 -19 -20 -21 22 23 24 25 26 -27 -28 -29 30 31 -32 33 34 -35 36 -37 38 39 40 -41 42 43 44 45 46 -47 -48 49 50 0
uf50-0822 5017 1 -2 -3 -4 5 -6 -7 -8 -9 10 -11 12 13 -14 15 16 17 18 -19 20 -21 22 23 24 -25 26 27 28 -29 30 31 32 -33 34 -35 36 -37 38 39 -40 41 42 43 44 45 46 47 -48 49 50 0
uf50-0822 3638 1 -2 -3 -4 5 -6 -7 -8 -9 10 -11 12 13 -14 15 16 17 -18 -19 20 -21 22 23 24 -25 26 27 -28 -29 30 31 -32 33 34 -35 36 -37 38 -39 -40 41 42 43 44 45 46 -47 -48 49 50 0
uf50-0822 4992 1 -2 -3 -4 5 -6 -7 -8 -9 10 -11 12 13 -14 15 16 17 18 -19 20 -21 22 -23 24 -25 26 27 28 -29 30 31 32 -33 34 -35 36 -37 38 39 -40 41 42 43 44 45 46 47 -48 49 50 0
uf50-0822 5130 1 2 3 -4 -5 -6 -7 8 9 -10 11 -12 13 14 -15 16 17 -18 -19 -20 -21 22 23 24 25 26 -27 -28 -29 30 31 -32 33 34 -35 36 -37 38 39 40 -41 42 43 44 45 46 -47 -48 49 50 0
uf50-0822 5130 1 2 3 -4 -5 -6 -7 8 9 -10 11 -12 13 14 -15 16 17 -18 -19 -20 -21 22 23 24 25 26 -27 -28 -29 30 31 -32 33 34 -35 36 -37 38 39 40 -41 42 43 44 45 46 -47 -48 49 50 0
uf50-0822 5130 1 2 3 -4 -5 -6 -7 8 9 -10 11 -12 13 14 -15 16 17 -18 -19 -20 -21 22 23 24 25 26 -27 -28 -29 30 31 -32 33 34 -35 36 -37 38 39 40 -41 42 43 44 45 46 -47 -48 49 50 0
uf50-0822 5017 1 -2 -3 -4 5 -6 -7 -8 -9 10 -11 12 13 -14 15 16 17 18 -19 20 -21 22 23 24 -25 26 27 28 -29 30 31 32 -33 34 -35 36 -37 38 39 -40 41 42 43 44 45 46 47 -48 49 50 0
uf50-0822 5130 1 2 3 -4 -5 -6 -7 8 9 -10 11 -12 13 14 -15 16 17 -18 -19 -20 -21 22 23 24 25 26 -27 -28 -29 30 31 -32 33 34 -35 36 -37 38 39 40 -41 42 43 44 45 46 -47 -48 49 50 0
uf50-0822 5130 1 2 3 -4 -5 -6 -7 8 9 -10 11 -12 13 14 -15 16 17 -18 -19 -20 -21 22 23 24 25 26 -27 -28 -29 30 31 -32 33 34 -35 36 -37 38 39 40 -41 42 43 44 45 46 -47 -48 49 50 0
uf50-0822 5130 1 2 3 -4 -5 -6 -7 8 9 -10 11 -12 13 14 -15 16 17 -18 -19 -20 -21 22 23 24 25 26 -27 -28 -29 30 31 -32 33 34 -35 36 -37 38 39 40 -41 42 43 44 45 46 -47 -48 49 50 0
uf50-0822 5130 1 2 3 -4 -5 -6 -7 8 9 -10 11 -12 13 14 -15 16 17 -18 -19 -20 -21 22 23 24 25 26 -27 -28 -29 30 31 -32 33 34 -35 36 -37 38 39 40 -41 42 43 44 45 46 -47 -48 49 50 0
uf50-0822 4992 1 -2 -3 -4 5 -6 -7 -8 -9 10 -11 12 13 -14 15 16 17 18 -19 20 -21 22 -23 24 -25 26 27 28 -29 30 31 32 -33 34 -35 36 -37 38 39 -40 41 42 43 44 45 46 47 -48 49 50 0
uf50-0822 5130 1 2 3 -4 -5 -6 -7 8 9 -10 11 -12 13 14 -15 16 17 -18 -19 -20 -21 22 23 24 25 26 -27 -28 -29 30 31 -32 33 34 -35 36 -37 38 39 40 -41 42 43 44 45 46 -47 -48 49 50 0
uf50-0822 5130 1 2 3 -4 -5 -6 -7 8 9 -10 11 -12 13 14 -15 16 17 -18 -19 -20 -21 22 23 24 25 26 -27 -28 -29 30 31 -32 33 34 -35 36 -37 38 39 40 -41 42 43 44 45 46 -47 -48 49 50 0
uf50-0822 4952 1 -2 -3 -4 5 -6 -7 -8 -9 10 -11 12 13 -14 15 16 17 -18 -19 20 -21 22 23 24 -25 26 27 28 -29 30 31 32 -33 34 -35 36 -37 38 39 -40 41 42 43 44 45 46 47 -48 49 50 0
uf50-0822 5130 1 2 3 -4 -5 -6 -7 8 9 -10 11 -12 13 14 -15 16 17 -18 -19 -20 -21 22 23 24 25 26 -27 -28 -29 30 31 -32 33 34 -35 36 -37 38 39 40 -41 42 43 44 45 46 -47 -48 49 50 0
uf50-0822 5130 1 2 3 -4 -5 -6 -7 8 9 -10 11 -12 13 14 -15 16 17 -18 -19 -20 -21 22 23 24 25 26 -27 -28 -29 30 31 -32 33 34 -35 36 -37 38 39 40 -41 42 43 44 45 46 -47 -48 49 50 0
uf50-0822 4992 1 -2 -3 -4 5 -6 -7 -8 -9 10 -11 12 13 -14 15 16 17 18 -19 20 -21 22 -23 24 -25 26 27 28 -29 30 31 32 -33 34 -35 36 -37 38 39 -40 41 42 43 44 45 46 47 -48 49 50 0
uf50-0822 5130 1 2 3 -4 -5 -6 -7 8 9 -10 11 -12 13 14 -15 16 17 -18 -19 -20 -21 22 23 24 25 26 -27 -28 -29 30 31 -32 33 34 -35 36 -37 38 39 40 -41 42 43 44 45 46 -47 -48 49 50 0
uf50-0822 4992 1 -2 -3 -4 5 -6 -7 -8 -9 10 -11 12 13 -14 15 16 17 18 -19 20 -21 22 -23 24 -25 26 27 28 -29 30 31 32 -33 34 -35 36 -37 38 39 -40 41 42 43 44 45 46 47 -48 49 50 0
uf50-0822 5017 1 -2 -3 -4 5 -6 -7 -8 -9 10 -11 12 13 -14 15 16 17 18 -19 20 -21 22 23 24 -25 26 27 28 -29 30 31 32 -33 34 -35 36 -37 38 39 -40 41 42 43 44 45 46 47 -48 49 50 0
uf50-0822 5017 1 -2 -3 -4 5 -6 -7 -8 -9 10 -11 12 13 -14 15 16 17 18 -19 20 -21 22 23 24 -25 26 27 28 -29 30 31 32 -33 34 -35 36 -37 38 39 -40 41 42 43 44 45 46 47 -48 49 50 0
uf50-0822 5130 1 2 3 -4 -5 -6 -7 8 9 -10 11 -12 13 14 -15 16 17 -18 -19 -20 -21 22 23 24 25 26 -27 -28 -29 30 31 -32 33 34 -35 36 -37 38 39 40 -41 42 43 44 45 46 -47 -48 49 50 0
uf50-0822 5130 1 2 3 -4 -5 -6 -7 8 9 -10 11 -12 13 14 -15 16 17 -18 -19 -20 -21 22 23 24 25 26 -27 -28 -29 30 31 -32 33 34 -35 36 -37 38 39 40 -41 42 43 44 45 46 -47 -48 49 50 0
uf50-0822 5130 1 2 3 -4 -5 -6 -7 8 9 -10 11 -12 13 14 -15 16 17 -18 -19 -20 -21 22 23 24 25 26 -27 -28 -29 30 31 -32 33 34 -35 36 -37 38 39 40 -41 42 43 44 45 46 -47 -48 49 50 0
uf50-0822 4631 1 -2 -3 -4 5 -6 -7 -8 -9 10 -11 12 13 -14 15 16 17 -18 -19 20 -21 22 23 24 -25 26 -27 28 -29 30 31 32 -33 34 -35 36 -37 38 39 -40 41 42 43 44 45 46 47 -48 49 50 0
uf50-0822 4992 1 -2 -3 -4 5 -6 -7 -8 -9 10 -11 12 13 -14 15 16 17 18 -19 20 -21 22 -23 24 -25 26 27 28 -29 30 31 32 -33 34 -35 36 -37 38 39 -40 41 42 43 44 45 46 47 -48 49 50 0
uf50-0746 5606 1 -2 3 -4 -5 6 7 -8 9 10 11 -12 13 14 15 16 17 18 19 -20 21 22 23 24 25 -26 27 28 29 -30 -31 32 -33 34 35 -36 -37 38 -39 40 -41 42 -43 -44 45 -46 47 48 49 50 0
uf50-0746 5935 1 -2 3 -4 -5 6 7 8 9 10 11 -12 13 14 15 16 17 18 19 -20 21 22 23 24 25 -26 27 28 29 30 -31 32 -33 34 35 36 -37 -38 -39 40 -41 42 -43 -44 45 46 47 48 49 -50 0
uf50-0746 5950 1 -2 3 -4 -5 6 7 -8 9 10 11 -12 13 14 15 16 17 18 19 -20 21 22 23 24 25 -26 27 28 29 -30 -31 32 -33 34 35 -36 -37 38 -39 40 -41 42 -43 -44 45 46 47 48 49 50 0
uf50-0746 5749 1 -2 3 -4 -5 6 7 8 9 10 11 -12 13 14 15 16 17 18 19 -20 21 -22 23 24 25 -26 27 28 29 30 -31 32 -33 34 35 36 -37 -38 -39 40 -41 42 -43 -44 45 46 47 48 49 50 0
uf50-0746 6286 1 -2 3 -4 -5 6 7 -8 9 10 11 -12 13 14 15 16 17 18 19 -20 21 22 23 24 25 -26 27 28 29 -30 -31 32 -33 34 35 36 -37 38 -39 40 -41 42 -43 -44 45 46 47 48 49 50 0
uf50-0746 6260 1 -2 3 -4 -5 6 7 -8 9 10 11 -12 13 14 15 16 17 18 19 -20 21 22 23 24 25 -26 27 28 29 -30 -31 32 -33 34 35 36 -37 38 -39 40 -41 42 -43 -44 45 46 47 48 49 -50 0
uf50-0746 6286 1 -2 3 -4 -5 6 7 -8 9 10 11 -12 13 14 15 16 17 18 19 -20 21 22 23 24 25 -26 27 28 29 -30 -31 32 -33 34 35 36 -37 38 -39 40 -41 42 -43 -44 45 46 47 48 49 50 0
uf50-0746 5749 1 -2 3 -4 -5 6 7 8 9 10 11 -12 13 14 15 16 17 18 19 -20 21 -22 23 24 25 -26 27 28 29 30 -31 32 -33 34 35 36 -37 -38 -39 40 -41 42 -43 -44 45 46 47 48 49 50 0
uf50-0746 5923 1 -2 3 -4 -5 6 7 8 9 10 11 -12 13 14 15 16 17 18 19 -20 21 22 23 24 25 -26 27 28 29 -30 -31 32 -33 34 35 36 -37 -38 -39 40 -41 42 -43 -44 45 46 47 48 49 50 0
uf50-0746 5950 1 -2 3 -4 -5 6 7 -8 9 10 11 -12 13 14 15 16 17 18 19 -20 21 22 23 24 25 -26 27 28 29 -30 -31 32 -33 34 35 -36 -37 38 -39 40 -41 42 -43 -44 45 46 47 48 49 50 0
uf50-0746 5942 1 -2 3 -4 -5 6 7 -8 9 10 11 -12 13 14 15 16 17 18 19 -20 21 22 23 24 25 -26 27 28 29 -30 -31 32 -33 34 35 36 -37 38 -39 40 -41 42 -43 -44 45 -46 47 48 49 50 0
uf50-0746 5961 1 -2 3 -4 -5 6 7 8 9 10 11 -12 13 14 15 16 17 18 19 -20 21 22 23 24 25 -26 27 28 29 30 -31 32 -33 34 35 36 -37 -38 -39 40 -41 42 -43 -44 45 46 47 48 49 50 0
uf50-0746 5636 1 -2 3 -4 -5 6 7 8 9 10 11 -12 13 14 15 16 17 18 19 -20 -21 22 23 24 25 -26 27 28 29 30 -31 32 -33 34 35 36 -37 -38 -39 40 -41 42 -43 -44 45 46 47 48 49 -50 0
uf50-0746 5950 1 -2 3 -4 -5 6 7 -8 9 10 11 -12 13 14 15 16 17 18 19 -20 21 22 23 24 25 -26 27 28 29 -30 -31 32 -33 34 35 -36 -37 38 -39 40 -41 42 -43 -44 45 46 47 48 49 50 0
uf50-0746 5942 1 -2 3 -4 -5 6 7 -8 9 10 11 -12 13 14 15 16 17 18 19 -20 21 22 23 24 25 -26 27 28 29 -30 -31 32 -33 34 35 36 -37 38 -39 40 -41 42 -43 -44 45 -46 47 48 49 50 0
uf50-0746 6286 1 -2 3 -4 -5 6 7 -8 9 10 11 -12 13 14 15 16 17 18 19 -20 21 22 23 24 25 -26 27 28 29 -30 -31 32 -33 34 35 36 -37 38 -39 40 -41 42 -43 -44 45 46 47 48 49 50 0
uf50-0746 6286 1 -2 3 -4 -5 6 7 -8 9 10 11 -12 13 14 15 16 17 18 19 -20 21 22 23 24 25 -26 27 28 29 -30 -31 32 -33 34 35 36 -37 38 -39 40 -41 42 -43 -44 45 46 47 48 49 50 0
uf50-0746 5749 1 -2 3 -4 -5 6 7 8 9 10 11 -12 13 14 15 16 17 18 19 -20 21 -22 23 24 25 -26 27 28 29 30 -31 32 -33 34 35 36 -37 -38 -39 40 -41 42 -43 -44 45 46 47 48 49 50 0
uf50-0746 5749 1 -2 3 -4 -5 6 7 8 9 10 11 -12 13 14 15 16 17 18 19 -20 21 -22 23 24 25 -26 27 28 29 30 -31 32 -33 34 35 36 -37 -38 -39 40 -41 42 -43 -44 45 46 47 48 49 50 0
uf50-0746 6286 1 -2 3 -4 -5 6 7 -8 9 10 11 -12 13 14 15 16 17 18 19 -20 21 22 23 24 25 -26 27 28 29 -30 -31 32 -33 34 35 36 -37 38 -39 40 -41 42 -43 -44 45 46 47 48 49 50 0
uf50-0746 6286 1 -2 3 -4 -5 6 7 -8 9 10 11 -12 13 14 15 16 17 18 19 -20 21 22 23 24 25 -26 27 28 29 -30 -31 32 -33 34 35 36 -37 38 -39 40 -41 42 -43 -44 45 46 47 48 49 50 0
uf50-0746 5961 1 -2 3 -4 -5 6 7 8 9 10 11 -12 13 14 15 16 17 18 19 -20 21 22 23 24 25 -26 27 28 29 30 -31 32 -33 34 35 36 -37 -38 -39 40 -41 42 -43 -44 45 46 47 48 49 50 0
uf50-0746 5961 1 -2 3 -4 -5 6 7 8 9 10 11 -12 13 14 15 16 17 18 19 -20 21 22 23 24 25 -26 27 28 29 30 -31 32 -33 34 35 36 -37 -38 -39 40 -41 42 -43 -44 45 46 47 48 49 50 0
uf50-0746 6070 1 -2 3 -4 -5 6 7 -8 9 10 11 -12 13 14 15 16 17 18 19 -20 21 22 23 24 25 -26 27 28 29 -30 -31 32 -33 34 35 36 -37 38 -39 40 -41 42 -43 -44 45 46 -47 48 49 50 0
uf50-0746 6286 1 -2 3 -4 -5 6 7 -8 9 10 11 -12 13 14 15 16 17 18 19 -20 21 22 23 24 25 -26 27 28 29 -30 -31 32 -33 34 35 36 -37 38 -39 40 -41 42 -43 -44 45 46 47 48 49 50 0
uf50-0746 5942 1 -2 3 -4 -5 6 7 -8 9 10 11 -12 13 14 15 16 17 18 19 -20 21 22 23 24 25 -26 27 28 29 -30 -31 32 -33 34 35 36 -37 38 -39 40 -41 42 -43 -44 45 -46 47 48 49 50 0
uf50-0746 6286 1 -2 3 -4 -5 6 7 -8 9 10 11 -12 13 14 15 16 17 18 19 -20 21 22 23 24 25 -26 27 28 29 -30 -31 32 -33 34 35 36 -37 38 -39 40 -41 42 -43 -44 45 46 47 48 49 50 0
uf50-0746 6044 1 -2 3 -4 -5 6 7 -8 9 10 11 -12 13 14 15 16 17 18 19 -20 21 22 23 24 25 -26 27 28 29 -30 -31 32 -33 34 35 36 -37 38 -39 40 -41 42 -43 -44 45 46 -47 48 49 -50 0
uf50-0746 5895 1 -2 3 -4 -5 6 7 -8 9 10 11 -12 13 14 -15 16 17 -18 19 -20 21 22 23 24 25 -26 27 28 29 -30 -31 32 -33 34 35 36 -37 38 -39 40 -41 42 -43 -44 45 46 47 48 49 50 0
uf50-0746 6260 1 -2 3 -4 -5 6 7 -8 9 10 11 -12 13 14 15 16 17 18 19 -20 21 22 23 24 25 -26 27 28 29 -30 -31 32 -33 34 35 36 -37 38 -39 40 -41 42 -43 -44 45 46 47 48 49 -50 0
uf50-0746 6260 1 -2 3 -4 -5 6 7 -8 9 10 11 -12 13 14 15 16 17 18 19 -20 21 22 23 24 25 -26 27 28 29 -30 -31 32 -33 34 35 36 -37 38 -39 40 -41 42 -43 -44 45 46 47 48 49 -50 0
uf50-0746 5662 1 -2 3 -4 -5 6 7 8 9 10 11 -12 13 14 15 16 17 18 19 -20 -21 22 23 24 25 -26 27 28 29 30 -31 32 -33 34 35 36 -37 -38 -39 40 -41 42 -43 -44 45 46 47 48 49 50 0
uf50-0746 5942 1 -2 3 -4 -5 6 7 -8 9 10 11 -12 13 14 15 16 17 18 19 -20 21 22 23 24 25 -26 27 28 29 -30 -31 32 -33 34 35 36 -37 38 -39 40 -41 42 -43 -44 45 -46 47 48 49 50 0
uf50-0746 6286 1 -2 3 -4 -5 6 7 -8 9 10 11 -12 13 14 15 16 17 18 19 -20 21 22 23 24 25 -26 27 28 29 -30 -31 32 -33 34 35 36 -37 38 -39 40 -41 42 -43 -44 45 46 47 48 49 50 0
uf50-0746 6286 1 -2 3 -4 -5 6 7 -8 9 10 11 -12 13 14 15 16 17 18 19 -20 21 22 23 24 25 -26 27 28 29 -30 -31 32 -33 34 35 36 -37 38 -39 40 -41 42 -43 -44 45 46 47 48 49 50 0
uf50-0746 6286 1 -2 3 -4 -5 6 7 -8 9 10 11 -12 13 14 15 16 17 18 19 -20 21 22 23 24 25 -26 27 28 29 -30 -31 32 -33 34 35 36 -37 38 -39 40 -41 42 -43 -44 45 46 47 48 49 50 0
uf50-0746 6260 1 -2 3 -4 -5 6 7 -8 9 10 11 -12 13 14 15 16 17 18 19 -20 21 22 23 24 25 -26 27 28 29 -30 -31 32 -33 34 35 36 -37 38 -39 40 -41 42 -43 -44 45 46 47 48 49 -50 0
uf50-0746 5942 1 -2 3 -4 -5 6 7 -8 9 10 11 -12 13 14 15 16 17 18 19 -20 21 22 23 24 25 -26 27 28 29 -30 -31 32 -33 34 35 36 -37 38 -39 40 -41 42 -43 -44 45 -46 47 48 49 50 0
uf50-0746 6286 1 -2 3 -4 -5 6 7 -8 9 10 11 -12 13 14 15 16 17 18 19 -20 21 22 23 24 25 -26 27 28 29 -30 -31 32 -33 34 35 36 -37 38 -39 40 -41 42 -43 -44 45 46 47 48 49 50 0
uf50-0746 5961 1 -2 3 -4 -5 6 7 8 9 10 11 -12 13 14 15 16 17 18 19 -20 21 22 23 24 25 -26 27 28 29 30 -31 32 -33 34 35 36 -37 -38 -39 40 -41 42 -43 -44 45 46 47 48 49 50 0
uf50-0746 6044 1 -2 3 -4 -5 6 7 -8 9 10 11 -12 13 14 15 16 17 18 19 -20 21 22 23 24 25 -26 27 28 29 -30 -31 32 -33 34 35 36 -37 38 -39 40 -41 42 -43 -44 45 46 -47 48 49 -50 0
uf50-0746 6286 1 -2 3 -4 -5 6 7 -8 9 10 11 -12 13 14 15 16 17 18 19 -20 21 22 23 24 25 -26 27 28 29 -30 -31 32 -33 34 35 36 -37 38 -39 40 -41 42 -43 -44 45 46 47 48 49 50 0
uf50-0746 6070 1 -2 3 -4 -5 6 7 -8 9 10 11 -12 13 14 15 16 17 18 19 -20 21 22 23 24 25 -26 27 28 29 -30 -31 32 -33 34 35 36 -37 38 -39 40 -41 42 -43 -44 45 46 -47 48 49 50 0
uf50-0746 5961 1 -2 3 -4 -5 6 7 8 9 10 11 -12 13 14 15 16 17 18 19 -20 21 22 23 24 25 -26 27 28 29 30 -31 32 -33 34 35 36 -37 -38 -39 40 -41 42 -43 -44 45 46 47 48 49 50 0
uf50-0746 5961 1 -2 3 -4 -5 6 7 8 9 10 11 -12 13 14 15 16 17 18 19 -20 21 22 23 24 25 -26 27 28 29 30 -31 32 -33 34 35 36 -37 -38 -39 40 -41 42 -43 -44 45 46 47 48 49 50 0
uf50-0746 5726 1 -2 3 -4 -5 6 7 -8 9 10 11 -12 13 14 15 16 17 18 19 -20 21 22 23 24 25 -26 27 28 29 -30 -31 32 -33 34 35 36 -37 38 -39 40 -41 42 -43 -44 45 -46 -47 48 49 50 0
uf50-0746 6286 1 -2 3 -4 -5 6 7 -8 9 10 11 -12 13 14 15 16 17 18 19 -20 21 22 23 24 25 -26 27 28 29 -30 -31 32 -33 34 35 36 -37 38 -39 40 -41 42 -43 -44 45 46 47 48 49 50 0
uf50-0746 5942 1 -2 3 -4 -5 6 7 -8 9 10 11 -12 13 14 15 16 17 18 19 -20 21 22 23 24 25 -26 27 28 29 -30 -31 32 -33 34 35 36 -37 38 -39 40 -41 42 -43 -44 45 -46 47 48 49 50 0
uf50-0746 6286 1 -2 3 -4 -5 6 7 -8 9 10 11 -12 13 14 15 16 17 18 19 -20 21 22 23 24 25 -26 27 28 29 -30 -31 32 -33 34 35 36 -37 38 -39 40 -41 42 -43 -44 45 46 47 48 49 50 0
uf50-0746 6286 1 -2 3 -4 -5 6 7 -8 9 10 11 -12 13 14 15 16 17 18 19 -20 21 22 23 24 25 -26 27 28 29 -30 -31 32 -33 34 35 36 -37 38 -39 40 -41 42 -43 -44 45 46 47 48 49 50 0
uf50-0237 3080 1 -2 3 -4 5 -6 -7 -8 9 10 -11 -12 -13 -14 15 -16 17 18 -19 -20 21 -22 23 24 -25 -26 27 28 29 -30 31 -32 -33 34 -35 36 -37 38 39 40 41 -42 -43 -44 -45 -46 -47 48 49 50 0
uf50-0237 217 0
uf50-0237 217 0
uf50-0237 217 0
uf50-0237 217 0
uf50-0237 217 0
uf50-0237 217 0
uf50-0237 217 0
uf50-0237 3289 1 -2 3 -4 5 -6 -7 -8 9 10 -11 -12 -13 -14 15 -16 17 18 -19 -20 21 -22 23 24 -25 -26 27 28 29 -30 31 -32 -33 34 35 36 -37 38 -39 40 41 -42 -43 -44 -45 -46 -47 48 49 50 0
uf50-0237 2267 1 -2 -3 -4 5 -6 -7 -8 9 10 -11 -12 -13 -14 -15 -16 17 18 -19 -20 21 -22 23 24 -25 -26 27 28 29 -30 31 -32 -33 34 -35 36 -37 38 39 40 41 -42 -43 -44 -45 -46 -47 -48 49 50 0
uf50-0237 217 0
uf50-0237 217 0
uf50-0237 217 0
uf50-0237 217 0
uf50-0237 217 0
uf50-0237 217 0
uf50-0237 217 0
uf50-0237 217 0
uf50-0237 2689 1 -2 3 -4 5 -6 -7 -8 9 10 -11 -12 -13 -14 15 -16 17 18 19 -20 21 -22 23 24 -25 26 -27 28 29 -30 31 -32 -33 34 -35 36 -37 38 39 40 41 -42 -43 -44 -45 -46 -47 -48 49 50 0
uf50-0237 217 0
uf50-0237 217 0
uf50-0237 217 0
uf50-0237 217 0
uf50-0237 2456 1 -2 -3 -4 5 -6 -7 8 9 10 -11 -12 -13 -14 15 -16 17 18 19 -20 21 -22 23 24 -25 26 -27 28 29 30 31 -32 -33 34 -35 36 -37 38 39 40 41 -42 -43 -44 -45 -46 -47 -48 49 -50 0
uf50-0237 217 0
uf50-0237 217 0
uf50-0237 217 0
uf50-0237 4325 1 -2 -3 -4 5 -6 7 8 9 -10 -11 -12 -13 14 15 -16 17 18 -19 -20 21 -22 -23 24 -25 -26 27 28 29 30 -31 32 -33 34 -35 36 -37 38 -39 40 41 -42 -43 44 45 46 -47 -48 49 50 0
uf50-0237 217 0
uf50-0237 217 0
uf50-0237 217 0
uf50-0237 217 0
uf50-0237 3423 1 -2 3 -4 5 -6 -7 -8 9 10 -11 -12 -13 -14 -15 -16 17 18 -19 -20 21 -22 23 24 -25 -26 27 28 29 -30 31 -32 -33 34 35 36 -37 38 39 40 41 -42 -43 -44 -45 -46 -47 48 49 50 0
uf50-0237 217 0
uf50-0237 217 0
uf50-0237 217 0
uf50-0237 217 0
uf50-0237 217 0
uf50-0237 217 0
uf50-0237 217 0
uf50-0237 217 0
uf50-0237 217 0
uf50-0237 4560 1 -2 -3 -4 5 -6 7 8 9 -10 -11 -12 -13 14 15 -16 17 18 19 -20 21 -22 -23 24 -25 -26 27 28 29 30 -31 32 -33 34 -35 36 -37 38 -39 40 41 -42 -43 44 45 46 -47 -48 49 50 0
uf50-0237 217 0
uf50-0237 1988 1 -2 3 -4 5 -6 -7 8 9 10 -11 -12 -13 -14 15 -16 17 18 19 -20 21 -22 -23 24 -25 26 -27 28 29 30 -31 -32 -33 34 -35 36 -37 -38 39 40 41 -42 -43 -44 -45 -46 -47 -48 49 -50 0
uf50-0237 217 0
uf50-0237 217 0
uf50-0237 217 0
uf50-0237 217 0
uf50-0237 217 0
uf50-0323 217 0
uf50-0323 1306 -1 -2 3 -4 5 6 7 -8 -9 10 11 12 -13 -14 15 -16 17 18 19 20 21 -22 23 24 -25 -26 -27 -28 29 30 -31 32 -33 34 -35 -36 -37 38 -39 -40 41 -42 -43 -44 45 -46 -47 48 49 50 0
uf50-0323 217 0
uf50-0323 1510 -1 -2 -3 -4 5 6 7 -8 -9 10 11 12 -13 -14 15 16 -17 18 19 20 21 -22 23 24 -25 -26 27 -28 29 30 -31 32 -33 34 -35 36 -37 38 -39 -40 41 -42 -43 -44 45 -46 -47 48 49 50 0
uf50-0323 1949 -1 -2 3 -4 5 6 7 -8 -9 10 11 12 -13 -14 15 16 17 18 19 20 21 -22 -23 24 -25 -26 27 -28 29 30 -31 32 33 34 -35 -36 -37 38 -39 -40 41 -42 -43 -44 45 -46 -47 48 49 50 0
uf50-0323 1725 -1 -2 3 -4 5 6 7 -8 -9 10 11 12 -13 -14 15 16 -17 18 19 20 21 -22 23 24 -25 -26 27 -28 29 30 -31 32 -33 34 -35 36 -37 38 -39 -40 41 -42 -43 -44 45 -46 -47 48 49 50 0
uf50-0323 1519 -1 -2 -3 -4 5 6 7 -8 -9 10 11 12 -13 -14 15 -16 17 18 19 20 21 -22 -23 24 -25 -26 27 -28 29 30 -31 32 33 34 -35 -36 -37 38 -39 -40 41 -42 -43 -44 45 -46 -47 48 49 50 0
uf50-0323 217 0
uf50-0323 217 0
uf50-0323 1455 -1 -2 -3 -4 5 6 7 -8 -9 10 11 12 -13 -14 15 16 17 18 19 20 21 -22 23 24 -25 -26 27 -28 29 30 -31 32 -33 34 -35 -36 -37 38 -39 -40 41 -42 -43 -44 45 -46 -47 48 49 50 0
uf50-0323 1734 -1 -2 3 -4 5 6 7 -8 -9 10 11 12 -13 -14 15 -16 17 18 19 20 21 -22 -23 24 -25 -26 27 -28 29 30 -31 32 33 34 -35 -36 -37 38 -39 -40 41 -42 -43 -44 45 -46 -47 48 49 50 0
uf50-0323 1725 -1 -2 3 -4 5 6 7 -8 -9 10 11 12 -13 -14 15 16 -17 18 19 20 21 -22 23 24 -25 -26 27 -28 29 30 -31 32 -33 34 -35 36 -37 38 -39 -40 41 -42 -43 -44 45 -46 -47 48 49 50 0
uf50-0323 217 0
uf50-0323 1734 -1 -2 3 -4 5 6 7 -8 -9 10 11 12 -13 -14 15 -16 17 18 19 20 21 -22 -23 24 -25 -26 27 -28 29 30 -31 32 33 34 -35 -36 -37 38 -39 -40 41 -42 -43 -44 45 -46 -47 48 49 50 0
uf50-0323 217 0
uf50-0323 1734 -1 -2 -3 -4 5 6 7 -8 -9 10 11 12 -13 -14 15 16 17 18 19 20 21 -22 -23 24 -25 -26 27 -28 29 30 -31 32 33 34 -35 -36 -37 38 -39 -40 41 -42 -43 -44 45 -46 -47 48 49 50 0
uf50-0323 1949 -1 -2 3 -4 5 6 7 -8 -9 10 11 12 -13 -14 15 16 17 18 19 20 21 -22 -23 24 -25 -26 27 -28 29 30 -31 32 33 34 -35 -36 -37 38 -39 -40 41 -42 -43 -44 45 -46 -47 48 49 50 0
uf50-0323 1613 -1 -2 3 -4 5 6 7 -8 -9 10 11 12 -13 -14 15 16 -17 18 19 20 21 -22 23 24 -25 -26 27 -28 29 30 -31 32 -33 34 -35 36 -37 38 -39 -40 -41 -42 -43 -44 45 -46 -47 48 49 50 0
uf50-0323 1510 -1 -2 3 -4 5 6 -7 -8 -9 10 11 12 -13 -14 15 16 -17 18 19 20 21 -22 23 24 -25 -26 27 -28 29 30 -31 32 -33 34 -35 36 -37 38 -39 -40 41 -42 -43 -44 45 -46 -47 48 49 50 0
uf50-0323 217 0
uf50-0323 217 0
uf50-0323 217 0
uf50-0323 217 0
uf50-0323 1734 -1 -2 -3 -4 5 6 7 -8 -9 10 11 12 -13 -14 15 16 17 18 19 20 21 -22 -23 24 -25 -26 27 -28 29 30 -31 32 33 34 -35 -36 -37 38 -39 -40 41 -42 -43 -44 45 -46 -47 48 49 50 0
uf50-0323 1613 -1 -2 3 -4 5 6 7 -8 -9 10 11 12 -13 -14 15 16 -17 18 19 20 21 -22 23 24 -25 -26 27 -28 29 30 -31 32 -33 34 -35 36 -37 38 -39 -40 -41 -42 -43 -44 45 -46 -47 48 49 50 0
uf50-0323 1428 -1 -2 3 -4 5 6 7 -8 -9 10 11 -12 -13 -14 15 16 17 18 19 20 21 -22 23 24 -25 -26 27 -28 29 30 -31 32 -33 34 -35 -36 -37 38 -39 -40 41 -42 -43 -44 45 -46 -47 48 49 50 0
uf50-0323 1510 -1 -2 3 -4 5 6 -7 -8 -9 10 11 12 -13 -14 15 16 -17 18 19 20 21 -22 23 24 -25 -26 27 -28 29 30 -31 32 -33 34 -35 36 -37 38 -39 -40 41 -42 -43 -44 45 -46 -47 48 49 50 0
uf50-0323 1455 -1 -2 -3 -4 5 6 7 -8 -9 10 11 12 -13 -14 15 16 17 18 19 20 21 -22 23 24 -25 -26 27 -28 29 30 -31 32 -33 34 -35 -36 -37 38 -39 -40 41 -42 -43 -44 45 -46 -47 48 49 50 0
uf50-0323 217 0
uf50-0323 1613 -1 -2 3 -4 5 6 7 -8 -9 10 11 12 -13 -14 15 16 -17 18 19 20 21 -22 23 24 -25 -26 27 -28 29 30 -31 32 -33 34 -35 36 -37 38 -39 -40 -41 -42 -43 -44 45 -46 -47 48 49 50 0
uf50-0323 217 0
uf50-0323 1949 -1 -2 3 -4 5 6 7 -8 -9 10 11 12 -13 -14 15 16 17 18 19 20 21 -22 -23 24 -25 -26 27 -28 29 30 -31 32 33 34 -35 -36 -37 38 -39 -40 41 -42 -43 -44 45 -46 -47 48 49 50 0
uf50-0323 217 0
uf50-0323 1734 -1 -2 -3 -4 5 6 7 -8 -9 10 11 12 -13 -14 15 16 17 18 19 20 21 -22 -23 24 -25 -26 27 -28 29 30 -31 32 33 34 -35 -36 -37 38 -39 -40 41 -42 -43 -44 45 -46 -47 48 49 50 0
uf50-0323 1268 -1 -2 3 -4 5 6 7 -8 -9 10 11 -12 -13 -14 15 -16 -17 18 19 20 21 -22 23 24 -25 -26 27 -28 29 30 -31 32 -33 34 -35 36 -37 38 -39 -40 41 -42 -43 -44 45 -46 -47 48 49 50 0
uf50-0323 217 0
uf50-0323 217 0
uf50-0323 217 0
uf50-0323 1949 -1 -2 3 -4 5 6 7 -8 -9 10 11 12 -13 -14 15 16 17 18 19 20 21 -22 -23 24 -25 -26 27 -28 29 30 -31 32 33 34 -35 -36 -37 38 -39 -40 41 -42 -43 -44 45 -46 -47 48 49 50 0
uf50-0323 217 0
uf50-0323 1064 -1 -2 3 -4 5 6 7 -8 -9 10 11 -12 -13 -14 15 -16 17 18 19 20 21 -22 23 24 -25 -26 -27 -28 29 30 -31 32 -33 34 -35 -36 -37 38 -39 -40 41 -42 -43 -44 45 -46 -47 48 49 50 0
uf50-0323 754 -1 -2 -3 -4 5 6 7 -8 -9 10 11 -12 -13 -14 15 -16 -17 18 19 20 21 -22 23 24 -25 -26 27 -28 29 -30 -31 -32 -33 34 -35 36 -37 38 -39 -40 -41 -42 -43 -44 45 -46 -47 48 49 50 0
uf50-0323 1670 -1 -2 3 -4 5 6 7 -8 -9 10 11 12 -13 -14 15 16 17 18 19 20 21 -22 23 24 -25 -26 27 -28 29 30 -31 32 -33 34 -35 -36 -37 38 -39 -40 41 -42 -43 -44 45 -46 -47 48 49 50 0
uf50-0323 1455 -1 -2 -3 -4 5 6 7 -8 -9 10 11 12 -13 -14 15 16 17 18 19 20 21 -22 23 24 -25 -26 27 -28 29 30 -31 32 -33 34 -35 -36 -37 38 -39 -40 41 -42 -43 -44 45 -46 -47 48 49 50 0
uf50-0323 1213 -1 -2 -3 -4 5 6 7 -8 -9 10 11 -12 -13 -14 15 16 17 18 19 20 21 -22 23 24 -25 -26 27 -28 29 30 -31 32 -33 34 -35 -36 -37 38 -39 -40 41 -42 -43 -44 45 -46 -47 48 49 50 0
uf50-0323 1279 -1 -2 3 -4 5 6 7 -8 -9 10 11 -12 -13 -14 15 16 17 18 19 20 21 -22 23 24 -25 -26 -27 -28 29 30 -31 32 -33 34 -35 -36 -37 38 -39 -40 41 -42 -43 -44 45 -46 -47 48 49 50 0
uf50-0323 1725 -1 -2 3 -4 5 6 7 -8 -9 10 11 12 -13 -14 15 16 -17 18 19 20 21 -22 23 24 -25 -26 27 -28 29 30 -31 32 -33 34 -35 36 -37 38 -39 -40 41 -42 -43 -44 45 -46 -47 48 49 50 0
uf50-0323 217 0
uf50-0323 1455 -1 -2 -3 -4 5 6 7 -8 -9 10 11 12 -13 -14 15 16 17 18 19 20 21 -22 23 24 -25 -26 27 -28 29 30 -31 32 -33 34 -35 -36 -37 38 -39 -40 41 -42 -43 -44 45 -46 -47 48 49 50 0
uf50-0323 1483 -1 -2 3 -4 5 6 7 -8 -9 10 11 -12 -13 -14 15 16 -17 18 19 20 21 -22 23 24 -25 -26 27 -28 29 30 -31 32 -33 34 -35 36 -37 38 -39 -40 41 -42 -43 -44 45 -46 -47 48 49 50 0
uf50-0652 217 0
uf50-0652 933 1 -2 -3 -4 -5 -6 7 -8 9 10 11 12 13 14 15 16 -17 18 19 -20 21 22 23 24 -25 26 27 -28 29 -30 31 32 -33 34 -35 36 -37 38 -39 40 -41 42 43 -44 45 -46 -47 48 -49 -50 0
uf50-0652 706 -1 -2 -3 -4 -5 -6 7 -8 9 10 11 12 13 14 15 16 -17 18 19 -20 21 22 23 24 -25 26 27 -28 29 -30 31 32 -33 34 -35 36 -37 38 -39 40 -41 42 43 -44 45 -46 -47 48 -49 -50 0
uf50-0652 933 1 -2 -3 -4 -5 -6 7 -8 9 10 11 12 13 14 15 16 -17 18 19 -20 21 22 23 24 -25 26 27 -28 29 -30 31 32 -33 34 -35 36 -37 38 -39 40 -41 42 43 -44 45 -46 -47 48 -49 -50 0
uf50-0652 756 1 -2 -3 -4 -5 -6 7 -8 9 10 11 12 13 14 15 16 -17 18 19 -20 21 22 23 24 -25 26 27 -28 29 -30 31 32 -33 34 -35 36 -37 38 -39 40 -41 42 -43 -44 45 -46 -47 48 -49 -50 0
uf50-0652 217 0
uf50-0652 217 0
uf50-0652 706 -1 -2 -3 -4 -5 -6 7 -8 9 10 11 12 13 14 15 16 -17 18 19 -20 21 22 23 24 -25 26 27 -28 29 -30 31 32 -33 34 -35 36 -37 38 -39 40 -41 42 43 -44 45 -46 -47 48 -49 -50 0
uf50-0652 555 -1 -2 -3 -4 -5 -6 7 -8 9 10 -11 -12 13 14 15 16 -17 18 19 -20 21 22 23 24 -25 26 27 -28 29 -30 31 32 -33 34 -35 36 -37 38 -39 40 41 42 43 -44 45 -46 -47 48 -49 -50 0
uf50-0652 933 1 -2 -3 -4 -5 -6 7 -8 9 10 11 12 13 14 15 16 -17 18 19 -20 21 22 23 24 -25 26 27 -28 29 -30 31 32 -33 34 -35 36 -37 38 -39 40 -41 42 43 -44 45 -46 -47 48 -49 -50 0
uf50-0652 217 0
uf50-0652 217 0
uf50-0652 429 1 -2 -3 -4 -5 -6 7 -8 9 10 -11 -12 13 14 15 16 -17 18 19 -20 21 22 23 24 -25 26 27 -28 29 -30 31 32 -33 34 -35 36 -37 38 -39 40 -41 42 43 -44 45 -46 -47 48 -49 -50 0
uf50-0652 504 1 -2 -3 -4 -5 -6 7 -8 9 10 11 -12 13 14 15 16 -17 18 19 -20 21 22 23 24 -25 26 27 -28 29 -30 31 32 -33 34 -35 36 -37 38 -39 40 -41 42 -43 -44 45 -46 -47 48 -49 -50 0
uf50-0652 756 1 -2 -3 -4 -5 -6 7 -8 9 10 11 12 13 14 15 16 -17 18 19 -20 21 22 23 24 -25 26 27 -28 29 -30 31 32 -33 34 -35 36 -37 38 -39 40 -41 42 -43 -44 45 -46 -47 48 -49 -50 0
uf50-0652 807 -1 -2 -3 -4 -5 -6 7 -8 9 10 11 -12 13 14 15 16 -17 18 19 -20 21 22 23 24 -25 26 27 -28 29 -30 31 32 -33 34 -35 36 -37 38 -39 40 41 42 43 -44 45 -46 -47 48 -49 -50 0
uf50-0652 933 1 -2 -3 -4 -5 -6 7 -8 9 10 11 12 13 14 15 16 -17 18 19 -20 21 22 23 24 -25 26 27 -28 29 -30 31 32 -33 34 -35 36 -37 38 -39 40 -41 42 43 -44 45 -46 -47 48 -49 -50 0
uf50-0652 681 1 -2 -3 -4 -5 -6 7 -8 9 10 11 -12 13 14 15 16 -17 18 19 -20 21 22 23 24 -25 26 27 -28 29 -30 31 32 -33 34 -35 36 -37 38 -39 40 -41 42 43 -44 45 -46 -47 48 -49 -50 0
uf50-0652 681 1 -2 -3 -4 -5 -6 7 -8 9 10 -11 12 13 14 15 16 -17 18 19 -20 21 22 23 24 -25 26 27 -28 29 -30 31 32 -33 34 -35 36 -37 38 -39 40 -41 42 43 -44 45 -46 -47 48 -49 -50 0
uf50-0652 933 1 -2 -3 -4 -5 -6 7 -8 9 10 11 12 13 14 15 16 -17 18 19 -20 21 22 23 24 -25 26 27 -28 29 -30 31 32 -33 34 -35 36 -37 38 -39 40 -41 42 43 -44 45 -46 -47 48 -49 -50 0
uf50-0652 933 1 -2 -3 -4 -5 -6 7 -8 9 10 11 12 13 14 15 16 -17 18 19 -20 21 22 23 24 -25 26 27 -28 29 -30 31 32 -33 34 -35 36 -37 38 -39 40 -41 42 43 -44 45 -46 -47 48 -49 -50 0
uf50-0652 454 -1 -2 -3 -4 -5 -6 7 -8 9 10 -11 12 13 14 15 16 -17 18 19 -20 21 22 23 24 -25 26 27 -28 29 -30 31 32 -33 34 -35 36 -37 38 -39 40 -41 42 43 -44 45 -46 -47 48 -49 -50 0
uf50-0652 933 1 -2 -3 -4 -5 -6 7 -8 9 10 11 12 13 14 15 16 -17 18 19 -20 21 22 23 24 -25 26 27 -28 29 -30 31 32 -33 34 -35 36 -37 38 -39 40 -41 42 43 -44 45 -46 -47 48 -49 -50 0
uf50-0652 807 -1 -2 -3 -4 -5 -6 7 -8 9 10 11 -12 13 14 15 16 -17 18 19 -20 21 22 23 24 -25 26 27 -28 29 -30 31 32 -33 34 -35 36 -37 38 -39 40 41 42 43 -44 45 -46 -47 48 -49 -50 0
uf50-0652 933 1 -2 -3 -4 -5 -6 7 -8 9 10 11 12 13 14 15 16 -17 18 19 -20 21 22 23 24 -25 26 27 -28 29 -30 31 32 -33 34 -35 36 -37 38 -39 40 -41 42 43 -44 45 -46 -47 48 -49 -50 0
uf50-0652 933 1 -2 -3 -4 -5 -6 7 -8 9 10 11 12 13 14 15 16 -17 18 19 -20 21 22 23 24 -25 26 27 -28 29 -30 31 32 -33 34 -35 36 -37 38 -39 40 -41 42 43 -44 45 -46 -47 48 -49 -50 0
uf50-0652 933 1 -2 -3 -4 -5 -6 7 -8 9 10 11 12 13 14 15 16 -17 18 19 -20 21 22 23 24 -25 26 27 -28 29 -30 31 32 -33 34 -35 36 -37 38 -39 40 -41 42 43 -44 45 -46 -47 48 -49 -50 0
uf50-0652 454 -1 -2 -3 -4 -5 -6 7 -8 9 10 -11 12 13 14 15 16 -17 18 19 -20 21 22 23 24 -25 26 27 -28 29 -30 31 32 -33 34 -35 36 -37 38 -39 40 -41 42 43 -44 45 -46 -47 48 -49 -50 0
uf50-0652 454 -1 -2 -3 -4 -5 -6 7 -8 9 10 11 -12 13 14 15 16 -17 18 19 -20 21 22 23 24 -25 26 27 -28 29 -30 31 32 -33 34 -35 36 -37 38 -39 40 -41 42 43 -44 45 -46 -47 48 -49 -50 0
uf50-0652 706 -1 -2 -3 -4 -5 -6 7 -8 9 10 11 12 13 14 15 16 -17 18 19 -20 21 22 23 24 -25 26 27 -28 29 -30 31 32 -33 34 -35 36 -37 38 -39 40 -41 42 43 -44 45 -46 -47 48 -49 -50 0
uf50-0652 706 -1 -2 -3 -4 -5 -6 7 -8 9 10 11 12 13 14 15 16 -17 18 19 -20 21 22 23 24 -25 26 27 -28 29 -30 31 32 -33 34 -35 36 -37 38 -39 40 -41 42 43 -44 45 -46 -47 48 -49 -50 0
uf50-0652 706 -1 -2 -3 -4 -5 -6 7 -8 9 10 11 12 13 14 15 16 -17 18 19 -20 21 22 23 24 -25 26 27 -28 29 -30 31 32 -33 34 -35 36 -37 38 -39 40 -41 42 43 -44 45 -46 -47 48 -49 -50 0
uf50-0652 217 0
uf50-0652 202 -1 -2 -3 -4 -5 -6 7 -8 9 10 -11 -12 13 14 15 16 -17 18 19 -20 21 22 23 24 -25 26 27 -28 29 -30 31 32 -33 34 -35 36 -37 38 -39 40 -41 42 43 -44 45 -46 -47 48 -49 -50 0
uf50-0652 933 1 -2 -3 -4 -5 -6 7 -8 9 10 11 12 13 14 15 16 -17 18 19 -20 21 22 23 24 -25 26 27 -28 29 -30 31 32 -33 34 -35 36 -37 38 -39 40 -41 42 43 -44 45 -46 -47 48 -49 -50 0
uf50-0652 706 -1 -2 -3 -4 -5 -6 7 -8 9 10 11 12 13 14 15 16 -17 18 19 -20 21 22 23 24 -25 26 27 -28 29 -30 31 32 -33 34 -35 36 -37 38 -39 40 -41 42 43 -44 45 -46 -47 48 -49 -50 0
uf50-0652 933 1 -2 -3 -4 -5 -6 7 -8 9 10 11 12 13 14 15 16 -17 18 19 -20 21 22 23 24 -25 26 27 -28 29 -30 31 32 -33 34 -35 36 -37 38 -39 40 -41 42 43 -44 45 -46 -47 48 -49 -50 0
uf50-0652 756 1 -2 -3 -4 -5 -6 7 -8 9 10 11 12 13 14 15 16 -17 18 19 -20 21 22 23 24 -25 26 27 -28 29 -30 31 32 -33 34 -35 36 -37 38 -39 40 -41 42 -43 -44 45 -46 -47 48 -49 -50 0
uf50-0652 933 1 -2 -3 -4 -5 -6 7 -8 9 10 11 12 13 14 15 16 -17 18 19 -20 21 22 23 24 -25 26 27 -28 29 -30 31 32 -33 34 -35 36 -37 38 -39 40 -41 42 43 -44 45 -46 -47 48 -49 -50 0
uf50-0652 933 1 -2 -3 -4 -5 -6 7 -8 9 10 11 12 13 14 15 16 -17 18 19 -20 21 22 23 24 -25 26 27 -28 29 -30 31 32 -33 34 -35 36 -37 38 -39 40 -41 42 43 -44 45 -46 -47 48 -49 -50 0
uf50-0652 933 1 -2 -3 -4 -5 -6 7 -8 9 10 11 12 13 14 15 16 -17 18 19 -20 21 22 23 24 -25 26 27 -28 29 -30 31 32 -33 34 -35 36 -37 38 -39 40 -41 42 43 -44 45 -46 -47 48 -49 -50 0
uf50-0652 933 1 -2 -3 -4 -5 -6 7 -8 9 10 11 12 13 14 15 16 -17 18 19 -20 21 22 23 24 -25 26 27 -28 29 -30 31 32 -33 34 -35 36 -37 38 -39 40 -41 42 43 -44 45 -46 -47 48 -49 -50 0
uf50-0652 706 -1 -2 -3 -4 -5 -6 7 -8 9 10 11 12 13 14 15 16 -17 18 19 -20 21 22 23 24 -25 26 27 -28 29 -30 31 32 -33 34 -35 36 -37 38 -39 40 -41 42 43 -44 45 -46 -47 48 -49 -50 0
uf50-0652 217 0
uf50-0652 756 1 -2 -3 -4 -5 -6 7 -8 9 10 11 12 13 14 15 16 -17 18 19 -20 21 22 23 24 -25 26 27 -28 29 -30 31 32 -33 34 -35 36 -37 38 -39 40 -41 42 -43 -44 45 -46 -47 48 -49 -50 0
uf50-0652 25 -1 -2 -3 -4 -5 -6 7 -8 9 10 -11 -12 13 14 15 16 -17 18 19 -20 21 22 23 24 -25 26 27 -28 29 -30 31 32 -33 34 -35 36 -37 38 -39 40 -41 42 -43 -44 45 -46 -47 48 -49 -50 0
uf50-0652 807 -1 -2 -3 -4 -5 -6 7 -8 9 10 11 -12 13 14 15 16 -17 18 19 -20 21 22 23 24 -25 26 27 -28 29 -30 31 32 -33 34 -35 36 -37 38 -39 40 41 42 43 -44 45 -46 -47 48 -49 -50 0
uf50-0652 807 -1 -2 -3 -4 -5 -6 7 -8 9 10 11 -12 13 14 15 16 -17 18 19 -20 21 22 23 24 -25 26 27 -28 29 -30 31 32 -33 34 -35 36 -37 38 -39 40 41 42 43 -44 45 -46 -47 48 -49 -50 0
uf50-0652 933 1 -2 -3 -4 -5 -6 7 -8 9 10 11 12 13 14 15 16 -17 18 19 -20 21 22 23 24 -25 26 27 -28 29 -30 31 32 -33 34 -35 36 -37 38 -39 40 -41 42 43 -44 45 -46 -47 48 -49 -50 0
uf50-0652 933 1 -2 -3 -4 -5 -6 7 -8 9 10 11 12 13 14 15 16 -17 18 19 -20 21 22 23 24 -25 26 27 -28 29 -30 31 32 -33 34 -35 36 -37 38 -39 40 -41 42 43 -44 45 -46 -47 48 -49 -50 0
uf50-0151 216 0
uf50-0151 217 0
uf50-0151 217 0
uf50-0151 217 0
uf50-0151 217 0
uf50-0151 217 0
uf50-0151 217 0
uf50-0151 217 0
uf50-0151 217 0
uf50-0151 217 0
uf50-0151 217 0
uf50-0151 217 0
uf50-0151 217 0
uf50-0151 217 0
uf50-0151 217 0
uf50-0151 217 0
uf50-0151 347 -1 2 -3 4 -5 -6 -7 -8 -9 -10 -11 -12 13 -14 15 16 17 18 19 20 -21 22 -23 -24 25 26 -27 28 29 30 31 32 -33 34 -35 -36 37 -38 39 -40 41 -42 -43 -44 45 46 47 -48 49 50 0
uf50-0151 217 0
uf50-0151 217 0
uf50-0151 347 -1 2 -3 4 -5 -6 -7 -8 -9 -10 -11 -12 13 -14 15 16 17 18 19 20 -21 22 -23 -24 25 26 -27 28 29 30 31 32 -33 34 -35 -36 37 -38 39 -40 41 -42 -43 -44 45 46 47 -48 49 50 0
uf50-0151 217 0
uf50-0151 217 0
uf50-0151 216 0
uf50-0151 217 0
uf50-0151 216 0
uf50-0151 216 0
uf50-0151 217 0
uf50-0151 217 0
uf50-0151 217 0
uf50-0151 217 0
uf50-0151 217 0
uf50-0151 217 0
uf50-0151 217 0
uf50-0151 217 0
uf50-0151 217 0
uf50-0151 347 -1 2 -3 4 -5 -6 -7 -8 -9 -10 -11 -12 13 -14 15 16 17 18 19 20 -21 22 -23 -24 25 26 -27 28 29 30 31 32 -33 34 -35 -36 37 -38 39 -40 41 -42 -43 -44 45 46 47 -48 49 50 0
uf50-0151 217 0
uf50-0151 217 0
uf50-0151 217 0
uf50-0151 216 0
uf50-0151 217 0
uf50-0151 669 -1 2 -3 4 -5 -6 -7 -8 -9 -10 -11 -12 13 -14 15 16 17 18 19 20 -21 22 -23 -24 25 26 -27 28 29 30 31 32 -33 34 -35 36 37 -38 39 -40 41 -42 -43 -44 45 46 47 -48 49 50 0
uf50-0151 217 0
uf50-0151 217 0
uf50-0151 217 0
uf50-0151 217 0
uf50-0151 217 0
uf50-0151 217 0
uf50-0151 217 0
uf50-0151 217 0
