uf20-0316 57526 -1 2 -3 -4 5 -6 -7 8 9 10 -11 12 13 14 -15 16 17 -18 19 20 0
uf20-0316 57897 1 2 -3 -4 -5 6 7 -8 9 -10 11 12 13 -14 15 16 17 18 -19 -20 0
uf20-0316 57526 -1 2 -3 -4 5 -6 -7 8 9 10 -11 12 13 14 -15 16 17 -18 19 20 0
uf20-0316 53212 1 2 3 -4 -5 -6 -7 8 -9 10 11 -12 13 -14 -15 16 17 -18 19 20 0
uf20-0316 52596 1 2 -3 -4 -5 6 7 -8 9 -10 11 -12 -13 -14 15 16 17 18 -19 -20 0
uf20-0316 51860 1 2 -3 -4 -5 6 -7 -8 9 -10 11 12 13 -14 15 16 -17 18 19 -20 0
uf20-0316 54335 1 -2 3 -4 -5 6 -7 8 -9 -10 11 -12 13 -14 15 16 -17 18 19 -20 0
uf20-0316 57897 1 2 -3 -4 -5 6 7 -8 9 -10 11 12 13 -14 15 16 17 18 -19 -20 0
uf20-0316 55716 1 -2 3 -4 -5 -6 7 8 -9 10 -11 12 13 14 -15 16 17 -18 19 -20 0
uf20-0316 57082 1 2 3 -4 -5 -6 -7 8 9 10 11 12 13 14 -15 16 17 -18 -19 20 0
uf20-0316 57082 1 2 3 -4 -5 -6 -7 8 9 10 11 12 13 14 -15 16 17 -18 -19 20 0
uf20-0316 52840 -1 -2 3 4 -5 -6 7 -8 9 -10 11 12 13 14 15 16 17 -18 -19 -20 0
uf20-0316 57526 -1 2 -3 -4 5 -6 -7 8 9 10 -11 12 13 14 -15 16 17 -18 19 20 0
uf20-0316 57839 1 2 3 -4 -5 -6 -7 8 -9 10 11 12 13 -14 -15 16 17 -18 19 20 0
uf20-0316 54820 1 -2 3 -4 -5 6 -7 8 -9 -10 -11 -12 13 14 15 16 -17 18 19 -20 0
uf20-0316 57082 1 2 3 -4 -5 -6 -7 8 9 10 11 12 13 14 -15 16 17 -18 -19 20 0
uf20-0316 53006 1 -2 3 -4 -5 -6 -7 8 -9 10 11 12 13 -14 -15 16 17 -18 19 20 0
uf20-0316 54255 -1 2 -3 -4 5 -6 -7 8 9 10 -11 12 13 14 -15 -16 17 -18 19 20 0
uf20-0316 56951 1 -2 3 -4 5 6 -7 8 9 -10 -11 12 13 14 -15 16 17 -18 -19 20 0
uf20-0316 56951 1 -2 3 -4 5 6 -7 8 9 -10 -11 12 13 14 -15 16 17 -18 -19 20 0
uf20-0316 57897 1 2 -3 -4 -5 6 7 -8 9 -10 11 12 13 -14 15 16 17 18 -19 -20 0
uf20-0316 52025 1 -2 3 4 -5 -6 7 8 9 -10 11 -12 13 14 -15 16 17 -18 -19 -20 0
uf20-0316 56951 1 -2 3 -4 5 6 -7 8 9 -10 -11 12 13 14 -15 16 17 -18 -19 20 0
uf20-0316 56951 1 -2 3 -4 5 6 -7 8 9 -10 -11 12 13 14 -15 16 17 -18 -19 20 0
uf20-0316 57082 1 2 3 -4 -5 -6 -7 8 9 10 11 12 13 14 -15 16 17 -18 -19 20 0
uf20-0316 57082 1 2 3 -4 -5 -6 -7 8 9 10 11 12 13 14 -15 16 17 -18 -19 20 0
uf20-0316 54335 1 -2 3 -4 -5 6 -7 8 -9 -10 11 -12 13 -14 15 16 -17 18 19 -20 0
uf20-0316 57673 -1 2 3 4 -5 -6 7 -8 9 -10 11 12 13 14 15 16 17 -18 -19 -20 0
uf20-0316 56616 -1 2 -3 -4 5 6 7 -8 9 -10 11 12 13 -14 15 -16 -17 -18 19 20 0
uf20-0316 57897 1 2 -3 -4 -5 6 7 -8 9 -10 11 12 13 -14 15 16 17 18 -19 -20 0
uf20-0316 53006 1 -2 3 -4 -5 -6 -7 8 -9 10 11 12 13 -14 -15 16 17 -18 19 20 0
uf20-0316 56951 1 -2 3 -4 5 6 -7 8 9 -10 -11 12 13 14 -15 16 17 -18 -19 20 0
uf20-0316 56951 1 -2 3 -4 5 6 -7 8 9 -10 -11 12 13 14 -15 16 17 -18 -19 20 0
uf20-0316 55949 1 2 -3 -4 5 6 -7 8 9 -10 -11 12 13 14 -15 16 17 -18 -19 20 0
uf20-0316 55949 1 2 -3 -4 5 6 -7 8 9 -10 -11 12 13 14 -15 16 17 -18 -19 20 0
uf20-0316 56951 1 -2 3 -4 5 6 -7 8 9 -10 -11 12 13 14 -15 16 17 -18 -19 20 0
uf20-0316 56616 -1 2 -3 -4 5 6 7 -8 9 -10 11 12 13 -14 15 -16 -17 -18 19 20 0
uf20-0316 56951 1 -2 3 -4 5 6 -7 8 9 -10 -11 12 13 14 -15 16 17 -18 -19 20 0
uf20-0316 54335 1 -2 3 -4 -5 6 -7 8 -9 -10 11 -12 13 -14 15 16 -17 18 19 -20 0
uf20-0316 57897 1 2 -3 -4 -5 6 7 -8 9 -10 11 12 13 -14 15 16 17 18 -19 -20 0
uf20-0316 56951 1 -2 3 -4 5 6 -7 8 9 -10 -11 12 13 14 -15 16 17 -18 -19 20 0
uf20-0316 57839 1 2 3 -4 -5 -6 -7 8 -9 10 11 12 13 -14 -15 16 17 -18 19 20 0
uf20-0316 57897 1 2 -3 -4 -5 6 7 -8 9 -10 11 12 13 -14 15 16 17 18 -19 -20 0
uf20-0316 57897 1 2 -3 -4 -5 6 7 -8 9 -10 11 12 13 -14 15 16 17 18 -19 -20 0
uf20-0316 57673 -1 2 3 4 -5 -6 7 -8 9 -10 11 12 13 14 15 16 17 -18 -19 -20 0
uf20-0316 56616 -1 2 -3 -4 5 6 7 -8 9 -10 11 12 13 -14 15 -16 -17 -18 19 20 0
uf20-0316 57897 1 2 -3 -4 -5 6 7 -8 9 -10 11 12 13 -14 15 16 17 18 -19 -20 0
uf20-0316 57897 1 2 -3 -4 -5 6 7 -8 9 -10 11 12 13 -14 15 16 17 18 -19 -20 0
uf20-0316 53811 1 2 3 -4 -5 -6 -7 8 9 10 11 12 13 14 -15 -16 17 -18 -19 20 0
uf20-0316 55067 1 2 -3 -4 5 -6 -7 8 9 10 -11 12 13 14 -15 16 17 -18 -19 20 0
