uf50-0653 8551 -1 -2 -3 4 -5 6 -7 -8 9 -10 11 12 -13 -14 15 16 -17 -18 -19 20 -21 22 -23 24 25 26 27 28 29 -30 31 -32 -33 -34 35 -36 37 38 39 -40 41 -42 43 44 45 46 47 48 -49 -50 0
uf50-0653 8551 -1 -2 -3 4 -5 6 -7 -8 9 -10 11 12 -13 -14 15 16 -17 -18 -19 20 -21 22 -23 24 25 26 27 28 29 -30 31 -32 -33 -34 35 -36 37 38 39 -40 41 -42 43 44 45 46 47 48 -49 -50 0
uf50-0653 8551 -1 -2 -3 4 -5 6 -7 -8 9 -10 11 12 -13 -14 15 16 -17 -18 -19 20 -21 22 -23 24 25 26 27 28 29 -30 31 -32 -33 -34 35 -36 37 38 39 -40 41 -42 43 44 45 46 47 48 -49 -50 0
uf50-0653 8517 -1 2 -3 4 -5 6 -7 8 9 -10 11 12 -13 -14 -15 16 -17 -18 -19 20 -21 22 -23 24 25 -26 27 28 29 -30 31 -32 -33 -34 35 -36 37 38 39 -40 41 42 43 44 45 46 47 48 -49 -50 0
uf50-0653 9038 -1 -2 -3 4 -5 -6 -7 -8 9 -10 11 12 -13 14 15 -16 -17 -18 19 20 -21 22 23 24 25 -26 27 28 29 -30 31 -32 -33 -34 -35 -36 37 38 39 40 -41 42 43 -44 -45 46 47 48 49 -50 0
uf50-0653 8551 -1 -2 -3 4 -5 6 -7 -8 9 -10 11 12 -13 -14 15 16 -17 -18 -19 20 -21 22 -23 24 25 26 27 28 29 -30 31 -32 -33 -34 35 -36 37 38 39 -40 41 -42 43 44 45 46 47 48 -49 -50 0
uf50-0653 8551 -1 -2 -3 4 -5 6 -7 -8 9 -10 11 12 -13 -14 15 16 -17 -18 -19 20 -21 22 -23 24 25 26 27 28 29 -30 31 -32 -33 -34 35 -36 37 38 39 -40 41 -42 43 44 45 46 47 48 -49 -50 0
uf50-0653 9038 -1 -2 -3 4 -5 -6 -7 -8 9 -10 11 12 -13 14 15 -16 -17 -18 19 20 -21 22 23 24 25 -26 27 28 29 -30 31 -32 -33 -34 -35 -36 37 38 39 40 -41 42 43 -44 -45 46 47 48 49 -50 0
uf50-0653 8473 -1 -2 -3 4 -5 6 -7 8 9 -10 11 12 -13 -14 -15 16 -17 -18 -19 20 -21 22 -23 24 25 26 27 28 29 -30 31 -32 -33 -34 35 -36 37 38 39 -40 41 42 43 44 45 46 47 48 -49 -50 0
uf50-0653 8206 -1 -2 -3 4 -5 6 -7 -8 9 -10 11 12 -13 -14 15 16 -17 -18 -19 20 -21 22 -23 24 25 26 27 28 29 -30 -31 -32 33 -34 35 -36 37 38 39 -40 41 -42 43 44 45 46 47 48 -49 -50 0
uf50-0653 8266 -1 2 -3 4 -5 6 -7 8 9 -10 11 12 -13 -14 -15 16 -17 -18 -19 20 -21 22 23 24 25 -26 27 28 29 -30 31 -32 -33 -34 35 -36 -37 38 39 -40 41 42 43 44 45 46 47 48 -49 -50 0
uf50-0653 8206 -1 -2 -3 4 -5 6 -7 -8 9 -10 11 12 -13 -14 15 16 -17 -18 -19 20 -21 22 -23 24 25 26 27 28 29 -30 -31 -32 33 -34 35 -36 37 38 39 -40 41 -42 43 44 45 46 47 48 -49 -50 0
uf50-0653 8551 -1 -2 -3 4 -5 6 -7 -8 9 -10 11 12 -13 -14 15 16 -17 -18 -19 20 -21 22 -23 24 25 26 27 28 29 -30 31 -32 -33 -34 35 -36 37 38 39 -40 41 -42 43 44 45 46 47 48 -49 -50 0
uf50-0653 8551 -1 -2 -3 4 -5 6 -7 -8 9 -10 11 12 -13 -14 15 16 -17 -18 -19 20 -21 22 -23 24 25 26 27 28 29 -30 31 -32 -33 -34 35 -36 37 38 39 -40 41 -42 43 44 45 46 47 48 -49 -50 0
uf50-0653 8551 -1 -2 -3 4 -5 6 -7 -8 9 -10 11 12 -13 -14 15 16 -17 -18 -19 20 -21 22 -23 24 25 26 27 28 29 -30 31 -32 -33 -34 35 -36 37 38 39 -40 41 -42 43 44 45 46 47 48 -49 -50 0
uf50-0653 8766 -1 -2 -3 4 -5 -6 -7 -8 9 10 11 12 -13 14 15 -16 -17 -18 19 20 -21 22 23 24 25 -26 27 28 29 -30 31 -32 -33 -34 -35 -36 37 -38 39 40 -41 42 43 -44 -45 46 47 48 49 -50 0
uf50-0653 8551 -1 -2 -3 4 -5 6 -7 -8 9 -10 11 12 -13 -14 15 16 -17 -18 -19 20 -21 22 -23 24 25 26 27 28 29 -30 31 -32 -33 -34 35 -36 37 38 39 -40 41 -42 43 44 45 46 47 48 -49 -50 0
uf50-0653 8551 -1 -2 -3 4 -5 6 -7 -8 9 -10 11 12 -13 -14 15 16 -17 -18 -19 20 -21 22 -23 24 25 26 27 28 29 -30 31 -32 -33 -34 35 -36 37 38 39 -40 41 -42 43 44 45 46 47 48 -49 -50 0
uf50-0653 8517 -1 2 -3 4 -5 6 -7 8 9 -10 11 12 -13 -14 -15 16 -17 -18 -19 20 -21 22 -23 24 25 -26 27 28 29 -30 31 -32 -33 -34 35 -36 37 38 39 -40 41 42 43 44 45 46 47 48 -49 -50 0
uf50-0653 8551 -1 -2 -3 4 -5 6 -7 -8 9 -10 11 12 -13 -14 15 16 -17 -18 -19 20 -21 22 -23 24 25 26 27 28 29 -30 31 -32 -33 -34 35 -36 37 38 39 -40 41 -42 43 44 45 46 47 48 -49 -50 0
uf50-0653 9038 -1 -2 -3 4 -5 -6 -7 -8 9 -10 11 12 -13 14 15 -16 -17 -18 19 20 -21 22 23 24 25 -26 27 28 29 -30 31 -32 -33 -34 -35 -36 37 38 39 40 -41 42 43 -44 -45 46 47 48 49 -50 0
uf50-0653 8551 -1 -2 -3 4 -5 6 -7 -8 9 -10 11 12 -13 -14 15 16 -17 -18 -19 20 -21 22 -23 24 25 26 27 28 29 -30 31 -32 -33 -34 35 -36 37 38 39 -40 41 -42 43 44 45 46 47 48 -49 -50 0
uf50-0653 8551 -1 -2 -3 4 -5 6 -7 -8 9 -10 11 12 -13 -14 15 16 -17 -18 -19 20 -21 22 -23 24 25 26 27 28 29 -30 31 -32 -33 -34 35 -36 37 38 39 -40 41 -42 43 44 45 46 47 48 -49 -50 0
uf50-0653 8551 -1 -2 -3 4 -5 6 -7 -8 9 -10 11 12 -13 -14 15 16 -17 -18 -19 20 -21 22 -23 24 25 26 27 28 29 -30 31 -32 -33 -34 35 -36 37 38 39 -40 41 -42 43 44 45 46 47 48 -49 -50 0
uf50-0653 8551 -1 -2 -3 4 -5 6 -7 -8 9 -10 11 12 -13 -14 15 16 -17 -18 -19 20 -21 22 -23 24 25 26 27 28 29 -30 31 -32 -33 -34 35 -36 37 38 39 -40 41 -42 43 44 45 46 47 48 -49 -50 0
uf50-0653 8551 -1 -2 -3 4 -5 6 -7 -8 9 -10 11 12 -13 -14 15 16 -17 -18 -19 20 -21 22 -23 24 25 26 27 28 29 -30 31 -32 -33 -34 35 -36 37 38 39 -40 41 -42 43 44 45 46 47 48 -49 -50 0
uf50-0653 8625 -1 -2 -3 4 -5 -6 -7 -8 9 10 11 12 -13 -14 15 -16 -17 -18 19 20 -21 22 23 24 25 -26 27 28 29 -30 31 -32 -33 -34 -35 -36 37 -38 39 40 -41 42 43 -44 -45 46 47 48 49 -50 0
uf50-0653 8551 -1 -2 -3 4 -5 6 -7 -8 9 -10 11 12 -13 -14 15 16 -17 -18 -19 20 -21 22 -23 24 25 26 27 28 29 -30 31 -32 -33 -34 35 -36 37 38 39 -40 41 -42 43 44 45 46 47 48 -49 -50 0
uf50-0653 8551 -1 -2 -3 4 -5 6 -7 -8 9 -10 11 12 -13 -14 15 16 -17 -18 -19 20 -21 22 -23 24 25 26 27 28 29 -30 31 -32 -33 -34 35 -36 37 38 39 -40 41 -42 43 44 45 46 47 48 -49 -50 0
uf50-0653 8551 -1 -2 -3 4 -5 6 -7 -8 9 -10 11 12 -13 -14 15 16 -17 -18 -19 20 -21 22 -23 24 25 26 27 28 29 -30 31 -32 -33 -34 35 -36 37 38 39 -40 41 -42 43 44 45 46 47 48 -49 -50 0
uf50-0653 8172 -1 2 -3 4 -5 6 -7 8 9 -10 11 12 -13 -14 -15 16 -17 -18 -19 20 -21 22 -23 24 25 -26 27 28 29 -30 -31 -32 33 -34 35 -36 37 38 39 -40 41 42 43 44 45 46 47 48 -49 -50 0
uf50-0653 9038 -1 -2 -3 4 -5 -6 -7 -8 9 -10 11 12 -13 14 15 -16 -17 -18 19 20 -21 22 23 24 25 -26 27 28 29 -30 31 -32 -33 -34 -35 -36 37 38 39 40 -41 42 43 -44 -45 46 47 48 49 -50 0
uf50-0653 8551 -1 -2 -3 4 -5 6 -7 -8 9 -10 11 12 -13 -14 15 16 -17 -18 -19 20 -21 22 -23 24 25 26 27 28 29 -30 31 -32 -33 -34 35 -36 37 38 39 -40 41 -42 43 44 45 46 47 48 -49 -50 0
uf50-0653 8206 -1 -2 -3 4 -5 6 -7 -8 9 -10 11 12 -13 -14 15 16 -17 -18 -19 20 -21 22 -23 24 25 26 27 28 29 -30 -31 -32 33 -34 35 -36 37 38 39 -40 41 -42 43 44 45 46 47 48 -49 -50 0
uf50-0653 8551 -1 -2 -3 4 -5 6 -7 -8 9 -10 11 12 -13 -14 15 16 -17 -18 -19 20 -21 22 -23 24 25 26 27 28 29 -30 31 -32 -33 -34 35 -36 37 38 39 -40 41 -42 43 44 45 46 47 48 -49 -50 0
uf50-0653 8551 -1 -2 -3 4 -5 6 -7 -8 9 -10 11 12 -13 -14 15 16 -17 -18 -19 20 -21 22 -23 24 25 26 27 28 29 -30 31 -32 -33 -34 35 -36 37 38 39 -40 41 -42 43 44 45 46 47 48 -49 -50 0
uf50-0653 8611 -1 -2 -3 4 -5 -6 -7 -8 9 10 11 12 13 -14 15 -16 -17 -18 19 20 -21 22 23 24 25 -26 27 28 29 -30 31 -32 -33 -34 -35 -36 37 -38 39 -40 -41 42 43 -44 -45 46 47 48 49 -50 0
uf50-0653 8551 -1 -2 -3 4 -5 6 -7 -8 9 -10 11 12 -13 -14 15 16 -17 -18 -19 20 -21 22 -23 24 25 26 27 28 29 -30 31 -32 -33 -34 35 -36 37 38 39 -40 41 -42 43 44 45 46 47 48 -49 -50 0
uf50-0653 8551 -1 -2 -3 4 -5 6 -7 -8 9 -10 11 12 -13 -14 15 16 -17 -18 -19 20 -21 22 -23 24 25 26 27 28 29 -30 31 -32 -33 -34 35 -36 37 38 39 -40 41 -42 43 44 45 46 47 48 -49 -50 0
uf50-0653 8551 -1 -2 -3 4 -5 6 -7 -8 9 -10 11 12 -13 -14 15 16 -17 -18 -19 20 -21 22 -23 24 25 26 27 28 29 -30 31 -32 -33 -34 35 -36 37 38 39 -40 41 -42 43 44 45 46 47 48 -49 -50 0
uf50-0653 8551 -1 -2 -3 4 -5 6 -7 -8 9 -10 11 12 -13 -14 15 16 -17 -18 -19 20 -21 22 -23 24 25 26 27 28 29 -30 31 -32 -33 -34 35 -36 37 38 39 -40 41 -42 43 44 45 46 47 48 -49 -50 0
uf50-0653 8517 -1 2 -3 4 -5 6 -7 8 9 -10 11 12 -13 -14 -15 16 -17 -18 -19 20 -21 22 -23 24 25 -26 27 28 29 -30 31 -32 -33 -34 35 -36 37 38 39 -40 41 42 43 44 45 46 47 48 -49 -50 0
uf50-0653 8551 -1 -2 -3 4 -5 6 -7 -8 9 -10 11 12 -13 -14 15 16 -17 -18 -19 20 -21 22 -23 24 25 26 27 28 29 -30 31 -32 -33 -34 35 -36 37 38 39 -40 41 -42 43 44 45 46 47 48 -49 -50 0
uf50-0653 8206 -1 -2 -3 4 -5 6 -7 -8 9 -10 11 12 -13 -14 15 16 -17 -18 -19 20 -21 22 -23 24 25 26 27 28 29 -30 -31 -32 33 -34 35 -36 37 38 39 -40 41 -42 43 44 45 46 47 48 -49 -50 0
uf50-0653 8661 -1 -2 -3 4 -5 -6 -7 -8 9 -10 11 12 13 -14 15 -16 -17 -18 19 20 -21 22 23 24 -25 -26 27 28 29 -30 31 -32 -33 -34 -35 -36 37 38 39 -40 -41 42 43 -44 -45 46 47 48 49 -50 0
uf50-0653 8551 -1 -2 -3 4 -5 6 -7 -8 9 -10 11 12 -13 -14 15 16 -17 -18 -19 20 -21 22 -23 24 25 26 27 28 29 -30 31 -32 -33 -34 35 -36 37 38 39 -40 41 -42 43 44 45 46 47 48 -49 -50 0
uf50-0653 8551 -1 -2 -3 4 -5 6 -7 -8 9 -10 11 12 -13 -14 15 16 -17 -18 -19 20 -21 22 -23 24 25 26 27 28 29 -30 31 -32 -33 -34 35 -36 37 38 39 -40 41 -42 43 44 45 46 47 48 -49 -50 0
uf50-0653 8517 -1 2 -3 4 -5 6 -7 8 9 -10 11 12 -13 -14 -15 16 -17 -18 -19 20 -21 22 -23 24 25 -26 27 28 29 -30 31 -32 -33 -34 35 -36 37 38 39 -40 41 42 43 44 45 46 47 48 -49 -50 0
uf50-0653 8551 -1 -2 -3 4 -5 6 -7 -8 9 -10 11 12 -13 -14 15 16 -17 -18 -19 20 -21 22 -23 24 25 26 27 28 29 -30 31 -32 -33 -34 35 -36 37 38 39 -40 41 -42 43 44 45 46 47 48 -49 -50 0
uf50-0653 8206 -1 -2 -3 4 -5 6 -7 -8 9 -10 11 12 -13 -14 15 16 -17 -18 -19 20 -21 22 -23 24 25 26 27 28 29 -30 -31 -32 33 -34 35 -36 37 38 39 -40 41 -42 43 44 45 46 47 48 -49 -50 0
uf50-0653 8206 -1 -2 -3 4 -5 6 -7 -8 9 -10 11 12 -13 -14 15 16 -17 -18 -19 20 -21 22 -23 24 25 26 27 28 29 -30 -31 -32 33 -34 35 -36 37 38 39 -40 41 -42 43 44 45 46 47 48 -49 -50 0
uf50-0653 8551 -1 -2 -3 4 -5 6 -7 -8 9 -10 11 12 -13 -14 15 16 -17 -18 -19 20 -21 22 -23 24 25 26 27 28 29 -30 31 -32 -33 -34 35 -36 37 38 39 -40 41 -42 43 44 45 46 47 48 -49 -50 0
uf50-0653 9022 -1 -2 -3 4 -5 -6 -7 -8 9 -10 11 12 -13 14 15 -16 -17 -18 19 20 -21 22 23 24 25 -26 27 28 29 -30 31 -32 -33 -34 -35 -36 37 38 39 -40 41 -42 43 -44 45 46 47 48 49 -50 0
uf50-0653 9038 -1 -2 -3 4 -5 -6 -7 -8 9 -10 11 12 -13 14 15 -16 -17 -18 19 20 -21 22 23 24 25 -26 27 28 29 -30 31 -32 -33 -34 -35 -36 37 38 39 40 -41 42 43 -44 -45 46 47 48 49 -50 0
uf50-0653 8551 -1 -2 -3 4 -5 6 -7 -8 9 -10 11 12 -13 -14 15 16 -17 -18 -19 20 -21 22 -23 24 25 26 27 28 29 -30 31 -32 -33 -34 35 -36 37 38 39 -40 41 -42 43 44 45 46 47 48 -49 -50 0
uf50-0653 8551 -1 -2 -3 4 -5 6 -7 -8 9 -10 11 12 -13 -14 15 16 -17 -18 -19 20 -21 22 -23 24 25 26 27 28 29 -30 31 -32 -33 -34 35 -36 37 38 39 -40 41 -42 43 44 45 46 47 48 -49 -50 0
uf50-0653 8551 -1 -2 -3 4 -5 6 -7 -8 9 -10 11 12 -13 -14 15 16 -17 -18 -19 20 -21 22 -23 24 25 26 27 28 29 -30 31 -32 -33 -34 35 -36 37 38 39 -40 41 -42 43 44 45 46 47 48 -49 -50 0
uf50-0653 8551 -1 -2 -3 4 -5 6 -7 -8 9 -10 11 12 -13 -14 15 16 -17 -18 -19 20 -21 22 -23 24 25 26 27 28 29 -30 31 -32 -33 -34 35 -36 37 38 39 -40 41 -42 43 44 45 46 47 48 -49 -50 0
uf50-0653 8659 -1 -2 -3 4 -5 -6 -7 -8 9 -10 11 12 13 -14 15 -16 -17 -18 19 20 -21 22 23 24 25 -26 27 28 29 -30 31 -32 -33 -34 -35 -36 37 38 39 -40 -41 -42 43 -44 -45 46 47 48 49 -50 0
uf50-0653 8206 -1 -2 -3 4 -5 6 -7 -8 9 -10 11 12 -13 -14 15 16 -17 -18 -19 20 -21 22 -23 24 25 26 27 28 29 -30 -31 -32 33 -34 35 -36 37 38 39 -40 41 -42 43 44 45 46 47 48 -49 -50 0
uf50-0653 8767 -1 -2 -3 4 -5 -6 -7 -8 9 -10 11 12 -13 -14 15 -16 -17 -18 19 20 -21 22 23 24 25 -26 27 28 29 -30 31 -32 -33 -34 -35 -36 37 38 39 -40 -41 42 43 -44 -45 46 47 48 49 -50 0
uf50-0653 8551 -1 -2 -3 4 -5 6 -7 -8 9 -10 11 12 -13 -14 15 16 -17 -18 -19 20 -21 22 -23 24 25 26 27 28 29 -30 31 -32 -33 -34 35 -36 37 38 39 -40 41 -42 43 44 45 46 47 48 -49 -50 0
uf50-0653 8551 -1 -2 -3 4 -5 6 -7 -8 9 -10 11 12 -13 -14 15 16 -17 -18 -19 20 -21 22 -23 24 25 26 27 28 29 -30 31 -32 -33 -34 35 -36 37 38 39 -40 41 -42 43 44 45 46 47 48 -49 -50 0
uf50-0653 8517 -1 2 -3 4 -5 6 -7 8 9 -10 11 12 -13 -14 -15 16 -17 -18 -19 20 -21 22 -23 24 25 -26 27 28 29 -30 31 -32 -33 -34 35 -36 37 38 39 -40 41 42 43 44 45 46 47 48 -49 -50 0
uf50-0653 9038 -1 -2 -3 4 -5 -6 -7 -8 9 -10 11 12 -13 14 15 -16 -17 -18 19 20 -21 22 23 24 25 -26 27 28 29 -30 31 -32 -33 -34 -35 -36 37 38 39 40 -41 42 43 -44 -45 46 47 48 49 -50 0
uf50-0653 8517 -1 2 -3 4 -5 6 -7 8 9 -10 11 12 -13 -14 -15 16 -17 -18 -19 20 -21 22 -23 24 25 -26 27 28 29 -30 31 -32 -33 -34 35 -36 37 38 39 -40 41 42 43 44 45 46 47 48 -49 -50 0
uf50-0653 8551 -1 -2 -3 4 -5 6 -7 -8 9 -10 11 12 -13 -14 15 16 -17 -18 -19 20 -21 22 -23 24 25 26 27 28 29 -30 31 -32 -33 -34 35 -36 37 38 39 -40 41 -42 43 44 45 46 47 48 -49 -50 0
uf50-0653 8206 -1 -2 -3 4 -5 6 -7 -8 9 -10 11 12 -13 -14 15 16 -17 -18 -19 20 -21 22 -23 24 25 26 27 28 29 -30 -31 -32 33 -34 35 -36 37 38 39 -40 41 -42 43 44 45 46 47 48 -49 -50 0
uf50-0653 8741 -1 -2 -3 4 -5 -6 -7 -8 9 10 11 12 13 -14 15 -16 -17 -18 19 20 -21 22 23 24 25 -26 27 28 29 -30 31 -32 -33 -34 -35 -36 37 -38 39 40 -41 42 43 -44 -45 46 47 48 49 -50 0
uf50-0653 8716 -1 -2 -3 4 -5 -6 -7 8 9 -10 11 12 -13 -14 15 -16 -17 -18 19 20 -21 22 23 24 -25 -26 27 28 29 -30 31 -32 -33 -34 -35 -36 37 38 39 -40 41 -42 43 -44 45 46 47 48 49 -50 0
uf50-0653 8551 -1 -2 -3 4 -5 6 -7 -8 9 -10 11 12 -13 -14 15 16 -17 -18 -19 20 -21 22 -23 24 25 26 27 28 29 -30 31 -32 -33 -34 35 -36 37 38 39 -40 41 -42 43 44 45 46 47 48 -49 -50 0
uf50-0653 8551 -1 -2 -3 4 -5 6 -7 -8 9 -10 11 12 -13 -14 15 16 -17 -18 -19 20 -21 22 -23 24 25 26 27 28 29 -30 31 -32 -33 -34 35 -36 37 38 39 -40 41 -42 43 44 45 46 47 48 -49 -50 0
uf50-0653 8551 -1 -2 -3 4 -5 6 -7 -8 9 -10 11 12 -13 -14 15 16 -17 -18 -19 20 -21 22 -23 24 25 26 27 28 29 -30 31 -32 -33 -34 35 -36 37 38 39 -40 41 -42 43 44 45 46 47 48 -49 -50 0
uf50-0653 8517 -1 2 -3 4 -5 6 -7 8 9 -10 11 12 -13 -14 -15 16 -17 -18 -19 20 -21 22 -23 24 25 -26 27 28 29 -30 31 -32 -33 -34 35 -36 37 38 39 -40 41 42 43 44 45 46 47 48 -49 -50 0
uf50-0653 8206 -1 -2 -3 4 -5 6 -7 -8 9 -10 11 12 -13 -14 15 16 -17 -18 -19 20 -21 22 -23 24 25 26 27 28 29 -30 -31 -32 33 -34 35 -36 37 38 39 -40 41 -42 43 44 45 46 47 48 -49 -50 0
uf50-0653 8473 -1 -2 -3 4 -5 6 -7 8 9 -10 11 12 -13 -14 -15 16 -17 -18 -19 20 -21 22 -23 24 25 26 27 28 29 -30 31 -32 -33 -34 35 -36 37 38 39 -40 41 42 43 44 45 46 47 48 -49 -50 0
uf50-0653 8172 -1 2 -3 4 -5 6 -7 8 9 -10 11 12 -13 -14 -15 16 -17 -18 -19 20 -21 22 -23 24 25 -26 27 28 29 -30 -31 -32 33 -34 35 -36 37 38 39 -40 41 42 43 44 45 46 47 48 -49 -50 0
uf50-0653 8551 -1 -2 -3 4 -5 6 -7 -8 9 -10 11 12 -13 -14 15 16 -17 -18 -19 20 -21 22 -23 24 25 26 27 28 29 -30 31 -32 -33 -34 35 -36 37 38 39 -40 41 -42 43 44 45 46 47 48 -49 -50 0
uf50-0653 8551 -1 -2 -3 4 -5 6 -7 -8 9 -10 11 12 -13 -14 15 16 -17 -18 -19 20 -21 22 -23 24 25 26 27 28 29 -30 31 -32 -33 -34 35 -36 37 38 39 -40 41 -42 43 44 45 46 47 48 -49 -50 0
uf50-0653 8551 -1 -2 -3 4 -5 6 -7 -8 9 -10 11 12 -13 -14 15 16 -17 -18 -19 20 -21 22 -23 24 25 26 27 28 29 -30 31 -32 -33 -34 35 -36 37 38 39 -40 41 -42 43 44 45 46 47 48 -49 -50 0
uf50-0653 8551 -1 -2 -3 4 -5 6 -7 -8 9 -10 11 12 -13 -14 15 16 -17 -18 -19 20 -21 22 -23 24 25 26 27 28 29 -30 31 -32 -33 -34 35 -36 37 38 39 -40 41 -42 43 44 45 46 47 48 -49 -50 0
uf50-0653 8473 -1 -2 -3 4 -5 6 -7 8 9 -10 11 12 -13 -14 -15 16 -17 -18 -19 20 -21 22 -23 24 25 26 27 28 29 -30 31 -32 -33 -34 35 -36 37 38 39 -40 41 42 43 44 45 46 47 48 -49 -50 0
uf50-0653 9038 -1 -2 -3 4 -5 -6 -7 -8 9 -10 11 12 -13 14 15 -16 -17 -18 19 20 -21 22 23 24 25 -26 27 28 29 -30 31 -32 -33 -34 -35 -36 37 38 39 40 -41 42 43 -44 -45 46 47 48 49 -50 0
uf50-0653 8551 -1 -2 -3 4 -5 6 -7 -8 9 -10 11 12 -13 -14 15 16 -17 -18 -19 20 -21 22 -23 24 25 26 27 28 29 -30 31 -32 -33 -34 35 -36 37 38 39 -40 41 -42 43 44 45 46 47 48 -49 -50 0
uf50-0653 8172 -1 2 -3 4 -5 6 -7 8 9 -10 11 12 -13 -14 -15 16 -17 -18 -19 20 -21 22 -23 24 25 -26 27 28 29 -30 -31 -32 33 -34 35 -36 37 38 39 -40 41 42 43 44 45 46 47 48 -49 -50 0
uf50-0653 8551 -1 -2 -3 4 -5 6 -7 -8 9 -10 11 12 -13 -14 15 16 -17 -18 -19 20 -21 22 -23 24 25 26 27 28 29 -30 31 -32 -33 -34 35 -36 37 38 39 -40 41 -42 43 44 45 46 47 48 -49 -50 0
uf50-0653 9038 -1 -2 -3 4 -5 -6 -7 -8 9 -10 11 12 -13 14 15 -16 -17 -18 19 20 -21 22 23 24 25 -26 27 28 29 -30 31 -32 -33 -34 -35 -36 37 38 39 40 -41 42 43 -44 -45 46 47 48 49 -50 0
uf50-0653 8551 -1 -2 -3 4 -5 6 -7 -8 9 -10 11 12 -13 -14 15 16 -17 -18 -19 20 -21 22 -23 24 25 26 27 28 29 -30 31 -32 -33 -34 35 -36 37 38 39 -40 41 -42 43 44 45 46 47 48 -49 -50 0
uf50-0653 8206 -1 -2 -3 4 -5 6 -7 -8 9 -10 11 12 -13 -14 15 16 -17 -18 -19 20 -21 22 -23 24 25 26 27 28 29 -30 -31 -32 33 -34 35 -36 37 38 39 -40 41 -42 43 44 45 46 47 48 -49 -50 0
uf50-0653 9038 -1 -2 -3 4 -5 -6 -7 -8 9 -10 11 12 -13 14 15 -16 -17 -18 19 20 -21 22 23 24 25 -26 27 28 29 -30 31 -32 -33 -34 -35 -36 37 38 39 40 -41 42 43 -44 -45 46 47 48 49 -50 0
uf50-0653 8172 -1 2 -3 4 -5 6 -7 8 9 -10 11 12 -13 -14 -15 16 -17 -18 -19 20 -21 22 -23 24 25 -26 27 28 29 -30 -31 -32 33 -34 35 -36 37 38 39 -40 41 42 43 44 45 46 47 48 -49 -50 0
uf50-0653 8551 -1 -2 -3 4 -5 6 -7 -8 9 -10 11 12 -13 -14 15 16 -17 -18 -19 20 -21 22 -23 24 25 26 27 28 29 -30 31 -32 -33 -34 35 -36 37 38 39 -40 41 -42 43 44 45 46 47 48 -49 -50 0
uf50-0653 8551 -1 -2 -3 4 -5 6 -7 -8 9 -10 11 12 -13 -14 15 16 -17 -18 -19 20 -21 22 -23 24 25 26 27 28 29 -30 31 -32 -33 -34 35 -36 37 38 39 -40 41 -42 43 44 45 46 47 48 -49 -50 0
uf50-0653 9038 -1 -2 -3 4 -5 -6 -7 -8 9 -10 11 12 -13 14 15 -16 -17 -18 19 20 -21 22 23 24 25 -26 27 28 29 -30 31 -32 -33 -34 -35 -36 37 38 39 40 -41 42 43 -44 -45 46 47 48 49 -50 0
uf50-0653 8551 -1 -2 -3 4 -5 6 -7 -8 9 -10 11 12 -13 -14 15 16 -17 -18 -19 20 -21 22 -23 24 25 26 27 28 29 -30 31 -32 -33 -34 35 -36 37 38 39 -40 41 -42 43 44 45 46 47 48 -49 -50 0
uf50-0653 8551 -1 -2 -3 4 -5 6 -7 -8 9 -10 11 12 -13 -14 15 16 -17 -18 -19 20 -21 22 -23 24 25 26 27 28 29 -30 31 -32 -33 -34 35 -36 37 38 39 -40 41 -42 43 44 45 46 47 48 -49 -50 0
uf50-0653 8551 -1 -2 -3 4 -5 6 -7 -8 9 -10 11 12 -13 -14 15 16 -17 -18 -19 20 -21 22 -23 24 25 26 27 28 29 -30 31 -32 -33 -34 35 -36 37 38 39 -40 41 -42 43 44 45 46 47 48 -49 -50 0
uf50-0653 8766 -1 -2 -3 4 -5 -6 -7 -8 9 10 11 12 -13 14 15 -16 -17 -18 19 20 -21 22 23 24 25 -26 27 28 29 -30 31 -32 -33 -34 -35 -36 37 -38 39 40 -41 42 43 -44 -45 46 47 48 49 -50 0
uf50-0653 8551 -1 -2 -3 4 -5 6 -7 -8 9 -10 11 12 -13 -14 15 16 -17 -18 -19 20 -21 22 -23 24 25 26 27 28 29 -30 31 -32 -33 -34 35 -36 37 38 39 -40 41 -42 43 44 45 46 47 48 -49 -50 0
uf50-0653 8517 -1 2 -3 4 -5 6 -7 8 9 -10 11 12 -13 -14 -15 16 -17 -18 -19 20 -21 22 -23 24 25 -26 27 28 29 -30 31 -32 -33 -34 35 -36 37 38 39 -40 41 42 43 44 45 46 47 48 -49 -50 0
