uf50-0326 7599 -1 2 3 4 5 6 -7 -8 9 10 -11 -12 -13 14 -15 16 -17 18 19 20 21 -22 23 24 -25 26 -27 28 -29 -30 31 -32 -33 -34 35 36 37 -38 -39 40 -41 42 43 -44 -45 46 47 48 -49 -50 0
uf50-0326 7599 -1 2 3 4 5 6 -7 -8 9 10 -11 -12 -13 14 -15 16 -17 18 19 20 21 -22 23 24 -25 26 -27 28 -29 -30 31 -32 -33 -34 35 36 37 -38 -39 40 -41 42 43 -44 -45 46 47 48 -49 -50 0
uf50-0326 8940 -1 2 3 4 5 6 -7 -8 -9 10 11 -12 13 14 -15 -16 -17 -18 -19 -20 -21 -22 23 24 -25 26 27 -28 -29 30 -31 -32 33 -34 35 36 -37 -38 -39 40 41 42 43 -44 45 46 -47 48 -49 -50 0
uf50-0326 7599 -1 2 3 4 5 6 -7 -8 9 10 -11 -12 -13 14 -15 16 -17 18 19 20 21 -22 23 24 -25 26 -27 28 -29 -30 31 -32 -33 -34 35 36 37 -38 -39 40 -41 42 43 -44 -45 46 47 48 -49 -50 0
uf50-0326 7599 -1 2 3 4 5 6 -7 -8 9 10 -11 -12 -13 14 -15 16 -17 18 19 20 21 -22 23 24 -25 26 -27 28 -29 -30 31 -32 -33 -34 35 36 37 -38 -39 40 -41 42 43 -44 -45 46 47 48 -49 -50 0
uf50-0326 8940 -1 2 3 4 5 6 -7 -8 -9 10 11 -12 13 14 -15 -16 -17 -18 -19 -20 -21 -22 23 24 -25 26 27 -28 -29 30 -31 -32 33 -34 35 36 -37 -38 -39 40 41 42 43 -44 45 46 -47 48 -49 -50 0
uf50-0326 8940 -1 2 3 4 5 6 -7 -8 -9 10 11 -12 13 14 -15 -16 -17 -18 -19 -20 -21 -22 23 24 -25 26 27 -28 -29 30 -31 -32 33 -34 35 36 -37 -38 -39 40 41 42 43 -44 45 46 -47 48 -49 -50 0
uf50-0326 8916 -1 2 3 4 5 6 -7 -8 -9 10 -11 -12 13 14 -15 -16 -17 -18 -19 -20 21 -22 23 24 -25 26 27 -28 -29 30 -31 -32 33 -34 35 36 -37 -38 -39 40 41 42 43 -44 45 46 -47 48 -49 -50 0
uf50-0326 7599 -1 2 3 4 5 6 -7 -8 9 10 -11 -12 -13 14 -15 16 -17 18 19 20 21 -22 23 24 -25 26 -27 28 -29 -30 31 -32 -33 -34 35 36 37 -38 -39 40 -41 42 43 -44 -45 46 47 48 -49 -50 0
uf50-0326 8482 -1 2 3 4 5 -6 -7 -8 -9 10 11 -12 13 14 -15 -16 17 -18 -19 -20 -21 -22 23 24 -25 26 -27 -28 -29 30 -31 -32 33 -34 -35 36 -37 -38 -39 40 41 42 43 -44 45 46 -47 48 -49 -50 0
uf50-0326 7599 -1 2 3 4 5 6 -7 -8 9 10 -11 -12 -13 14 -15 16 -17 18 19 20 21 -22 23 24 -25 26 -27 28 -29 -30 31 -32 -33 -34 35 36 37 -38 -39 40 -41 42 43 -44 -45 46 47 48 -49 -50 0
uf50-0326 7599 -1 2 3 4 5 6 -7 -8 9 10 -11 -12 -13 14 -15 16 -17 18 19 20 21 -22 23 24 -25 26 -27 28 -29 -30 31 -32 -33 -34 35 36 37 -38 -39 40 -41 42 43 -44 -45 46 47 48 -49 -50 0
uf50-0326 7599 -1 2 3 4 5 6 -7 -8 9 10 -11 -12 -13 14 -15 16 -17 18 19 20 21 -22 23 24 -25 26 -27 28 -29 -30 31 -32 -33 -34 35 36 37 -38 -39 40 -41 42 43 -44 -45 46 47 48 -49 -50 0
uf50-0326 8940 -1 2 3 4 5 6 -7 -8 -9 10 11 -12 13 14 -15 -16 -17 -18 -19 -20 -21 -22 23 24 -25 26 27 -28 -29 30 -31 -32 33 -34 35 36 -37 -38 -39 40 41 42 43 -44 45 46 -47 48 -49 -50 0
uf50-0326 7599 -1 2 3 4 5 6 -7 -8 9 10 -11 -12 -13 14 -15 16 -17 18 19 20 21 -22 23 24 -25 26 -27 28 -29 -30 31 -32 -33 -34 35 36 37 -38 -39 40 -41 42 43 -44 -45 46 47 48 -49 -50 0
uf50-0326 8916 -1 2 3 4 5 6 -7 -8 -9 10 -11 -12 13 14 -15 -16 -17 -18 -19 -20 21 -22 23 24 -25 26 27 -28 -29 30 -31 -32 33 -34 35 36 -37 -38 -39 40 41 42 43 -44 45 46 -47 48 -49 -50 0
uf50-0326 8916 -1 2 3 4 5 6 -7 -8 -9 10 -11 -12 13 14 -15 -16 -17 -18 -19 -20 21 -22 23 24 -25 26 27 -28 -29 30 -31 -32 33 -34 35 36 -37 -38 -39 40 41 42 43 -44 45 46 -47 48 -49 -50 0
uf50-0326 7599 -1 2 3 4 5 6 -7 -8 9 10 -11 -12 -13 14 -15 16 -17 18 19 20 21 -22 23 24 -25 26 -27 28 -29 -30 31 -32 -33 -34 35 36 37 -38 -39 40 -41 42 43 -44 -45 46 47 48 -49 -50 0
uf50-0326 7382 -1 2 3 4 5 -6 -7 -8 9 10 -11 -12 -13 14 -15 16 -17 18 19 20 21 -22 23 24 -25 26 -27 28 -29 -30 31 -32 -33 -34 35 36 37 -38 -39 40 -41 42 43 -44 -45 46 47 48 -49 -50 0
uf50-0326 8531 -1 2 3 4 5 -6 -7 -8 -9 10 11 -12 13 14 -15 -16 17 -18 -19 -20 -21 -22 23 24 -25 26 -27 -28 -29 30 -31 -32 33 34 -35 36 -37 -38 -39 40 41 42 43 -44 45 46 -47 48 -49 -50 0
uf50-0326 7599 -1 2 3 4 5 6 -7 -8 9 10 -11 -12 -13 14 -15 16 -17 18 19 20 21 -22 23 24 -25 26 -27 28 -29 -30 31 -32 -33 -34 35 36 37 -38 -39 40 -41 42 43 -44 -45 46 47 48 -49 -50 0
uf50-0326 8940 -1 2 3 4 5 6 -7 -8 -9 10 11 -12 13 14 -15 -16 -17 -18 -19 -20 -21 -22 23 24 -25 26 27 -28 -29 30 -31 -32 33 -34 35 36 -37 -38 -39 40 41 42 43 -44 45 46 -47 48 -49 -50 0
uf50-0326 7599 -1 2 3 4 5 6 -7 -8 9 10 -11 -12 -13 14 -15 16 -17 18 19 20 21 -22 23 24 -25 26 -27 28 -29 -30 31 -32 -33 -34 35 36 37 -38 -39 40 -41 42 43 -44 -45 46 47 48 -49 -50 0
uf50-0326 7599 -1 2 3 4 5 6 -7 -8 9 10 -11 -12 -13 14 -15 16 -17 18 19 20 21 -22 23 24 -25 26 -27 28 -29 -30 31 -32 -33 -34 35 36 37 -38 -39 40 -41 42 43 -44 -45 46 47 48 -49 -50 0
uf50-0326 7599 -1 2 3 4 5 6 -7 -8 9 10 -11 -12 -13 14 -15 16 -17 18 19 20 21 -22 23 24 -25 26 -27 28 -29 -30 31 -32 -33 -34 35 36 37 -38 -39 40 -41 42 43 -44 -45 46 47 48 -49 -50 0
uf50-0326 8531 -1 2 3 4 5 -6 -7 -8 -9 10 11 -12 13 14 -15 -16 17 -18 -19 -20 -21 -22 23 24 -25 26 -27 -28 -29 30 -31 -32 33 34 -35 36 -37 -38 -39 40 41 42 43 -44 45 46 -47 48 -49 -50 0
uf50-0326 7599 -1 2 3 4 5 6 -7 -8 9 10 -11 -12 -13 14 -15 16 -17 18 19 20 21 -22 23 24 -25 26 -27 28 -29 -30 31 -32 -33 -34 35 36 37 -38 -39 40 -41 42 43 -44 -45 46 47 48 -49 -50 0
uf50-0326 7599 -1 2 3 4 5 6 -7 -8 9 10 -11 -12 -13 14 -15 16 -17 18 19 20 21 -22 23 24 -25 26 -27 28 -29 -30 31 -32 -33 -34 35 36 37 -38 -39 40 -41 42 43 -44 -45 46 47 48 -49 -50 0
uf50-0326 8916 -1 2 3 4 5 6 -7 -8 -9 10 -11 -12 13 14 -15 -16 -17 -18 -19 -20 21 -22 23 24 -25 26 27 -28 -29 30 -31 -32 33 -34 35 36 -37 -38 -39 40 41 42 43 -44 45 46 -47 48 -49 -50 0
uf50-0326 7599 -1 2 3 4 5 6 -7 -8 9 10 -11 -12 -13 14 -15 16 -17 18 19 20 21 -22 23 24 -25 26 -27 28 -29 -30 31 -32 -33 -34 35 36 37 -38 -39 40 -41 42 43 -44 -45 46 47 48 -49 -50 0
uf50-0326 7599 -1 2 3 4 5 6 -7 -8 9 10 -11 -12 -13 14 -15 16 -17 18 19 20 21 -22 23 24 -25 26 -27 28 -29 -30 31 -32 -33 -34 35 36 37 -38 -39 40 -41 42 43 -44 -45 46 47 48 -49 -50 0
uf50-0326 8940 -1 2 3 4 5 6 -7 -8 -9 10 11 -12 13 14 -15 -16 -17 -18 -19 -20 -21 -22 23 24 -25 26 27 -28 -29 30 -31 -32 33 -34 35 36 -37 -38 -39 40 41 42 43 -44 45 46 -47 48 -49 -50 0
uf50-0326 7599 -1 2 3 4 5 6 -7 -8 9 10 -11 -12 -13 14 -15 16 -17 18 19 20 21 -22 23 24 -25 26 -27 28 -29 -30 31 -32 -33 -34 35 36 37 -38 -39 40 -41 42 43 -44 -45 46 47 48 -49 -50 0
uf50-0326 8940 -1 2 3 4 5 6 -7 -8 -9 10 11 -12 13 14 -15 -16 -17 -18 -19 -20 -21 -22 23 24 -25 26 27 -28 -29 30 -31 -32 33 -34 35 36 -37 -38 -39 40 41 42 43 -44 45 46 -47 48 -49 -50 0
uf50-0326 8531 -1 2 3 4 5 -6 -7 -8 -9 10 11 -12 13 14 -15 -16 17 -18 -19 -20 -21 -22 23 24 -25 26 -27 -28 -29 30 -31 -32 33 34 -35 36 -37 -38 -39 40 41 42 43 -44 45 46 -47 48 -49 -50 0
uf50-0326 7599 -1 2 3 4 5 6 -7 -8 9 10 -11 -12 -13 14 -15 16 -17 18 19 20 21 -22 23 24 -25 26 -27 28 -29 -30 31 -32 -33 -34 35 36 37 -38 -39 40 -41 42 43 -44 -45 46 47 48 -49 -50 0
uf50-0326 7599 -1 2 3 4 5 6 -7 -8 9 10 -11 -12 -13 14 -15 16 -17 18 19 20 21 -22 23 24 -25 26 -27 28 -29 -30 31 -32 -33 -34 35 36 37 -38 -39 40 -41 42 43 -44 -45 46 47 48 -49 -50 0
uf50-0326 8940 -1 2 3 4 5 6 -7 -8 -9 10 11 -12 13 14 -15 -16 -17 -18 -19 -20 -21 -22 23 24 -25 26 27 -28 -29 30 -31 -32 33 -34 35 36 -37 -38 -39 40 41 42 43 -44 45 46 -47 48 -49 -50 0
uf50-0326 8940 -1 2 3 4 5 6 -7 -8 -9 10 11 -12 13 14 -15 -16 -17 -18 -19 -20 -21 -22 23 24 -25 26 27 -28 -29 30 -31 -32 33 -34 35 36 -37 -38 -39 40 41 42 43 -44 45 46 -47 48 -49 -50 0
uf50-0326 7599 -1 2 3 4 5 6 -7 -8 9 10 -11 -12 -13 14 -15 16 -17 18 19 20 21 -22 23 24 -25 26 -27 28 -29 -30 31 -32 -33 -34 35 36 37 -38 -39 40 -41 42 43 -44 -45 46 47 48 -49 -50 0
uf50-0326 8940 -1 2 3 4 5 6 -7 -8 -9 10 11 -12 13 14 -15 -16 -17 -18 -19 -20 -21 -22 23 24 -25 26 27 -28 -29 30 -31 -32 33 -34 35 36 -37 -38 -39 40 41 42 43 -44 45 46 -47 48 -49 -50 0
uf50-0326 8940 -1 2 3 4 5 6 -7 -8 -9 10 11 -12 13 14 -15 -16 -17 -18 -19 -20 -21 -22 23 24 -25 26 27 -28 -29 30 -31 -32 33 -34 35 36 -37 -38 -39 40 41 42 43 -44 45 46 -47 48 -49 -50 0
uf50-0326 7599 -1 2 3 4 5 6 -7 -8 9 10 -11 -12 -13 14 -15 16 -17 18 19 20 21 -22 23 24 -25 26 -27 28 -29 -30 31 -32 -33 -34 35 36 37 -38 -39 40 -41 42 43 -44 -45 46 47 48 -49 -50 0
uf50-0326 7599 -1 2 3 4 5 6 -7 -8 9 10 -11 -12 -13 14 -15 16 -17 18 19 20 21 -22 23 24 -25 26 -27 28 -29 -30 31 -32 -33 -34 35 36 37 -38 -39 40 -41 42 43 -44 -45 46 47 48 -49 -50 0
uf50-0326 7599 -1 2 3 4 5 6 -7 -8 9 10 -11 -12 -13 14 -15 16 -17 18 19 20 21 -22 23 24 -25 26 -27 28 -29 -30 31 -32 -33 -34 35 36 37 -38 -39 40 -41 42 43 -44 -45 46 47 48 -49 -50 0
uf50-0326 7599 -1 2 3 4 5 6 -7 -8 9 10 -11 -12 -13 14 -15 16 -17 18 19 20 21 -22 23 24 -25 26 -27 28 -29 -30 31 -32 -33 -34 35 36 37 -38 -39 40 -41 42 43 -44 -45 46 47 48 -49 -50 0
uf50-0326 7599 -1 2 3 4 5 6 -7 -8 9 10 -11 -12 -13 14 -15 16 -17 18 19 20 21 -22 23 24 -25 26 -27 28 -29 -30 31 -32 -33 -34 35 36 37 -38 -39 40 -41 42 43 -44 -45 46 47 48 -49 -50 0
uf50-0326 7599 -1 2 3 4 5 6 -7 -8 9 10 -11 -12 -13 14 -15 16 -17 18 19 20 21 -22 23 24 -25 26 -27 28 -29 -30 31 -32 -33 -34 35 36 37 -38 -39 40 -41 42 43 -44 -45 46 47 48 -49 -50 0
uf50-0326 7599 -1 2 3 4 5 6 -7 -8 9 10 -11 -12 -13 14 -15 16 -17 18 19 20 21 -22 23 24 -25 26 -27 28 -29 -30 31 -32 -33 -34 35 36 37 -38 -39 40 -41 42 43 -44 -45 46 47 48 -49 -50 0
uf50-0326 7599 -1 2 3 4 5 6 -7 -8 9 10 -11 -12 -13 14 -15 16 -17 18 19 20 21 -22 23 24 -25 26 -27 28 -29 -30 31 -32 -33 -34 35 36 37 -38 -39 40 -41 42 43 -44 -45 46 47 48 -49 -50 0
uf50-0326 8940 -1 2 3 4 5 6 -7 -8 -9 10 11 -12 13 14 -15 -16 -17 -18 -19 -20 -21 -22 23 24 -25 26 27 -28 -29 30 -31 -32 33 -34 35 36 -37 -38 -39 40 41 42 43 -44 45 46 -47 48 -49 -50 0
uf50-0326 7599 -1 2 3 4 5 6 -7 -8 9 10 -11 -12 -13 14 -15 16 -17 18 19 20 21 -22 23 24 -25 26 -27 28 -29 -30 31 -32 -33 -34 35 36 37 -38 -39 40 -41 42 43 -44 -45 46 47 48 -49 -50 0
uf50-0326 8916 -1 2 3 4 5 6 -7 -8 -9 10 -11 -12 13 14 -15 -16 -17 -18 -19 -20 21 -22 23 24 -25 26 27 -28 -29 30 -31 -32 33 -34 35 36 -37 -38 -39 40 41 42 43 -44 45 46 -47 48 -49 -50 0
uf50-0326 7599 -1 2 3 4 5 6 -7 -8 9 10 -11 -12 -13 14 -15 16 -17 18 19 20 21 -22 23 24 -25 26 -27 28 -29 -30 31 -32 -33 -34 35 36 37 -38 -39 40 -41 42 43 -44 -45 46 47 48 -49 -50 0
uf50-0326 7599 -1 2 3 4 5 6 -7 -8 9 10 -11 -12 -13 14 -15 16 -17 18 19 20 21 -22 23 24 -25 26 -27 28 -29 -30 31 -32 -33 -34 35 36 37 -38 -39 40 -41 42 43 -44 -45 46 47 48 -49 -50 0
uf50-0326 8940 -1 2 3 4 5 6 -7 -8 -9 10 11 -12 13 14 -15 -16 -17 -18 -19 -20 -21 -22 23 24 -25 26 27 -28 -29 30 -31 -32 33 -34 35 36 -37 -38 -39 40 41 42 43 -44 45 46 -47 48 -49 -50 0
uf50-0326 8531 -1 2 3 4 5 -6 -7 -8 -9 10 11 -12 13 14 -15 -16 17 -18 -19 -20 -21 -22 23 24 -25 26 -27 -28 -29 30 -31 -32 33 34 -35 36 -37 -38 -39 40 41 42 43 -44 45 46 -47 48 -49 -50 0
uf50-0326 7599 -1 2 3 4 5 6 -7 -8 9 10 -11 -12 -13 14 -15 16 -17 18 19 20 21 -22 23 24 -25 26 -27 28 -29 -30 31 -32 -33 -34 35 36 37 -38 -39 40 -41 42 43 -44 -45 46 47 48 -49 -50 0
uf50-0326 7599 -1 2 3 4 5 6 -7 -8 9 10 -11 -12 -13 14 -15 16 -17 18 19 20 21 -22 23 24 -25 26 -27 28 -29 -30 31 -32 -33 -34 35 36 37 -38 -39 40 -41 42 43 -44 -45 46 47 48 -49 -50 0
uf50-0326 7599 -1 2 3 4 5 6 -7 -8 9 10 -11 -12 -13 14 -15 16 -17 18 19 20 21 -22 23 24 -25 26 -27 28 -29 -30 31 -32 -33 -34 35 36 37 -38 -39 40 -41 42 43 -44 -45 46 47 48 -49 -50 0
uf50-0326 7599 -1 2 3 4 5 6 -7 -8 9 10 -11 -12 -13 14 -15 16 -17 18 19 20 21 -22 23 24 -25 26 -27 28 -29 -30 31 -32 -33 -34 35 36 37 -38 -39 40 -41 42 43 -44 -45 46 47 48 -49 -50 0
uf50-0326 7599 -1 2 3 4 5 6 -7 -8 9 10 -11 -12 -13 14 -15 16 -17 18 19 20 21 -22 23 24 -25 26 -27 28 -29 -30 31 -32 -33 -34 35 36 37 -38 -39 40 -41 42 43 -44 -45 46 47 48 -49 -50 0
uf50-0326 7599 -1 2 3 4 5 6 -7 -8 9 10 -11 -12 -13 14 -15 16 -17 18 19 20 21 -22 23 24 -25 26 -27 28 -29 -30 31 -32 -33 -34 35 36 37 -38 -39 40 -41 42 43 -44 -45 46 47 48 -49 -50 0
uf50-0326 8940 -1 2 3 4 5 6 -7 -8 -9 10 11 -12 13 14 -15 -16 -17 -18 -19 -20 -21 -22 23 24 -25 26 27 -28 -29 30 -31 -32 33 -34 35 36 -37 -38 -39 40 41 42 43 -44 45 46 -47 48 -49 -50 0
uf50-0326 7599 -1 2 3 4 5 6 -7 -8 9 10 -11 -12 -13 14 -15 16 -17 18 19 20 21 -22 23 24 -25 26 -27 28 -29 -30 31 -32 -33 -34 35 36 37 -38 -39 40 -41 42 43 -44 -45 46 47 48 -49 -50 0
uf50-0326 7599 -1 2 3 4 5 6 -7 -8 9 10 -11 -12 -13 14 -15 16 -17 18 19 20 21 -22 23 24 -25 26 -27 28 -29 -30 31 -32 -33 -34 35 36 37 -38 -39 40 -41 42 43 -44 -45 46 47 48 -49 -50 0
uf50-0326 7599 -1 2 3 4 5 6 -7 -8 9 10 -11 -12 -13 14 -15 16 -17 18 19 20 21 -22 23 24 -25 26 -27 28 -29 -30 31 -32 -33 -34 35 36 37 -38 -39 40 -41 42 43 -44 -45 46 47 48 -49 -50 0
uf50-0326 7599 -1 2 3 4 5 6 -7 -8 9 10 -11 -12 -13 14 -15 16 -17 18 19 20 21 -22 23 24 -25 26 -27 28 -29 -30 31 -32 -33 -34 35 36 37 -38 -39 40 -41 42 43 -44 -45 46 47 48 -49 -50 0
uf50-0326 7599 -1 2 3 4 5 6 -7 -8 9 10 -11 -12 -13 14 -15 16 -17 18 19 20 21 -22 23 24 -25 26 -27 28 -29 -30 31 -32 -33 -34 35 36 37 -38 -39 40 -41 42 43 -44 -45 46 47 48 -49 -50 0
uf50-0326 7599 -1 2 3 4 5 6 -7 -8 9 10 -11 -12 -13 14 -15 16 -17 18 19 20 21 -22 23 24 -25 26 -27 28 -29 -30 31 -32 -33 -34 35 36 37 -38 -39 40 -41 42 43 -44 -45 46 47 48 -49 -50 0
uf50-0326 7599 -1 2 3 4 5 6 -7 -8 9 10 -11 -12 -13 14 -15 16 -17 18 19 20 21 -22 23 24 -25 26 -27 28 -29 -30 31 -32 -33 -34 35 36 37 -38 -39 40 -41 42 43 -44 -45 46 47 48 -49 -50 0
uf50-0326 8940 -1 2 3 4 5 6 -7 -8 -9 10 11 -12 13 14 -15 -16 -17 -18 -19 -20 -21 -22 23 24 -25 26 27 -28 -29 30 -31 -32 33 -34 35 36 -37 -38 -39 40 41 42 43 -44 45 46 -47 48 -49 -50 0
uf50-0326 7599 -1 2 3 4 5 6 -7 -8 9 10 -11 -12 -13 14 -15 16 -17 18 19 20 21 -22 23 24 -25 26 -27 28 -29 -30 31 -32 -33 -34 35 36 37 -38 -39 40 -41 42 43 -44 -45 46 47 48 -49 -50 0
uf50-0326 7599 -1 2 3 4 5 6 -7 -8 9 10 -11 -12 -13 14 -15 16 -17 18 19 20 21 -22 23 24 -25 26 -27 28 -29 -30 31 -32 -33 -34 35 36 37 -38 -39 40 -41 42 43 -44 -45 46 47 48 -49 -50 0
uf50-0326 7599 -1 2 3 4 5 6 -7 -8 9 10 -11 -12 -13 14 -15 16 -17 18 19 20 21 -22 23 24 -25 26 -27 28 -29 -30 31 -32 -33 -34 35 36 37 -38 -39 40 -41 42 43 -44 -45 46 47 48 -49 -50 0
uf50-0326 7599 -1 2 3 4 5 6 -7 -8 9 10 -11 -12 -13 14 -15 16 -17 18 19 20 21 -22 23 24 -25 26 -27 28 -29 -30 31 -32 -33 -34 35 36 37 -38 -39 40 -41 42 43 -44 -45 46 47 48 -49 -50 0
uf50-0326 8940 -1 2 3 4 5 6 -7 -8 -9 10 11 -12 13 14 -15 -16 -17 -18 -19 -20 -21 -22 23 24 -25 26 27 -28 -29 30 -31 -32 33 -34 35 36 -37 -38 -39 40 41 42 43 -44 45 46 -47 48 -49 -50 0
uf50-0326 7382 -1 2 3 4 5 -6 -7 -8 9 10 -11 -12 -13 14 -15 16 -17 18 19 20 21 -22 23 24 -25 26 -27 28 -29 -30 31 -32 -33 -34 35 36 37 -38 -39 40 -41 42 43 -44 -45 46 47 48 -49 -50 0
uf50-0326 8940 -1 2 3 4 5 6 -7 -8 -9 10 11 -12 13 14 -15 -16 -17 -18 -19 -20 -21 -22 23 24 -25 26 27 -28 -29 30 -31 -32 33 -34 35 36 -37 -38 -39 40 41 42 43 -44 45 46 -47 48 -49 -50 0
uf50-0326 7599 -1 2 3 4 5 6 -7 -8 9 10 -11 -12 -13 14 -15 16 -17 18 19 20 21 -22 23 24 -25 26 -27 28 -29 -30 31 -32 -33 -34 35 36 37 -38 -39 40 -41 42 43 -44 -45 46 47 48 -49 -50 0
uf50-0326 7599 -1 2 3 4 5 6 -7 -8 9 10 -11 -12 -13 14 -15 16 -17 18 19 20 21 -22 23 24 -25 26 -27 28 -29 -30 31 -32 -33 -34 35 36 37 -38 -39 40 -41 42 43 -44 -45 46 47 48 -49 -50 0
uf50-0326 8531 -1 2 3 4 5 -6 -7 -8 -9 10 11 -12 13 14 -15 -16 17 -18 -19 -20 -21 -22 23 24 -25 26 -27 -28 -29 30 -31 -32 33 34 -35 36 -37 -38 -39 40 41 42 43 -44 45 46 -47 48 -49 -50 0
uf50-0326 7599 -1 2 3 4 5 6 -7 -8 9 10 -11 -12 -13 14 -15 16 -17 18 19 20 21 -22 23 24 -25 26 -27 28 -29 -30 31 -32 -33 -34 35 36 37 -38 -39 40 -41 42 43 -44 -45 46 47 48 -49 -50 0
uf50-0326 7599 -1 2 3 4 5 6 -7 -8 9 10 -11 -12 -13 14 -15 16 -17 18 19 20 21 -22 23 24 -25 26 -27 28 -29 -30 31 -32 -33 -34 35 36 37 -38 -39 40 -41 42 43 -44 -45 46 47 48 -49 -50 0
uf50-0326 7599 -1 2 3 4 5 6 -7 -8 9 10 -11 -12 -13 14 -15 16 -17 18 19 20 21 -22 23 24 -25 26 -27 28 -29 -30 31 -32 -33 -34 35 36 37 -38 -39 40 -41 42 43 -44 -45 46 47 48 -49 -50 0
uf50-0326 7599 -1 2 3 4 5 6 -7 -8 9 10 -11 -12 -13 14 -15 16 -17 18 19 20 21 -22 23 24 -25 26 -27 28 -29 -30 31 -32 -33 -34 35 36 37 -38 -39 40 -41 42 43 -44 -45 46 47 48 -49 -50 0
uf50-0326 7599 -1 2 3 4 5 6 -7 -8 9 10 -11 -12 -13 14 -15 16 -17 18 19 20 21 -22 23 24 -25 26 -27 28 -29 -30 31 -32 -33 -34 35 36 37 -38 -39 40 -41 42 43 -44 -45 46 47 48 -49 -50 0
uf50-0326 7599 -1 2 3 4 5 6 -7 -8 9 10 -11 -12 -13 14 -15 16 -17 18 19 20 21 -22 23 24 -25 26 -27 28 -29 -30 31 -32 -33 -34 35 36 37 -38 -39 40 -41 42 43 -44 -45 46 47 48 -49 -50 0
uf50-0326 7599 -1 2 3 4 5 6 -7 -8 9 10 -11 -12 -13 14 -15 16 -17 18 19 20 21 -22 23 24 -25 26 -27 28 -29 -30 31 -32 -33 -34 35 36 37 -38 -39 40 -41 42 43 -44 -45 46 47 48 -49 -50 0
uf50-0326 8940 -1 2 3 4 5 6 -7 -8 -9 10 11 -12 13 14 -15 -16 -17 -18 -19 -20 -21 -22 23 24 -25 26 27 -28 -29 30 -31 -32 33 -34 35 36 -37 -38 -39 40 41 42 43 -44 45 46 -47 48 -49 -50 0
uf50-0326 7599 -1 2 3 4 5 6 -7 -8 9 10 -11 -12 -13 14 -15 16 -17 18 19 20 21 -22 23 24 -25 26 -27 28 -29 -30 31 -32 -33 -34 35 36 37 -38 -39 40 -41 42 43 -44 -45 46 47 48 -49 -50 0
uf50-0326 8531 -1 2 3 4 5 -6 -7 -8 -9 10 11 -12 13 14 -15 -16 17 -18 -19 -20 -21 -22 23 24 -25 26 -27 -28 -29 30 -31 -32 33 34 -35 36 -37 -38 -39 40 41 42 43 -44 45 46 -47 48 -49 -50 0
uf50-0326 7599 -1 2 3 4 5 6 -7 -8 9 10 -11 -12 -13 14 -15 16 -17 18 19 20 21 -22 23 24 -25 26 -27 28 -29 -30 31 -32 -33 -34 35 36 37 -38 -39 40 -41 42 43 -44 -45 46 47 48 -49 -50 0
uf50-0326 8916 -1 2 3 4 5 6 -7 -8 -9 10 -11 -12 13 14 -15 -16 -17 -18 -19 -20 21 -22 23 24 -25 26 27 -28 -29 30 -31 -32 33 -34 35 36 -37 -38 -39 40 41 42 43 -44 45 46 -47 48 -49 -50 0
uf50-0326 7599 -1 2 3 4 5 6 -7 -8 9 10 -11 -12 -13 14 -15 16 -17 18 19 20 21 -22 23 24 -25 26 -27 28 -29 -30 31 -32 -33 -34 35 36 37 -38 -39 40 -41 42 43 -44 -45 46 47 48 -49 -50 0
uf50-0326 7599 -1 2 3 4 5 6 -7 -8 9 10 -11 -12 -13 14 -15 16 -17 18 19 20 21 -22 23 24 -25 26 -27 28 -29 -30 31 -32 -33 -34 35 36 37 -38 -39 40 -41 42 43 -44 -45 46 47 48 -49 -50 0
uf50-0326 7599 -1 2 3 4 5 6 -7 -8 9 10 -11 -12 -13 14 -15 16 -17 18 19 20 21 -22 23 24 -25 26 -27 28 -29 -30 31 -32 -33 -34 35 36 37 -38 -39 40 -41 42 43 -44 -45 46 47 48 -49 -50 0
uf50-0326 8940 -1 2 3 4 5 6 -7 -8 -9 10 11 -12 13 14 -15 -16 -17 -18 -19 -20 -21 -22 23 24 -25 26 27 -28 -29 30 -31 -32 33 -34 35 36 -37 -38 -39 40 41 42 43 -44 45 46 -47 48 -49 -50 0
uf50-0326 8361 -1 2 3 4 5 -6 -7 -8 -9 10 -11 -12 13 14 -15 -16 -17 -18 -19 -20 21 -22 23 24 -25 26 -27 -28 -29 30 -31 -32 33 -34 -35 36 -37 -38 -39 40 41 42 43 -44 45 46 -47 48 -49 -50 0
uf50-0326 7599 -1 2 3 4 5 6 -7 -8 9 10 -11 -12 -13 14 -15 16 -17 18 19 20 21 -22 23 24 -25 26 -27 28 -29 -30 31 -32 -33 -34 35 36 37 -38 -39 40 -41 42 43 -44 -45 46 47 48 -49 -50 0
