uf50-0703 11401 1 -2 3 4 5 6 -7 8 9 10 -11 -12 13 -14 -15 16 17 18 -19 20 -21 22 -23 -24 -25 26 27 -28 -29 30 -31 32 33 34 -35 -36 37 38 39 40 41 42 43 -44 45 46 -47 -48 49 50 0
uf50-0703 11401 1 -2 3 4 5 6 -7 8 9 10 -11 -12 13 -14 -15 16 17 18 -19 20 -21 22 -23 -24 -25 26 27 -28 -29 30 -31 32 33 34 -35 -36 37 38 39 40 41 42 43 -44 45 46 -47 -48 49 50 0
uf50-0703 11401 1 -2 3 4 5 6 -7 8 9 10 -11 -12 13 -14 -15 16 17 18 -19 20 -21 22 -23 -24 -25 26 27 -28 -29 30 -31 32 33 34 -35 -36 37 38 39 40 41 42 43 -44 45 46 -47 -48 49 50 0
uf50-0703 11401 1 -2 3 4 5 6 -7 8 9 10 -11 -12 13 -14 -15 16 17 18 -19 20 -21 22 -23 -24 -25 26 27 -28 -29 30 -31 32 33 34 -35 -36 37 38 39 40 41 42 43 -44 45 46 -47 -48 49 50 0
uf50-0703 11401 1 -2 3 4 5 6 -7 8 9 10 -11 -12 13 -14 -15 16 17 18 -19 20 -21 22 -23 -24 -25 26 27 -28 -29 30 -31 32 33 34 -35 -36 37 38 39 40 41 42 43 -44 45 46 -47 -48 49 50 0
uf50-0703 11401 1 -2 3 4 5 6 -7 8 9 10 -11 -12 13 -14 -15 16 17 18 -19 20 -21 22 -23 -24 -25 26 27 -28 -29 30 -31 32 33 34 -35 -36 37 38 39 40 41 42 43 -44 45 46 -47 -48 49 50 0
uf50-0703 11401 1 -2 3 4 5 6 -7 8 9 10 -11 -12 13 -14 -15 16 17 18 -19 20 -21 22 -23 -24 -25 26 27 -28 -29 30 -31 32 33 34 -35 -36 37 38 39 40 41 42 43 -44 45 46 -47 -48 49 50 0
uf50-0703 11401 1 -2 3 4 5 6 -7 8 9 10 -11 -12 13 -14 -15 16 17 18 -19 20 -21 22 -23 -24 -25 26 27 -28 -29 30 -31 32 33 34 -35 -36 37 38 39 40 41 42 43 -44 45 46 -47 -48 49 50 0
uf50-0703 11401 1 -2 3 4 5 6 -7 8 9 10 -11 -12 13 -14 -15 16 17 18 -19 20 -21 22 -23 -24 -25 26 27 -28 -29 30 -31 32 33 34 -35 -36 37 38 39 40 41 42 43 -44 45 46 -47 -48 49 50 0
uf50-0703 11401 1 -2 3 4 5 6 -7 8 9 10 -11 -12 13 -14 -15 16 17 18 -19 20 -21 22 -23 -24 -25 26 27 -28 -29 30 -31 32 33 34 -35 -36 37 38 39 40 41 42 43 -44 45 46 -47 -48 49 50 0
uf50-0703 11401 1 -2 3 4 5 6 -7 8 9 10 -11 -12 13 -14 -15 16 17 18 -19 20 -21 22 -23 -24 -25 26 27 -28 -29 30 -31 32 33 34 -35 -36 37 38 39 40 41 42 43 -44 45 46 -47 -48 49 50 0
uf50-0703 11401 1 -2 3 4 5 6 -7 8 9 10 -11 -12 13 -14 -15 16 17 18 -19 20 -21 22 -23 -24 -25 26 27 -28 -29 30 -31 32 33 34 -35 -36 37 38 39 40 41 42 43 -44 45 46 -47 -48 49 50 0
uf50-0703 11401 1 -2 3 4 5 6 -7 8 9 10 -11 -12 13 -14 -15 16 17 18 -19 20 -21 22 -23 -24 -25 26 27 -28 -29 30 -31 32 33 34 -35 -36 37 38 39 40 41 42 43 -44 45 46 -47 -48 49 50 0
uf50-0703 11401 1 -2 3 4 5 6 -7 8 9 10 -11 -12 13 -14 -15 16 17 18 -19 20 -21 22 -23 -24 -25 26 27 -28 -29 30 -31 32 33 34 -35 -36 37 38 39 40 41 42 43 -44 45 46 -47 -48 49 50 0
uf50-0703 10803 1 -2 3 4 5 6 -7 8 9 10 -11 -12 13 -14 -15 16 17 18 -19 20 -21 -22 -23 -24 -25 26 27 -28 -29 30 -31 32 33 34 -35 -36 37 38 39 40 41 42 -43 -44 45 46 -47 -48 49 50 0
uf50-0703 11401 1 -2 3 4 5 6 -7 8 9 10 -11 -12 13 -14 -15 16 17 18 -19 20 -21 22 -23 -24 -25 26 27 -28 -29 30 -31 32 33 34 -35 -36 37 38 39 40 41 42 43 -44 45 46 -47 -48 49 50 0
uf50-0703 11401 1 -2 3 4 5 6 -7 8 9 10 -11 -12 13 -14 -15 16 17 18 -19 20 -21 22 -23 -24 -25 26 27 -28 -29 30 -31 32 33 34 -35 -36 37 38 39 40 41 42 43 -44 45 46 -47 -48 49 50 0
uf50-0703 11401 1 -2 3 4 5 6 -7 8 9 10 -11 -12 13 -14 -15 16 17 18 -19 20 -21 22 -23 -24 -25 26 27 -28 -29 30 -31 32 33 34 -35 -36 37 38 39 40 41 42 43 -44 45 46 -47 -48 49 50 0
uf50-0703 11401 1 -2 3 4 5 6 -7 8 9 10 -11 -12 13 -14 -15 16 17 18 -19 20 -21 22 -23 -24 -25 26 27 -28 -29 30 -31 32 33 34 -35 -36 37 38 39 40 41 42 43 -44 45 46 -47 -48 49 50 0
uf50-0703 11401 1 -2 3 4 5 6 -7 8 9 10 -11 -12 13 -14 -15 16 17 18 -19 20 -21 22 -23 -24 -25 26 27 -28 -29 30 -31 32 33 34 -35 -36 37 38 39 40 41 42 43 -44 45 46 -47 -48 49 50 0
uf50-0703 11401 1 -2 3 4 5 6 -7 8 9 10 -11 -12 13 -14 -15 16 17 18 -19 20 -21 22 -23 -24 -25 26 27 -28 -29 30 -31 32 33 34 -35 -36 37 38 39 40 41 42 43 -44 45 46 -47 -48 49 50 0
uf50-0703 11401 1 -2 3 4 5 6 -7 8 9 10 -11 -12 13 -14 -15 16 17 18 -19 20 -21 22 -23 -24 -25 26 27 -28 -29 30 -31 32 33 34 -35 -36 37 38 39 40 41 42 43 -44 45 46 -47 -48 49 50 0
uf50-0703 11124 1 -2 3 4 5 -6 -7 8 9 10 -11 -12 13 -14 -15 16 17 18 -19 20 -21 22 -23 -24 -25 26 -27 -28 -29 30 -31 32 33 34 -35 -36 37 38 39 40 41 42 43 -44 45 46 -47 -48 49 50 0
uf50-0703 11401 1 -2 3 4 5 6 -7 8 9 10 -11 -12 13 -14 -15 16 17 18 -19 20 -21 22 -23 -24 -25 26 27 -28 -29 30 -31 32 33 34 -35 -36 37 38 39 40 41 42 43 -44 45 46 -47 -48 49 50 0
uf50-0703 11401 1 -2 3 4 5 6 -7 8 9 10 -11 -12 13 -14 -15 16 17 18 -19 20 -21 22 -23 -24 -25 26 27 -28 -29 30 -31 32 33 34 -35 -36 37 38 39 40 41 42 43 -44 45 46 -47 -48 49 50 0
uf50-0703 11040 1 -2 3 4 5 -6 -7 8 9 10 -11 -12 13 -14 -15 16 17 18 -19 20 -21 22 -23 -24 -25 26 27 -28 -29 30 -31 32 33 34 -35 -36 37 38 39 40 41 42 -43 -44 45 46 -47 -48 49 50 0
uf50-0703 11401 1 -2 3 4 5 6 -7 8 9 10 -11 -12 13 -14 -15 16 17 18 -19 20 -21 22 -23 -24 -25 26 27 -28 -29 30 -31 32 33 34 -35 -36 37 38 39 40 41 42 43 -44 45 46 -47 -48 49 50 0
uf50-0703 11401 1 -2 3 4 5 6 -7 8 9 10 -11 -12 13 -14 -15 16 17 18 -19 20 -21 22 -23 -24 -25 26 27 -28 -29 30 -31 32 33 34 -35 -36 37 38 39 40 41 42 43 -44 45 46 -47 -48 49 50 0
uf50-0703 11401 1 -2 3 4 5 6 -7 8 9 10 -11 -12 13 -14 -15 16 17 18 -19 20 -21 22 -23 -24 -25 26 27 -28 -29 30 -31 32 33 34 -35 -36 37 38 39 40 41 42 43 -44 45 46 -47 -48 49 50 0
uf50-0703 11401 1 -2 3 4 5 6 -7 8 9 10 -11 -12 13 -14 -15 16 17 18 -19 20 -21 22 -23 -24 -25 26 27 -28 -29 30 -31 32 33 34 -35 -36 37 38 39 40 41 42 43 -44 45 46 -47 -48 49 50 0
uf50-0703 11401 1 -2 3 4 5 6 -7 8 9 10 -11 -12 13 -14 -15 16 17 18 -19 20 -21 22 -23 -24 -25 26 27 -28 -29 30 -31 32 33 34 -35 -36 37 38 39 40 41 42 43 -44 45 46 -47 -48 49 50 0
uf50-0703 11401 1 -2 3 4 5 6 -7 8 9 10 -11 -12 13 -14 -15 16 17 18 -19 20 -21 22 -23 -24 -25 26 27 -28 -29 30 -31 32 33 34 -35 -36 37 38 39 40 41 42 43 -44 45 46 -47 -48 49 50 0
uf50-0703 11401 1 -2 3 4 5 6 -7 8 9 10 -11 -12 13 -14 -15 16 17 18 -19 20 -21 22 -23 -24 -25 26 27 -28 -29 30 -31 32 33 34 -35 -36 37 38 39 40 41 42 43 -44 45 46 -47 -48 49 50 0
uf50-0703 11401 1 -2 3 4 5 6 -7 8 9 10 -11 -12 13 -14 -15 16 17 18 -19 20 -21 22 -23 -24 -25 26 27 -28 -29 30 -31 32 33 34 -35 -36 37 38 39 40 41 42 43 -44 45 46 -47 -48 49 50 0
uf50-0703 11254 1 -2 3 4 5 6 -7 8 9 10 -11 -12 13 -14 -15 16 17 18 -19 20 -21 22 -23 -24 -25 26 -27 -28 -29 30 -31 32 33 34 -35 -36 37 38 39 40 41 42 43 -44 45 46 -47 -48 49 50 0
uf50-0703 11401 1 -2 3 4 5 6 -7 8 9 10 -11 -12 13 -14 -15 16 17 18 -19 20 -21 22 -23 -24 -25 26 27 -28 -29 30 -31 32 33 34 -35 -36 37 38 39 40 41 42 43 -44 45 46 -47 -48 49 50 0
uf50-0703 11401 1 -2 3 4 5 6 -7 8 9 10 -11 -12 13 -14 -15 16 17 18 -19 20 -21 22 -23 -24 -25 26 27 -28 -29 30 -31 32 33 34 -35 -36 37 38 39 40 41 42 43 -44 45 46 -47 -48 49 50 0
uf50-0703 11401 1 -2 3 4 5 6 -7 8 9 10 -11 -12 13 -14 -15 16 17 18 -19 20 -21 22 -23 -24 -25 26 27 -28 -29 30 -31 32 33 34 -35 -36 37 38 39 40 41 42 43 -44 45 46 -47 -48 49 50 0
uf50-0703 11401 1 -2 3 4 5 6 -7 8 9 10 -11 -12 13 -14 -15 16 17 18 -19 20 -21 22 -23 -24 -25 26 27 -28 -29 30 -31 32 33 34 -35 -36 37 38 39 40 41 42 43 -44 45 46 -47 -48 49 50 0
uf50-0703 11401 1 -2 3 4 5 6 -7 8 9 10 -11 -12 13 -14 -15 16 17 18 -19 20 -21 22 -23 -24 -25 26 27 -28 -29 30 -31 32 33 34 -35 -36 37 38 39 40 41 42 43 -44 45 46 -47 -48 49 50 0
uf50-0703 11401 1 -2 3 4 5 6 -7 8 9 10 -11 -12 13 -14 -15 16 17 18 -19 20 -21 22 -23 -24 -25 26 27 -28 -29 30 -31 32 33 34 -35 -36 37 38 39 40 41 42 43 -44 45 46 -47 -48 49 50 0
uf50-0703 11401 1 -2 3 4 5 6 -7 8 9 10 -11 -12 13 -14 -15 16 17 18 -19 20 -21 22 -23 -24 -25 26 27 -28 -29 30 -31 32 33 34 -35 -36 37 38 39 40 41 42 43 -44 45 46 -47 -48 49 50 0
uf50-0703 11401 1 -2 3 4 5 6 -7 8 9 10 -11 -12 13 -14 -15 16 17 18 -19 20 -21 22 -23 -24 -25 26 27 -28 -29 30 -31 32 33 34 -35 -36 37 38 39 40 41 42 43 -44 45 46 -47 -48 49 50 0
uf50-0703 11401 1 -2 3 4 5 6 -7 8 9 10 -11 -12 13 -14 -15 16 17 18 -19 20 -21 22 -23 -24 -25 26 27 -28 -29 30 -31 32 33 34 -35 -36 37 38 39 40 41 42 43 -44 45 46 -47 -48 49 50 0
uf50-0703 11401 1 -2 3 4 5 6 -7 8 9 10 -11 -12 13 -14 -15 16 17 18 -19 20 -21 22 -23 -24 -25 26 27 -28 -29 30 -31 32 33 34 -35 -36 37 38 39 40 41 42 43 -44 45 46 -47 -48 49 50 0
uf50-0703 11401 1 -2 3 4 5 6 -7 8 9 10 -11 -12 13 -14 -15 16 17 18 -19 20 -21 22 -23 -24 -25 26 27 -28 -29 30 -31 32 33 34 -35 -36 37 38 39 40 41 42 43 -44 45 46 -47 -48 49 50 0
uf50-0703 11401 1 -2 3 4 5 6 -7 8 9 10 -11 -12 13 -14 -15 16 17 18 -19 20 -21 22 -23 -24 -25 26 27 -28 -29 30 -31 32 33 34 -35 -36 37 38 39 40 41 42 43 -44 45 46 -47 -48 49 50 0
uf50-0703 11401 1 -2 3 4 5 6 -7 8 9 10 -11 -12 13 -14 -15 16 17 18 -19 20 -21 22 -23 -24 -25 26 27 -28 -29 30 -31 32 33 34 -35 -36 37 38 39 40 41 42 43 -44 45 46 -47 -48 49 50 0
uf50-0703 11401 1 -2 3 4 5 6 -7 8 9 10 -11 -12 13 -14 -15 16 17 18 -19 20 -21 22 -23 -24 -25 26 27 -28 -29 30 -31 32 33 34 -35 -36 37 38 39 40 41 42 43 -44 45 46 -47 -48 49 50 0
uf50-0703 11159 1 -2 3 4 5 6 -7 8 9 10 -11 -12 13 -14 -15 16 17 18 -19 20 -21 22 -23 -24 -25 26 27 -28 -29 30 -31 32 33 34 -35 -36 37 38 39 40 41 42 43 -44 45 46 -47 -48 49 -50 0
uf50-0703 11401 1 -2 3 4 5 6 -7 8 9 10 -11 -12 13 -14 -15 16 17 18 -19 20 -21 22 -23 -24 -25 26 27 -28 -29 30 -31 32 33 34 -35 -36 37 38 39 40 41 42 43 -44 45 46 -47 -48 49 50 0
uf50-0703 11401 1 -2 3 4 5 6 -7 8 9 10 -11 -12 13 -14 -15 16 17 18 -19 20 -21 22 -23 -24 -25 26 27 -28 -29 30 -31 32 33 34 -35 -36 37 38 39 40 41 42 43 -44 45 46 -47 -48 49 50 0
uf50-0703 11401 1 -2 3 4 5 6 -7 8 9 10 -11 -12 13 -14 -15 16 17 18 -19 20 -21 22 -23 -24 -25 26 27 -28 -29 30 -31 32 33 34 -35 -36 37 38 39 40 41 42 43 -44 45 46 -47 -48 49 50 0
uf50-0703 11401 1 -2 3 4 5 6 -7 8 9 10 -11 -12 13 -14 -15 16 17 18 -19 20 -21 22 -23 -24 -25 26 27 -28 -29 30 -31 32 33 34 -35 -36 37 38 39 40 41 42 43 -44 45 46 -47 -48 49 50 0
uf50-0703 11401 1 -2 3 4 5 6 -7 8 9 10 -11 -12 13 -14 -15 16 17 18 -19 20 -21 22 -23 -24 -25 26 27 -28 -29 30 -31 32 33 34 -35 -36 37 38 39 40 41 42 43 -44 45 46 -47 -48 49 50 0
uf50-0703 11401 1 -2 3 4 5 6 -7 8 9 10 -11 -12 13 -14 -15 16 17 18 -19 20 -21 22 -23 -24 -25 26 27 -28 -29 30 -31 32 33 34 -35 -36 37 38 39 40 41 42 43 -44 45 46 -47 -48 49 50 0
uf50-0703 11401 1 -2 3 4 5 6 -7 8 9 10 -11 -12 13 -14 -15 16 17 18 -19 20 -21 22 -23 -24 -25 26 27 -28 -29 30 -31 32 33 34 -35 -36 37 38 39 40 41 42 43 -44 45 46 -47 -48 49 50 0
uf50-0703 11401 1 -2 3 4 5 6 -7 8 9 10 -11 -12 13 -14 -15 16 17 18 -19 20 -21 22 -23 -24 -25 26 27 -28 -29 30 -31 32 33 34 -35 -36 37 38 39 40 41 42 43 -44 45 46 -47 -48 49 50 0
uf50-0703 11401 1 -2 3 4 5 6 -7 8 9 10 -11 -12 13 -14 -15 16 17 18 -19 20 -21 22 -23 -24 -25 26 27 -28 -29 30 -31 32 33 34 -35 -36 37 38 39 40 41 42 43 -44 45 46 -47 -48 49 50 0
uf50-0703 11029 -1 -2 3 4 5 6 -7 8 9 10 -11 -12 13 -14 -15 16 17 18 -19 -20 -21 22 -23 -24 -25 26 27 -28 -29 30 -31 32 33 34 -35 -36 37 38 39 40 41 42 43 -44 45 46 -47 -48 49 50 0
uf50-0703 11401 1 -2 3 4 5 6 -7 8 9 10 -11 -12 13 -14 -15 16 17 18 -19 20 -21 22 -23 -24 -25 26 27 -28 -29 30 -31 32 33 34 -35 -36 37 38 39 40 41 42 43 -44 45 46 -47 -48 49 50 0
uf50-0703 11266 1 -2 3 4 5 6 -7 8 9 10 -11 -12 13 -14 -15 16 17 18 -19 -20 -21 22 -23 -24 -25 26 27 -28 -29 30 -31 32 33 34 -35 -36 37 38 39 40 41 42 43 -44 45 46 -47 -48 49 50 0
uf50-0703 11401 1 -2 3 4 5 6 -7 8 9 10 -11 -12 13 -14 -15 16 17 18 -19 20 -21 22 -23 -24 -25 26 27 -28 -29 30 -31 32 33 34 -35 -36 37 38 39 40 41 42 43 -44 45 46 -47 -48 49 50 0
uf50-0703 11401 1 -2 3 4 5 6 -7 8 9 10 -11 -12 13 -14 -15 16 17 18 -19 20 -21 22 -23 -24 -25 26 27 -28 -29 30 -31 32 33 34 -35 -36 37 38 39 40 41 42 43 -44 45 46 -47 -48 49 50 0
uf50-0703 11401 1 -2 3 4 5 6 -7 8 9 10 -11 -12 13 -14 -15 16 17 18 -19 20 -21 22 -23 -24 -25 26 27 -28 -29 30 -31 32 33 34 -35 -36 37 38 39 40 41 42 43 -44 45 46 -47 -48 49 50 0
uf50-0703 11271 1 -2 3 4 5 -6 -7 8 9 10 -11 -12 13 -14 -15 16 17 18 -19 20 -21 22 -23 -24 -25 26 27 -28 -29 30 -31 32 33 34 -35 -36 37 38 39 40 41 42 43 -44 45 46 -47 -48 49 50 0
uf50-0703 11401 1 -2 3 4 5 6 -7 8 9 10 -11 -12 13 -14 -15 16 17 18 -19 20 -21 22 -23 -24 -25 26 27 -28 -29 30 -31 32 33 34 -35 -36 37 38 39 40 41 42 43 -44 45 46 -47 -48 49 50 0
uf50-0703 11401 1 -2 3 4 5 6 -7 8 9 10 -11 -12 13 -14 -15 16 17 18 -19 20 -21 22 -23 -24 -25 26 27 -28 -29 30 -31 32 33 34 -35 -36 37 38 39 40 41 42 43 -44 45 46 -47 -48 49 50 0
uf50-0703 11401 1 -2 3 4 5 6 -7 8 9 10 -11 -12 13 -14 -15 16 17 18 -19 20 -21 22 -23 -24 -25 26 27 -28 -29 30 -31 32 33 34 -35 -36 37 38 39 40 41 42 43 -44 45 46 -47 -48 49 50 0
uf50-0703 11401 1 -2 3 4 5 6 -7 8 9 10 -11 -12 13 -14 -15 16 17 18 -19 20 -21 22 -23 -24 -25 26 27 -28 -29 30 -31 32 33 34 -35 -36 37 38 39 40 41 42 43 -44 45 46 -47 -48 49 50 0
uf50-0703 11401 1 -2 3 4 5 6 -7 8 9 10 -11 -12 13 -14 -15 16 17 18 -19 20 -21 22 -23 -24 -25 26 27 -28 -29 30 -31 32 33 34 -35 -36 37 38 39 40 41 42 43 -44 45 46 -47 -48 49 50 0
uf50-0703 11401 1 -2 3 4 5 6 -7 8 9 10 -11 -12 13 -14 -15 16 17 18 -19 20 -21 22 -23 -24 -25 26 27 -28 -29 30 -31 32 33 34 -35 -36 37 38 39 40 41 42 43 -44 45 46 -47 -48 49 50 0
uf50-0703 11401 1 -2 3 4 5 6 -7 8 9 10 -11 -12 13 -14 -15 16 17 18 -19 20 -21 22 -23 -24 -25 26 27 -28 -29 30 -31 32 33 34 -35 -36 37 38 39 40 41 42 43 -44 45 46 -47 -48 49 50 0
uf50-0703 11401 1 -2 3 4 5 6 -7 8 9 10 -11 -12 13 -14 -15 16 17 18 -19 20 -21 22 -23 -24 -25 26 27 -28 -29 30 -31 32 33 34 -35 -36 37 38 39 40 41 42 43 -44 45 46 -47 -48 49 50 0
uf50-0703 11401 1 -2 3 4 5 6 -7 8 9 10 -11 -12 13 -14 -15 16 17 18 -19 20 -21 22 -23 -24 -25 26 27 -28 -29 30 -31 32 33 34 -35 -36 37 38 39 40 41 42 43 -44 45 46 -47 -48 49 50 0
uf50-0703 11401 1 -2 3 4 5 6 -7 8 9 10 -11 -12 13 -14 -15 16 17 18 -19 20 -21 22 -23 -24 -25 26 27 -28 -29 30 -31 32 33 34 -35 -36 37 38 39 40 41 42 43 -44 45 46 -47 -48 49 50 0
uf50-0703 10931 1 -2 3 4 5 -6 -7 8 9 10 -11 -12 13 -14 -15 16 17 18 -19 20 -21 22 -23 -24 -25 26 27 -28 -29 30 -31 -32 33 34 -35 -36 37 38 39 40 41 42 43 -44 45 46 -47 -48 49 50 0
uf50-0703 11401 1 -2 3 4 5 6 -7 8 9 10 -11 -12 13 -14 -15 16 17 18 -19 20 -21 22 -23 -24 -25 26 27 -28 -29 30 -31 32 33 34 -35 -36 37 38 39 40 41 42 43 -44 45 46 -47 -48 49 50 0
uf50-0703 11401 1 -2 3 4 5 6 -7 8 9 10 -11 -12 13 -14 -15 16 17 18 -19 20 -21 22 -23 -24 -25 26 27 -28 -29 30 -31 32 33 34 -35 -36 37 38 39 40 41 42 43 -44 45 46 -47 -48 49 50 0
uf50-0703 11401 1 -2 3 4 5 6 -7 8 9 10 -11 -12 13 -14 -15 16 17 18 -19 20 -21 22 -23 -24 -25 26 27 -28 -29 30 -31 32 33 34 -35 -36 37 38 39 40 41 42 43 -44 45 46 -47 -48 49 50 0
uf50-0703 11401 1 -2 3 4 5 6 -7 8 9 10 -11 -12 13 -14 -15 16 17 18 -19 20 -21 22 -23 -24 -25 26 27 -28 -29 30 -31 32 33 34 -35 -36 37 38 39 40 41 42 43 -44 45 46 -47 -48 49 50 0
uf50-0703 11401 1 -2 3 4 5 6 -7 8 9 10 -11 -12 13 -14 -15 16 17 18 -19 20 -21 22 -23 -24 -25 26 27 -28 -29 30 -31 32 33 34 -35 -36 37 38 39 40 41 42 43 -44 45 46 -47 -48 49 50 0
uf50-0703 11401 1 -2 3 4 5 6 -7 8 9 10 -11 -12 13 -14 -15 16 17 18 -19 20 -21 22 -23 -24 -25 26 27 -28 -29 30 -31 32 33 34 -35 -36 37 38 39 40 41 42 43 -44 45 46 -47 -48 49 50 0
uf50-0703 11401 1 -2 3 4 5 6 -7 8 9 10 -11 -12 13 -14 -15 16 17 18 -19 20 -21 22 -23 -24 -25 26 27 -28 -29 30 -31 32 33 34 -35 -36 37 38 39 40 41 42 43 -44 45 46 -47 -48 49 50 0
uf50-0703 11401 1 -2 3 4 5 6 -7 8 9 10 -11 -12 13 -14 -15 16 17 18 -19 20 -21 22 -23 -24 -25 26 27 -28 -29 30 -31 32 33 34 -35 -36 37 38 39 40 41 42 43 -44 45 46 -47 -48 49 50 0
uf50-0703 11401 1 -2 3 4 5 6 -7 8 9 10 -11 -12 13 -14 -15 16 17 18 -19 20 -21 22 -23 -24 -25 26 27 -28 -29 30 -31 32 33 34 -35 -36 37 38 39 40 41 42 43 -44 45 46 -47 -48 49 50 0
uf50-0703 11401 1 -2 3 4 5 6 -7 8 9 10 -11 -12 13 -14 -15 16 17 18 -19 20 -21 22 -23 -24 -25 26 27 -28 -29 30 -31 32 33 34 -35 -36 37 38 39 40 41 42 43 -44 45 46 -47 -48 49 50 0
uf50-0703 11401 1 -2 3 4 5 6 -7 8 9 10 -11 -12 13 -14 -15 16 17 18 -19 20 -21 22 -23 -24 -25 26 27 -28 -29 30 -31 32 33 34 -35 -36 37 38 39 40 41 42 43 -44 45 46 -47 -48 49 50 0
uf50-0703 11401 1 -2 3 4 5 6 -7 8 9 10 -11 -12 13 -14 -15 16 17 18 -19 20 -21 22 -23 -24 -25 26 27 -28 -29 30 -31 32 33 34 -35 -36 37 38 39 40 41 42 43 -44 45 46 -47 -48 49 50 0
uf50-0703 11159 1 -2 3 4 5 6 -7 8 9 10 -11 -12 13 -14 -15 16 17 18 -19 20 -21 22 -23 -24 -25 26 27 -28 -29 30 -31 32 33 34 -35 -36 37 38 39 40 41 42 43 -44 45 46 -47 -48 49 -50 0
uf50-0703 11401 1 -2 3 4 5 6 -7 8 9 10 -11 -12 13 -14 -15 16 17 18 -19 20 -21 22 -23 -24 -25 26 27 -28 -29 30 -31 32 33 34 -35 -36 37 38 39 40 41 42 43 -44 45 46 -47 -48 49 50 0
uf50-0703 11401 1 -2 3 4 5 6 -7 8 9 10 -11 -12 13 -14 -15 16 17 18 -19 20 -21 22 -23 -24 -25 26 27 -28 -29 30 -31 32 33 34 -35 -36 37 38 39 40 41 42 43 -44 45 46 -47 -48 49 50 0
uf50-0703 11401 1 -2 3 4 5 6 -7 8 9 10 -11 -12 13 -14 -15 16 17 18 -19 20 -21 22 -23 -24 -25 26 27 -28 -29 30 -31 32 33 34 -35 -36 37 38 39 40 41 42 43 -44 45 46 -47 -48 49 50 0
uf50-0703 11401 1 -2 3 4 5 6 -7 8 9 10 -11 -12 13 -14 -15 16 17 18 -19 20 -21 22 -23 -24 -25 26 27 -28 -29 30 -31 32 33 34 -35 -36 37 38 39 40 41 42 43 -44 45 46 -47 -48 49 50 0
uf50-0703 11401 1 -2 3 4 5 6 -7 8 9 10 -11 -12 13 -14 -15 16 17 18 -19 20 -21 22 -23 -24 -25 26 27 -28 -29 30 -31 32 33 34 -35 -36 37 38 39 40 41 42 43 -44 45 46 -47 -48 49 50 0
uf50-0703 11401 1 -2 3 4 5 6 -7 8 9 10 -11 -12 13 -14 -15 16 17 18 -19 20 -21 22 -23 -24 -25 26 27 -28 -29 30 -31 32 33 34 -35 -36 37 38 39 40 41 42 43 -44 45 46 -47 -48 49 50 0
uf50-0703 11401 1 -2 3 4 5 6 -7 8 9 10 -11 -12 13 -14 -15 16 17 18 -19 20 -21 22 -23 -24 -25 26 27 -28 -29 30 -31 32 33 34 -35 -36 37 38 39 40 41 42 43 -44 45 46 -47 -48 49 50 0
uf50-0703 11401 1 -2 3 4 5 6 -7 8 9 10 -11 -12 13 -14 -15 16 17 18 -19 20 -21 22 -23 -24 -25 26 27 -28 -29 30 -31 32 33 34 -35 -36 37 38 39 40 41 42 43 -44 45 46 -47 -48 49 50 0
uf50-0703 11401 1 -2 3 4 5 6 -7 8 9 10 -11 -12 13 -14 -15 16 17 18 -19 20 -21 22 -23 -24 -25 26 27 -28 -29 30 -31 32 33 34 -35 -36 37 38 39 40 41 42 43 -44 45 46 -47 -48 49 50 0
uf50-0703 11401 1 -2 3 4 5 6 -7 8 9 10 -11 -12 13 -14 -15 16 17 18 -19 20 -21 22 -23 -24 -25 26 27 -28 -29 30 -31 32 33 34 -35 -36 37 38 39 40 41 42 43 -44 45 46 -47 -48 49 50 0
