uf50-0695 10194 1 -2 3 -4 5 6 7 -8 -9 -10 11 -12 13 14 15 16 17 -18 -19 -20 -21 -22 23 24 -25 -26 27 -28 -29 -30 31 32 33 34 35 36 -37 -38 39 -40 41 42 -43 44 -45 46 47 48 49 -50 0
uf50-0695 9948 1 -2 3 -4 -5 -6 7 -8 -9 -10 11 -12 13 14 15 16 17 18 19 -20 -21 -22 23 -24 -25 26 27 -28 -29 30 31 32 33 34 35 36 37 -38 -39 -40 41 42 -43 44 -45 -46 47 48 49 -50 0
uf50-0695 10074 1 -2 3 -4 5 6 7 -8 -9 -10 11 -12 13 14 15 16 17 -18 -19 -20 -21 -22 23 24 -25 -26 27 -28 -29 -30 31 32 33 34 35 36 37 -38 39 -40 41 42 -43 -44 -45 46 47 48 49 -50 0
uf50-0695 10136 1 2 3 -4 -5 6 7 -8 -9 -10 11 -12 13 14 15 16 17 -18 19 -20 -21 22 23 -24 -25 26 27 -28 -29 -30 31 32 33 34 -35 36 37 -38 39 -40 41 42 -43 44 -45 -46 47 48 -49 -50 0
uf50-0695 10430 1 -2 3 -4 5 6 7 -8 -9 -10 11 -12 13 14 15 16 17 -18 -19 -20 -21 -22 23 24 -25 -26 27 -28 -29 -30 31 32 33 34 35 36 37 -38 39 -40 41 42 -43 44 -45 46 47 48 49 -50 0
uf50-0695 10536 1 -2 3 -4 5 6 7 -8 -9 -10 11 -12 13 14 15 16 17 -18 -19 -20 -21 -22 23 24 -25 -26 27 -28 -29 -30 31 32 33 34 35 36 37 -38 39 -40 41 42 -43 44 -45 46 47 48 49 50 0
uf50-0695 10330 1 -2 3 -4 -5 6 7 -8 -9 -10 11 -12 13 14 15 16 17 -18 19 -20 -21 -22 23 -24 -25 26 27 -28 -29 -30 31 32 33 34 35 36 37 -38 39 -40 41 42 -43 44 -45 -46 47 48 -49 50 0
uf50-0695 10536 1 -2 3 -4 5 6 7 -8 -9 -10 11 -12 13 14 15 16 17 -18 -19 -20 -21 -22 23 24 -25 -26 27 -28 -29 -30 31 32 33 34 35 36 37 -38 39 -40 41 42 -43 44 -45 46 47 48 49 50 0
uf50-0695 10007 1 2 3 -4 -5 6 7 -8 -9 -10 11 -12 13 14 15 16 17 -18 19 -20 -21 22 23 -24 -25 -26 27 -28 -29 -30 31 32 33 34 -35 36 37 -38 39 -40 41 42 -43 44 -45 -46 47 48 -49 -50 0
uf50-0695 10536 1 -2 3 -4 5 6 7 -8 -9 -10 11 -12 13 14 15 16 17 -18 -19 -20 -21 -22 23 24 -25 -26 27 -28 -29 -30 31 32 33 34 35 36 37 -38 39 -40 41 42 -43 44 -45 46 47 48 49 50 0
uf50-0695 9948 1 -2 3 -4 -5 -6 7 -8 -9 -10 11 -12 13 14 15 16 17 18 19 -20 -21 -22 23 -24 -25 26 27 -28 -29 30 31 32 33 34 35 36 37 -38 -39 -40 41 42 -43 44 -45 -46 47 48 49 -50 0
uf50-0695 9948 1 -2 3 -4 -5 -6 7 -8 -9 -10 11 -12 13 14 15 16 17 18 19 -20 -21 -22 23 -24 -25 26 27 -28 -29 30 31 32 33 34 35 36 37 -38 -39 -40 41 42 -43 44 -45 -46 47 48 49 -50 0
uf50-0695 10094 1 -2 3 -4 -5 6 7 -8 -9 -10 11 -12 13 14 15 16 17 -18 19 -20 -21 -22 23 -24 -25 26 27 -28 -29 -30 31 32 33 34 35 36 -37 -38 39 -40 41 42 -43 44 -45 -46 47 48 -49 50 0
uf50-0695 10536 1 -2 3 -4 5 6 7 -8 -9 -10 11 -12 13 14 15 16 17 -18 -19 -20 -21 -22 23 24 -25 -26 27 -28 -29 -30 31 32 33 34 35 36 37 -38 39 -40 41 42 -43 44 -45 46 47 48 49 50 0
uf50-0695 9948 1 -2 3 -4 -5 -6 7 -8 -9 -10 11 -12 13 14 15 16 17 18 19 -20 -21 -22 23 -24 -25 26 27 -28 -29 30 31 32 33 34 35 36 37 -38 -39 -40 41 42 -43 44 -45 -46 47 48 49 -50 0
uf50-0695 9948 1 -2 3 -4 -5 -6 7 -8 -9 -10 11 -12 13 14 15 16 17 18 19 -20 -21 -22 23 -24 -25 26 27 -28 -29 30 31 32 33 34 35 36 37 -38 -39 -40 41 42 -43 44 -45 -46 47 48 49 -50 0
uf50-0695 9948 1 -2 3 -4 -5 -6 7 -8 -9 -10 11 -12 13 14 15 16 17 18 19 -20 -21 -22 23 -24 -25 26 27 -28 -29 30 31 32 33 34 35 36 37 -38 -39 -40 41 42 -43 44 -45 -46 47 48 49 -50 0
uf50-0695 10536 1 -2 3 -4 5 6 7 -8 -9 -10 11 -12 13 14 15 16 17 -18 -19 -20 -21 -22 23 24 -25 -26 27 -28 -29 -30 31 32 33 34 35 36 37 -38 39 -40 41 42 -43 44 -45 46 47 48 49 50 0
uf50-0695 9767 1 2 3 -4 -5 -6 7 -8 -9 -10 11 -12 13 14 15 16 17 18 19 -20 -21 22 23 -24 25 26 27 -28 -29 30 31 32 33 34 -35 36 37 -38 -39 40 41 42 -43 44 -45 -46 47 48 -49 -50 0
uf50-0695 10536 1 -2 3 -4 5 6 7 -8 -9 -10 11 -12 13 14 15 16 17 -18 -19 -20 -21 -22 23 24 -25 -26 27 -28 -29 -30 31 32 33 34 35 36 37 -38 39 -40 41 42 -43 44 -45 46 47 48 49 50 0
uf50-0695 10430 1 -2 3 -4 5 6 7 -8 -9 -10 11 -12 13 14 15 16 17 -18 -19 -20 -21 -22 23 24 -25 -26 27 -28 -29 -30 31 32 33 34 35 36 37 -38 39 -40 41 42 -43 44 -45 46 47 48 49 -50 0
uf50-0695 10323 1 2 3 -4 -5 6 7 -8 -9 -10 11 -12 13 14 15 16 17 -18 19 -20 -21 -22 23 -24 -25 26 27 -28 -29 -30 31 32 33 34 35 36 37 -38 39 -40 41 42 -43 44 -45 -46 47 48 -49 -50 0
uf50-0695 9738 1 2 3 -4 5 -6 7 -8 -9 -10 11 -12 13 14 15 16 17 18 -19 -20 -21 -22 23 -24 -25 -26 27 -28 -29 30 31 32 33 34 35 36 37 -38 -39 -40 41 42 -43 44 -45 -46 47 48 -49 -50 0
uf50-0695 10536 1 -2 3 -4 5 6 7 -8 -9 -10 11 -12 13 14 15 16 17 -18 -19 -20 -21 -22 23 24 -25 -26 27 -28 -29 -30 31 32 33 34 35 36 37 -38 39 -40 41 42 -43 44 -45 46 47 48 49 50 0
uf50-0695 10536 1 -2 3 -4 5 6 7 -8 -9 -10 11 -12 13 14 15 16 17 -18 -19 -20 -21 -22 23 24 -25 -26 27 -28 -29 -30 31 32 33 34 35 36 37 -38 39 -40 41 42 -43 44 -45 46 47 48 49 50 0
uf50-0695 10536 1 -2 3 -4 5 6 7 -8 -9 -10 11 -12 13 14 15 16 17 -18 -19 -20 -21 -22 23 24 -25 -26 27 -28 -29 -30 31 32 33 34 35 36 37 -38 39 -40 41 42 -43 44 -45 46 47 48 49 50 0
uf50-0695 10129 1 -2 3 -4 5 6 7 -8 -9 -10 11 -12 13 14 15 16 17 -18 -19 -20 -21 -22 23 24 -25 -26 27 28 -29 -30 31 32 33 34 35 36 37 -38 39 -40 41 42 -43 -44 -45 46 47 48 49 -50 0
uf50-0695 9948 1 -2 3 -4 -5 -6 7 -8 -9 -10 11 -12 13 14 15 16 17 18 19 -20 -21 -22 23 -24 -25 26 27 -28 -29 30 31 32 33 34 35 36 37 -38 -39 -40 41 42 -43 44 -45 -46 47 48 49 -50 0
uf50-0695 9692 1 -2 3 -4 -5 -6 7 -8 -9 -10 11 -12 13 14 15 16 17 18 19 -20 -21 22 23 -24 25 -26 27 -28 -29 30 31 32 33 34 -35 36 37 -38 -39 40 41 42 -43 44 -45 -46 47 48 49 -50 0
uf50-0695 10430 1 -2 3 -4 5 6 7 -8 -9 -10 11 -12 13 14 15 16 17 -18 -19 -20 -21 -22 23 24 -25 -26 27 -28 -29 -30 31 32 33 34 35 36 37 -38 39 -40 41 42 -43 44 -45 46 47 48 49 -50 0
uf50-0695 9948 1 -2 3 -4 -5 -6 7 -8 -9 -10 11 -12 13 14 15 16 17 18 19 -20 -21 -22 23 -24 -25 26 27 -28 -29 30 31 32 33 34 35 36 37 -38 -39 -40 41 42 -43 44 -45 -46 47 48 49 -50 0
uf50-0695 10536 1 -2 3 -4 5 6 7 -8 -9 -10 11 -12 13 14 15 16 17 -18 -19 -20 -21 -22 23 24 -25 -26 27 -28 -29 -30 31 32 33 34 35 36 37 -38 39 -40 41 42 -43 44 -45 46 47 48 49 50 0
uf50-0695 9624 1 -2 3 -4 -5 -6 7 -8 -9 -10 11 -12 13 14 15 16 17 18 -19 -20 -21 22 23 -24 25 26 27 -28 -29 30 31 32 33 34 -35 36 37 -38 -39 40 41 42 -43 44 -45 -46 47 48 49 -50 0
uf50-0695 10167 1 2 3 -4 5 6 7 -8 -9 -10 11 -12 13 14 15 16 17 -18 -19 -20 -21 -22 23 -24 -25 -26 27 -28 -29 -30 31 32 33 34 35 36 37 -38 39 -40 41 42 -43 44 -45 -46 47 48 -49 -50 0
uf50-0695 10136 1 2 3 -4 -5 6 7 -8 -9 -10 11 -12 13 14 15 16 17 -18 19 -20 -21 22 23 -24 -25 26 27 -28 -29 -30 31 32 33 34 -35 36 37 -38 39 -40 41 42 -43 44 -45 -46 47 48 -49 -50 0
uf50-0695 10536 1 -2 3 -4 5 6 7 -8 -9 -10 11 -12 13 14 15 16 17 -18 -19 -20 -21 -22 23 24 -25 -26 27 -28 -29 -30 31 32 33 34 35 36 37 -38 39 -40 41 42 -43 44 -45 46 47 48 49 50 0
uf50-0695 10536 1 -2 3 -4 5 6 7 -8 -9 -10 11 -12 13 14 15 16 17 -18 -19 -20 -21 -22 23 24 -25 -26 27 -28 -29 -30 31 32 33 34 35 36 37 -38 39 -40 41 42 -43 44 -45 46 47 48 49 50 0
uf50-0695 10536 1 -2 3 -4 5 6 7 -8 -9 -10 11 -12 13 14 15 16 17 -18 -19 -20 -21 -22 23 24 -25 -26 27 -28 -29 -30 31 32 33 34 35 36 37 -38 39 -40 41 42 -43 44 -45 46 47 48 49 50 0
uf50-0695 10430 1 -2 3 -4 5 6 7 -8 -9 -10 11 -12 13 14 15 16 17 -18 -19 -20 -21 -22 23 24 -25 -26 27 -28 -29 -30 31 32 33 34 35 36 37 -38 39 -40 41 42 -43 44 -45 46 47 48 49 -50 0
uf50-0695 10097 1 2 3 -4 -5 6 7 -8 -9 -10 11 -12 13 14 15 16 17 -18 19 -20 -21 -22 23 -24 -25 26 27 -28 -29 -30 31 32 33 34 35 36 37 -38 -39 -40 41 42 -43 44 -45 -46 47 48 -49 -50 0
uf50-0695 10536 1 -2 3 -4 5 6 7 -8 -9 -10 11 -12 13 14 15 16 17 -18 -19 -20 -21 -22 23 24 -25 -26 27 -28 -29 -30 31 32 33 34 35 36 37 -38 39 -40 41 42 -43 44 -45 46 47 48 49 50 0
uf50-0695 9948 1 -2 3 -4 -5 -6 7 -8 -9 -10 11 -12 13 14 15 16 17 18 19 -20 -21 -22 23 -24 -25 26 27 -28 -29 30 31 32 33 34 35 36 37 -38 -39 -40 41 42 -43 44 -45 -46 47 48 49 -50 0
uf50-0695 10536 1 -2 3 -4 5 6 7 -8 -9 -10 11 -12 13 14 15 16 17 -18 -19 -20 -21 -22 23 24 -25 -26 27 -28 -29 -30 31 32 33 34 35 36 37 -38 39 -40 41 42 -43 44 -45 46 47 48 49 50 0
uf50-0695 10536 1 -2 3 -4 5 6 7 -8 -9 -10 11 -12 13 14 15 16 17 -18 -19 -20 -21 -22 23 24 -25 -26 27 -28 -29 -30 31 32 33 34 35 36 37 -38 39 -40 41 42 -43 44 -45 46 47 48 49 50 0
uf50-0695 10536 1 -2 3 -4 5 6 7 -8 -9 -10 11 -12 13 14 15 16 17 -18 -19 -20 -21 -22 23 24 -25 -26 27 -28 -29 -30 31 32 33 34 35 36 37 -38 39 -40 41 42 -43 44 -45 46 47 48 49 50 0
uf50-0695 10221 1 -2 3 -4 5 6 7 -8 -9 -10 11 -12 13 14 15 16 17 -18 -19 -20 -21 -22 23 -24 -25 -26 27 -28 -29 -30 31 32 33 34 35 36 37 -38 39 -40 41 42 -43 44 -45 -46 47 48 49 -50 0
uf50-0695 10323 1 2 3 -4 -5 6 7 -8 -9 -10 11 -12 13 14 15 16 17 -18 19 -20 -21 -22 23 -24 -25 26 27 -28 -29 -30 31 32 33 34 35 36 37 -38 39 -40 41 42 -43 44 -45 -46 47 48 -49 -50 0
uf50-0695 10536 1 -2 3 -4 5 6 7 -8 -9 -10 11 -12 13 14 15 16 17 -18 -19 -20 -21 -22 23 24 -25 -26 27 -28 -29 -30 31 32 33 34 35 36 37 -38 39 -40 41 42 -43 44 -45 46 47 48 49 50 0
uf50-0695 9941 1 2 3 -4 5 6 7 -8 -9 -10 11 -12 13 14 15 16 17 -18 -19 -20 -21 -22 23 -24 -25 -26 27 -28 -29 -30 31 32 33 34 35 36 37 -38 -39 -40 41 42 -43 44 -45 -46 47 48 -49 -50 0
uf50-0695 10167 1 2 3 -4 5 6 7 -8 -9 -10 11 -12 13 14 15 16 17 -18 -19 -20 -21 -22 23 -24 -25 -26 27 -28 -29 -30 31 32 33 34 35 36 37 -38 39 -40 41 42 -43 44 -45 -46 47 48 -49 -50 0
uf50-0695 10536 1 -2 3 -4 5 6 7 -8 -9 -10 11 -12 13 14 15 16 17 -18 -19 -20 -21 -22 23 24 -25 -26 27 -28 -29 -30 31 32 33 34 35 36 37 -38 39 -40 41 42 -43 44 -45 46 47 48 49 50 0
uf50-0695 10536 1 -2 3 -4 5 6 7 -8 -9 -10 11 -12 13 14 15 16 17 -18 -19 -20 -21 -22 23 24 -25 -26 27 -28 -29 -30 31 32 33 34 35 36 37 -38 39 -40 41 42 -43 44 -45 46 47 48 49 50 0
uf50-0695 10536 1 -2 3 -4 5 6 7 -8 -9 -10 11 -12 13 14 15 16 17 -18 -19 -20 -21 -22 23 24 -25 -26 27 -28 -29 -30 31 32 33 34 35 36 37 -38 39 -40 41 42 -43 44 -45 46 47 48 49 50 0
uf50-0695 10536 1 -2 3 -4 5 6 7 -8 -9 -10 11 -12 13 14 15 16 17 -18 -19 -20 -21 -22 23 24 -25 -26 27 -28 -29 -30 31 32 33 34 35 36 37 -38 39 -40 41 42 -43 44 -45 46 47 48 49 50 0
uf50-0695 9903 1 -2 3 -4 5 6 7 -8 -9 -10 11 -12 13 14 15 16 17 -18 -19 -20 -21 -22 23 24 -25 -26 27 28 -29 -30 31 32 33 34 35 36 37 -38 -39 -40 41 42 -43 -44 -45 46 47 48 49 -50 0
uf50-0695 10194 1 2 3 -4 -5 6 7 -8 -9 -10 11 -12 13 14 15 16 17 -18 19 -20 -21 -22 23 -24 -25 -26 27 -28 -29 -30 31 32 33 34 35 36 37 -38 39 -40 41 42 -43 44 -45 -46 47 48 -49 -50 0
uf50-0695 10536 1 -2 3 -4 5 6 7 -8 -9 -10 11 -12 13 14 15 16 17 -18 -19 -20 -21 -22 23 24 -25 -26 27 -28 -29 -30 31 32 33 34 35 36 37 -38 39 -40 41 42 -43 44 -45 46 47 48 49 50 0
uf50-0695 9948 1 -2 3 -4 -5 -6 7 -8 -9 -10 11 -12 13 14 15 16 17 18 19 -20 -21 -22 23 -24 -25 26 27 -28 -29 30 31 32 33 34 35 36 37 -38 -39 -40 41 42 -43 44 -45 -46 47 48 49 -50 0
uf50-0695 10536 1 -2 3 -4 5 6 7 -8 -9 -10 11 -12 13 14 15 16 17 -18 -19 -20 -21 -22 23 24 -25 -26 27 -28 -29 -30 31 32 33 34 35 36 37 -38 39 -40 41 42 -43 44 -45 46 47 48 49 50 0
uf50-0695 10536 1 -2 3 -4 5 6 7 -8 -9 -10 11 -12 13 14 15 16 17 -18 -19 -20 -21 -22 23 24 -25 -26 27 -28 -29 -30 31 32 33 34 35 36 37 -38 39 -40 41 42 -43 44 -45 46 47 48 49 50 0
uf50-0695 10536 1 -2 3 -4 5 6 7 -8 -9 -10 11 -12 13 14 15 16 17 -18 -19 -20 -21 -22 23 24 -25 -26 27 -28 -29 -30 31 32 33 34 35 36 37 -38 39 -40 41 42 -43 44 -45 46 47 48 49 50 0
uf50-0695 10536 1 -2 3 -4 5 6 7 -8 -9 -10 11 -12 13 14 15 16 17 -18 -19 -20 -21 -22 23 24 -25 -26 27 -28 -29 -30 31 32 33 34 35 36 37 -38 39 -40 41 42 -43 44 -45 46 47 48 49 50 0
uf50-0695 9893 1 -2 3 -4 5 6 7 -8 -9 -10 11 -12 13 14 15 16 17 -18 -19 -20 -21 -22 23 24 -25 -26 27 28 -29 -30 31 32 33 34 35 36 -37 -38 39 -40 41 42 -43 -44 -45 46 47 48 49 -50 0
uf50-0695 10536 1 -2 3 -4 5 6 7 -8 -9 -10 11 -12 13 14 15 16 17 -18 -19 -20 -21 -22 23 24 -25 -26 27 -28 -29 -30 31 32 33 34 35 36 37 -38 39 -40 41 42 -43 44 -45 46 47 48 49 50 0
uf50-0695 10430 1 -2 3 -4 5 6 7 -8 -9 -10 11 -12 13 14 15 16 17 -18 -19 -20 -21 -22 23 24 -25 -26 27 -28 -29 -30 31 32 33 34 35 36 37 -38 39 -40 41 42 -43 44 -45 46 47 48 49 -50 0
uf50-0695 10536 1 -2 3 -4 5 6 7 -8 -9 -10 11 -12 13 14 15 16 17 -18 -19 -20 -21 -22 23 24 -25 -26 27 -28 -29 -30 31 32 33 34 35 36 37 -38 39 -40 41 42 -43 44 -45 46 47 48 49 50 0
uf50-0695 9968 1 -2 3 -4 5 6 7 -8 -9 -10 11 -12 13 14 15 16 17 -18 -19 -20 -21 -22 23 24 -25 -26 27 -28 -29 -30 31 32 33 34 35 36 -37 -38 -39 -40 41 42 -43 44 -45 46 47 48 49 -50 0
uf50-0695 9893 1 -2 3 -4 5 6 7 -8 -9 -10 11 -12 13 14 15 16 17 -18 -19 -20 -21 -22 23 24 -25 -26 27 28 -29 -30 31 32 33 34 35 36 -37 -38 39 -40 41 42 -43 -44 -45 46 47 48 49 -50 0
uf50-0695 10042 1 2 3 -4 -5 6 7 -8 -9 -10 11 -12 13 14 15 16 17 -18 19 -20 -21 -22 23 -24 -25 26 27 -28 -29 -30 31 32 33 34 -35 36 37 -38 39 -40 41 42 -43 44 -45 -46 47 48 -49 -50 0
uf50-0695 10430 1 -2 3 -4 5 6 7 -8 -9 -10 11 -12 13 14 15 16 17 -18 -19 -20 -21 -22 23 24 -25 -26 27 -28 -29 -30 31 32 33 34 35 36 37 -38 39 -40 41 42 -43 44 -45 46 47 48 49 -50 0
uf50-0695 10536 1 -2 3 -4 5 6 7 -8 -9 -10 11 -12 13 14 15 16 17 -18 -19 -20 -21 -22 23 24 -25 -26 27 -28 -29 -30 31 32 33 34 35 36 37 -38 39 -40 41 42 -43 44 -45 46 47 48 49 50 0
uf50-0695 9948 1 -2 3 -4 -5 -6 7 -8 -9 -10 11 -12 13 14 15 16 17 18 19 -20 -21 -22 23 -24 -25 26 27 -28 -29 30 31 32 33 34 35 36 37 -38 -39 -40 41 42 -43 44 -45 -46 47 48 49 -50 0
uf50-0695 10536 1 -2 3 -4 5 6 7 -8 -9 -10 11 -12 13 14 15 16 17 -18 -19 -20 -21 -22 23 24 -25 -26 27 -28 -29 -30 31 32 33 34 35 36 37 -38 39 -40 41 42 -43 44 -45 46 47 48 49 50 0
uf50-0695 9948 1 -2 3 -4 -5 -6 7 -8 -9 -10 11 -12 13 14 15 16 17 18 19 -20 -21 -22 23 -24 -25 26 27 -28 -29 30 31 32 33 34 35 36 37 -38 -39 -40 41 42 -43 44 -45 -46 47 48 49 -50 0
uf50-0695 10536 1 -2 3 -4 5 6 7 -8 -9 -10 11 -12 13 14 15 16 17 -18 -19 -20 -21 -22 23 24 -25 -26 27 -28 -29 -30 31 32 33 34 35 36 37 -38 39 -40 41 42 -43 44 -45 46 47 48 49 50 0
uf50-0695 10536 1 -2 3 -4 5 6 7 -8 -9 -10 11 -12 13 14 15 16 17 -18 -19 -20 -21 -22 23 24 -25 -26 27 -28 -29 -30 31 32 33 34 35 36 37 -38 39 -40 41 42 -43 44 -45 46 47 48 49 50 0
uf50-0695 10330 1 -2 3 -4 -5 6 7 -8 -9 -10 11 -12 13 14 15 16 17 -18 19 -20 -21 -22 23 -24 -25 26 27 -28 -29 -30 31 32 33 34 35 36 37 -38 39 -40 41 42 -43 44 -45 -46 47 48 -49 50 0
uf50-0695 10536 1 -2 3 -4 5 6 7 -8 -9 -10 11 -12 13 14 15 16 17 -18 -19 -20 -21 -22 23 24 -25 -26 27 -28 -29 -30 31 32 33 34 35 36 37 -38 39 -40 41 42 -43 44 -45 46 47 48 49 50 0
uf50-0695 10536 1 -2 3 -4 5 6 7 -8 -9 -10 11 -12 13 14 15 16 17 -18 -19 -20 -21 -22 23 24 -25 -26 27 -28 -29 -30 31 32 33 34 35 36 37 -38 39 -40 41 42 -43 44 -45 46 47 48 49 50 0
uf50-0695 10087 1 2 3 -4 -5 6 7 -8 -9 -10 11 -12 13 14 15 16 17 -18 19 -20 -21 -22 23 -24 -25 26 27 -28 -29 -30 31 32 33 34 35 36 -37 -38 39 -40 41 42 -43 44 -45 -46 47 48 -49 -50 0
uf50-0695 10194 1 -2 3 -4 5 6 7 -8 -9 -10 11 -12 13 14 15 16 17 -18 -19 -20 -21 -22 23 24 -25 -26 27 -28 -29 -30 31 32 33 34 35 36 -37 -38 39 -40 41 42 -43 44 -45 46 47 48 49 -50 0
uf50-0695 10430 1 -2 3 -4 5 6 7 -8 -9 -10 11 -12 13 14 15 16 17 -18 -19 -20 -21 -22 23 24 -25 -26 27 -28 -29 -30 31 32 33 34 35 36 37 -38 39 -40 41 42 -43 44 -45 46 47 48 49 -50 0
uf50-0695 10224 1 -2 3 -4 -5 6 7 -8 -9 -10 11 -12 13 14 15 16 17 -18 19 -20 -21 -22 23 -24 -25 26 27 -28 -29 -30 31 32 33 34 35 36 37 -38 39 -40 41 42 -43 44 -45 -46 47 48 -49 -50 0
uf50-0695 10536 1 -2 3 -4 5 6 7 -8 -9 -10 11 -12 13 14 15 16 17 -18 -19 -20 -21 -22 23 24 -25 -26 27 -28 -29 -30 31 32 33 34 35 36 37 -38 39 -40 41 42 -43 44 -45 46 47 48 49 50 0
uf50-0695 10430 1 -2 3 -4 5 6 7 -8 -9 -10 11 -12 13 14 15 16 17 -18 -19 -20 -21 -22 23 24 -25 -26 27 -28 -29 -30 31 32 33 34 35 36 37 -38 39 -40 41 42 -43 44 -45 46 47 48 49 -50 0
uf50-0695 10536 1 -2 3 -4 5 6 7 -8 -9 -10 11 -12 13 14 15 16 17 -18 -19 -20 -21 -22 23 24 -25 -26 27 -28 -29 -30 31 32 33 34 35 36 37 -38 39 -40 41 42 -43 44 -45 46 47 48 49 50 0
uf50-0695 10536 1 -2 3 -4 5 6 7 -8 -9 -10 11 -12 13 14 15 16 17 -18 -19 -20 -21 -22 23 24 -25 -26 27 -28 -29 -30 31 32 33 34 35 36 37 -38 39 -40 41 42 -43 44 -45 46 47 48 49 50 0
uf50-0695 9948 1 -2 3 -4 -5 -6 7 -8 -9 -10 11 -12 13 14 15 16 17 18 19 -20 -21 -22 23 -24 -25 26 27 -28 -29 30 31 32 33 34 35 36 37 -38 -39 -40 41 42 -43 44 -45 -46 47 48 49 -50 0
uf50-0695 10536 1 -2 3 -4 5 6 7 -8 -9 -10 11 -12 13 14 15 16 17 -18 -19 -20 -21 -22 23 24 -25 -26 27 -28 -29 -30 31 32 33 34 35 36 37 -38 39 -40 41 42 -43 44 -45 46 47 48 49 50 0
uf50-0695 9894 1 2 3 -4 -5 -6 7 -8 -9 -10 11 -12 13 14 15 16 17 18 19 -20 -21 -22 23 -24 -25 26 27 -28 -29 30 31 32 33 34 35 36 37 -38 -39 -40 41 42 -43 44 -45 -46 47 48 -49 -50 0
uf50-0695 10536 1 -2 3 -4 5 6 7 -8 -9 -10 11 -12 13 14 15 16 17 -18 -19 -20 -21 -22 23 24 -25 -26 27 -28 -29 -30 31 32 33 34 35 36 37 -38 39 -40 41 42 -43 44 -45 46 47 48 49 50 0
uf50-0695 9789 1 -2 3 -4 5 6 7 -8 -9 -10 11 -12 13 14 15 16 17 -18 -19 -20 -21 -22 23 24 -25 -26 -27 28 -29 -30 31 32 33 34 35 36 37 -38 39 -40 41 42 -43 -44 -45 46 47 48 49 -50 0
uf50-0695 10536 1 -2 3 -4 5 6 7 -8 -9 -10 11 -12 13 14 15 16 17 -18 -19 -20 -21 -22 23 24 -25 -26 27 -28 -29 -30 31 32 33 34 35 36 37 -38 39 -40 41 42 -43 44 -45 46 47 48 49 50 0
uf50-0695 10536 1 -2 3 -4 5 6 7 -8 -9 -10 11 -12 13 14 15 16 17 -18 -19 -20 -21 -22 23 24 -25 -26 27 -28 -29 -30 31 32 33 34 35 36 37 -38 39 -40 41 42 -43 44 -45 46 47 48 49 50 0
uf50-0695 10536 1 -2 3 -4 5 6 7 -8 -9 -10 11 -12 13 14 15 16 17 -18 -19 -20 -21 -22 23 24 -25 -26 27 -28 -29 -30 31 32 33 34 35 36 37 -38 39 -40 41 42 -43 44 -45 46 47 48 49 50 0
uf50-0695 9908 1 -2 3 -4 -5 6 7 -8 -9 -10 11 -12 13 14 15 16 17 -18 19 -20 -21 22 23 -24 -25 -26 27 -28 -29 -30 31 32 33 34 -35 36 37 -38 39 -40 41 42 -43 44 -45 -46 47 48 -49 -50 0
uf50-0695 9948 1 -2 3 -4 -5 -6 7 -8 -9 -10 11 -12 13 14 15 16 17 18 19 -20 -21 -22 23 -24 -25 26 27 -28 -29 30 31 32 33 34 35 36 37 -38 -39 -40 41 42 -43 44 -45 -46 47 48 49 -50 0
uf50-0695 10536 1 -2 3 -4 5 6 7 -8 -9 -10 11 -12 13 14 15 16 17 -18 -19 -20 -21 -22 23 24 -25 -26 27 -28 -29 -30 31 32 33 34 35 36 37 -38 39 -40 41 42 -43 44 -45 46 47 48 49 50 0
uf50-0695 10536 1 -2 3 -4 5 6 7 -8 -9 -10 11 -12 13 14 15 16 17 -18 -19 -20 -21 -22 23 24 -25 -26 27 -28 -29 -30 31 32 33 34 35 36 37 -38 39 -40 41 42 -43 44 -45 46 47 48 49 50 0
uf50-0695 9948 1 -2 3 -4 -5 -6 7 -8 -9 -10 11 -12 13 14 15 16 17 18 19 -20 -21 -22 23 -24 -25 26 27 -28 -29 30 31 32 33 34 35 36 37 -38 -39 -40 41 42 -43 44 -45 -46 47 48 49 -50 0
