uf50-0320 7703 -1 2 -3 -4 5 -6 -7 8 -9 -10 -11 -12 13 -14 -15 -16 17 -18 19 20 -21 22 23 24 -25 -26 27 -28 29 30 31 -32 -33 -34 -35 36 -37 38 -39 40 41 -42 -43 44 45 -46 47 48 -49 50 0
uf50-0320 8206 1 2 -3 -4 5 -6 -7 8 -9 -10 -11 -12 13 -14 -15 -16 17 -18 19 20 -21 22 23 24 -25 26 27 -28 29 30 31 -32 33 -34 -35 36 -37 38 -39 40 41 -42 -43 44 45 -46 47 48 -49 50 0
uf50-0320 8206 1 2 -3 -4 5 -6 -7 8 -9 -10 -11 -12 13 -14 -15 -16 17 -18 19 20 -21 22 23 24 -25 26 27 -28 29 30 31 -32 33 -34 -35 36 -37 38 -39 40 41 -42 -43 44 45 -46 47 48 -49 50 0
uf50-0320 8206 1 2 -3 -4 5 -6 -7 8 -9 -10 -11 -12 13 -14 -15 -16 17 -18 19 20 -21 22 23 24 -25 26 27 -28 29 30 31 -32 33 -34 -35 36 -37 38 -39 40 41 -42 -43 44 45 -46 47 48 -49 50 0
uf50-0320 8206 1 2 -3 -4 5 -6 -7 8 -9 -10 -11 -12 13 -14 -15 -16 17 -18 19 20 -21 22 23 24 -25 26 27 -28 29 30 31 -32 33 -34 -35 36 -37 38 -39 40 41 -42 -43 44 45 -46 47 48 -49 50 0
uf50-0320 7087 -1 2 -3 -4 5 -6 -7 8 -9 -10 -11 -12 -13 -14 -15 -16 17 18 19 20 -21 22 23 24 -25 26 -27 -28 29 30 -31 -32 33 -34 -35 36 -37 38 -39 40 41 -42 -43 44 45 -46 47 -48 -49 -50 0
uf50-0320 8206 1 2 -3 -4 5 -6 -7 8 -9 -10 -11 -12 13 -14 -15 -16 17 -18 19 20 -21 22 23 24 -25 26 27 -28 29 30 31 -32 33 -34 -35 36 -37 38 -39 40 41 -42 -43 44 45 -46 47 48 -49 50 0
uf50-0320 8206 1 2 -3 -4 5 -6 -7 8 -9 -10 -11 -12 13 -14 -15 -16 17 -18 19 20 -21 22 23 24 -25 26 27 -28 29 30 31 -32 33 -34 -35 36 -37 38 -39 40 41 -42 -43 44 45 -46 47 48 -49 50 0
uf50-0320 8206 1 2 -3 -4 5 -6 -7 8 -9 -10 -11 -12 13 -14 -15 -16 17 -18 19 20 -21 22 23 24 -25 26 27 -28 29 30 31 -32 33 -34 -35 36 -37 38 -39 40 41 -42 -43 44 45 -46 47 48 -49 50 0
uf50-0320 8206 1 2 -3 -4 5 -6 -7 8 -9 -10 -11 -12 13 -14 -15 -16 17 -18 19 20 -21 22 23 24 -25 26 27 -28 29 30 31 -32 33 -34 -35 36 -37 38 -39 40 41 -42 -43 44 45 -46 47 48 -49 50 0
uf50-0320 8206 1 2 -3 -4 5 -6 -7 8 -9 -10 -11 -12 13 -14 -15 -16 17 -18 19 20 -21 22 23 24 -25 26 27 -28 29 30 31 -32 33 -34 -35 36 -37 38 -39 40 41 -42 -43 44 45 -46 47 48 -49 50 0
uf50-0320 8206 1 2 -3 -4 5 -6 -7 8 -9 -10 -11 -12 13 -14 -15 -16 17 -18 19 20 -21 22 23 24 -25 26 27 -28 29 30 31 -32 33 -34 -35 36 -37 38 -39 40 41 -42 -43 44 45 -46 47 48 -49 50 0
uf50-0320 8206 1 2 -3 -4 5 -6 -7 8 -9 -10 -11 -12 13 -14 -15 -16 17 -18 19 20 -21 22 23 24 -25 26 27 -28 29 30 31 -32 33 -34 -35 36 -37 38 -39 40 41 -42 -43 44 45 -46 47 48 -49 50 0
uf50-0320 8206 1 2 -3 -4 5 -6 -7 8 -9 -10 -11 -12 13 -14 -15 -16 17 -18 19 20 -21 22 23 24 -25 26 27 -28 29 30 31 -32 33 -34 -35 36 -37 38 -39 40 41 -42 -43 44 45 -46 47 48 -49 50 0
uf50-0320 8206 1 2 -3 -4 5 -6 -7 8 -9 -10 -11 -12 13 -14 -15 -16 17 -18 19 20 -21 22 23 24 -25 26 27 -28 29 30 31 -32 33 -34 -35 36 -37 38 -39 40 41 -42 -43 44 45 -46 47 48 -49 50 0
uf50-0320 7900 1 2 -3 -4 5 -6 -7 8 -9 -10 -11 -12 13 -14 -15 -16 17 -18 19 20 -21 22 23 24 -25 26 27 -28 29 30 31 -32 33 -34 -35 36 -37 38 -39 40 41 -42 -43 -44 45 -46 47 48 -49 50 0
uf50-0320 8206 1 2 -3 -4 5 -6 -7 8 -9 -10 -11 -12 13 -14 -15 -16 17 -18 19 20 -21 22 23 24 -25 26 27 -28 29 30 31 -32 33 -34 -35 36 -37 38 -39 40 41 -42 -43 44 45 -46 47 48 -49 50 0
uf50-0320 8206 1 2 -3 -4 5 -6 -7 8 -9 -10 -11 -12 13 -14 -15 -16 17 -18 19 20 -21 22 23 24 -25 26 27 -28 29 30 31 -32 33 -34 -35 36 -37 38 -39 40 41 -42 -43 44 45 -46 47 48 -49 50 0
uf50-0320 8206 1 2 -3 -4 5 -6 -7 8 -9 -10 -11 -12 13 -14 -15 -16 17 -18 19 20 -21 22 23 24 -25 26 27 -28 29 30 31 -32 33 -34 -35 36 -37 38 -39 40 41 -42 -43 44 45 -46 47 48 -49 50 0
uf50-0320 8206 1 2 -3 -4 5 -6 -7 8 -9 -10 -11 -12 13 -14 -15 -16 17 -18 19 20 -21 22 23 24 -25 26 27 -28 29 30 31 -32 33 -34 -35 36 -37 38 -39 40 41 -42 -43 44 45 -46 47 48 -49 50 0
uf50-0320 8206 1 2 -3 -4 5 -6 -7 8 -9 -10 -11 -12 13 -14 -15 -16 17 -18 19 20 -21 22 23 24 -25 26 27 -28 29 30 31 -32 33 -34 -35 36 -37 38 -39 40 41 -42 -43 44 45 -46 47 48 -49 50 0
uf50-0320 8206 1 2 -3 -4 5 -6 -7 8 -9 -10 -11 -12 13 -14 -15 -16 17 -18 19 20 -21 22 23 24 -25 26 27 -28 29 30 31 -32 33 -34 -35 36 -37 38 -39 40 41 -42 -43 44 45 -46 47 48 -49 50 0
uf50-0320 8206 1 2 -3 -4 5 -6 -7 8 -9 -10 -11 -12 13 -14 -15 -16 17 -18 19 20 -21 22 23 24 -25 26 27 -28 29 30 31 -32 33 -34 -35 36 -37 38 -39 40 41 -42 -43 44 45 -46 47 48 -49 50 0
uf50-0320 8206 1 2 -3 -4 5 -6 -7 8 -9 -10 -11 -12 13 -14 -15 -16 17 -18 19 20 -21 22 23 24 -25 26 27 -28 29 30 31 -32 33 -34 -35 36 -37 38 -39 40 41 -42 -43 44 45 -46 47 48 -49 50 0
uf50-0320 8206 1 2 -3 -4 5 -6 -7 8 -9 -10 -11 -12 13 -14 -15 -16 17 -18 19 20 -21 22 23 24 -25 26 27 -28 29 30 31 -32 33 -34 -35 36 -37 38 -39 40 41 -42 -43 44 45 -46 47 48 -49 50 0
uf50-0320 7800 -1 2 -3 -4 5 -6 -7 8 9 -10 -11 -12 13 -14 -15 -16 17 -18 19 20 -21 22 23 24 -25 -26 27 -28 29 30 31 -32 -33 -34 -35 36 -37 38 -39 40 41 -42 -43 44 45 -46 47 48 -49 50 0
uf50-0320 8206 1 2 -3 -4 5 -6 -7 8 -9 -10 -11 -12 13 -14 -15 -16 17 -18 19 20 -21 22 23 24 -25 26 27 -28 29 30 31 -32 33 -34 -35 36 -37 38 -39 40 41 -42 -43 44 45 -46 47 48 -49 50 0
uf50-0320 7837 -1 2 -3 -4 5 -6 -7 8 9 -10 -11 -12 13 -14 -15 -16 17 -18 19 20 -21 22 23 24 -25 26 27 -28 29 30 31 -32 -33 -34 -35 36 -37 38 -39 40 41 -42 -43 44 45 -46 47 -48 -49 50 0
uf50-0320 8206 1 2 -3 -4 5 -6 -7 8 -9 -10 -11 -12 13 -14 -15 -16 17 -18 19 20 -21 22 23 24 -25 26 27 -28 29 30 31 -32 33 -34 -35 36 -37 38 -39 40 41 -42 -43 44 45 -46 47 48 -49 50 0
uf50-0320 7744 1 2 -3 -4 5 -6 -7 8 -9 -10 -11 -12 13 -14 -15 -16 17 -18 19 20 -21 22 23 24 -25 -26 27 -28 29 30 31 -32 33 -34 -35 36 -37 38 -39 40 41 -42 -43 -44 45 -46 47 48 -49 50 0
uf50-0320 8206 1 2 -3 -4 5 -6 -7 8 -9 -10 -11 -12 13 -14 -15 -16 17 -18 19 20 -21 22 23 24 -25 26 27 -28 29 30 31 -32 33 -34 -35 36 -37 38 -39 40 41 -42 -43 44 45 -46 47 48 -49 50 0
uf50-0320 7304 -1 2 -3 -4 5 -6 -7 8 -9 10 -11 -12 13 -14 -15 -16 17 -18 19 20 -21 22 23 -24 -25 26 27 -28 29 30 31 -32 33 -34 -35 36 -37 38 -39 -40 41 -42 -43 44 45 -46 47 -48 -49 50 0
uf50-0320 8206 1 2 -3 -4 5 -6 -7 8 -9 -10 -11 -12 13 -14 -15 -16 17 -18 19 20 -21 22 23 24 -25 26 27 -28 29 30 31 -32 33 -34 -35 36 -37 38 -39 40 41 -42 -43 44 45 -46 47 48 -49 50 0
uf50-0320 8206 1 2 -3 -4 5 -6 -7 8 -9 -10 -11 -12 13 -14 -15 -16 17 -18 19 20 -21 22 23 24 -25 26 27 -28 29 30 31 -32 33 -34 -35 36 -37 38 -39 40 41 -42 -43 44 45 -46 47 48 -49 50 0
uf50-0320 8050 1 2 -3 -4 5 -6 -7 8 -9 -10 -11 -12 13 -14 -15 -16 17 -18 19 20 -21 22 23 24 -25 -26 27 -28 29 30 31 -32 33 -34 -35 36 -37 38 -39 40 41 -42 -43 44 45 -46 47 48 -49 50 0
uf50-0320 8206 1 2 -3 -4 5 -6 -7 8 -9 -10 -11 -12 13 -14 -15 -16 17 -18 19 20 -21 22 23 24 -25 26 27 -28 29 30 31 -32 33 -34 -35 36 -37 38 -39 40 41 -42 -43 44 45 -46 47 48 -49 50 0
uf50-0320 8206 1 2 -3 -4 5 -6 -7 8 -9 -10 -11 -12 13 -14 -15 -16 17 -18 19 20 -21 22 23 24 -25 26 27 -28 29 30 31 -32 33 -34 -35 36 -37 38 -39 40 41 -42 -43 44 45 -46 47 48 -49 50 0
uf50-0320 8206 1 2 -3 -4 5 -6 -7 8 -9 -10 -11 -12 13 -14 -15 -16 17 -18 19 20 -21 22 23 24 -25 26 27 -28 29 30 31 -32 33 -34 -35 36 -37 38 -39 40 41 -42 -43 44 45 -46 47 48 -49 50 0
uf50-0320 7160 -1 2 -3 4 5 -6 -7 8 -9 -10 -11 -12 -13 -14 15 -16 17 18 19 -20 -21 22 23 24 -25 -26 -27 -28 29 -30 31 -32 33 -34 -35 36 37 38 -39 40 41 42 -43 44 45 -46 47 -48 -49 -50 0
uf50-0320 8206 1 2 -3 -4 5 -6 -7 8 -9 -10 -11 -12 13 -14 -15 -16 17 -18 19 20 -21 22 23 24 -25 26 27 -28 29 30 31 -32 33 -34 -35 36 -37 38 -39 40 41 -42 -43 44 45 -46 47 48 -49 50 0
uf50-0320 7744 1 2 -3 -4 5 -6 -7 8 -9 -10 -11 -12 13 -14 -15 -16 17 -18 19 20 -21 22 23 24 -25 -26 27 -28 29 30 31 -32 33 -34 -35 36 -37 38 -39 40 41 -42 -43 -44 45 -46 47 48 -49 50 0
uf50-0320 7683 -1 2 -3 -4 5 -6 -7 -8 9 -10 -11 -12 13 -14 -15 -16 17 -18 19 20 -21 22 23 24 -25 26 27 -28 29 30 31 -32 -33 -34 -35 36 -37 38 -39 40 41 -42 -43 44 45 -46 47 48 -49 50 0
uf50-0320 8206 1 2 -3 -4 5 -6 -7 8 -9 -10 -11 -12 13 -14 -15 -16 17 -18 19 20 -21 22 23 24 -25 26 27 -28 29 30 31 -32 33 -34 -35 36 -37 38 -39 40 41 -42 -43 44 45 -46 47 48 -49 50 0
uf50-0320 7934 -1 2 -3 -4 5 -6 -7 8 -9 -10 -11 -12 13 -14 -15 -16 17 -18 19 20 -21 22 23 24 -25 26 27 -28 29 30 31 -32 33 -34 -35 36 -37 38 -39 40 41 -42 -43 44 45 -46 47 -48 -49 50 0
uf50-0320 7901 1 2 -3 -4 5 -6 -7 8 -9 -10 -11 -12 13 -14 -15 -16 17 -18 19 20 -21 22 23 24 -25 26 27 -28 29 30 31 -32 33 -34 -35 36 -37 38 -39 40 41 -42 -43 44 45 -46 47 -48 -49 -50 0
uf50-0320 8206 1 2 -3 -4 5 -6 -7 8 -9 -10 -11 -12 13 -14 -15 -16 17 -18 19 20 -21 22 23 24 -25 26 27 -28 29 30 31 -32 33 -34 -35 36 -37 38 -39 40 41 -42 -43 44 45 -46 47 48 -49 50 0
uf50-0320 8206 1 2 -3 -4 5 -6 -7 8 -9 -10 -11 -12 13 -14 -15 -16 17 -18 19 20 -21 22 23 24 -25 26 27 -28 29 30 31 -32 33 -34 -35 36 -37 38 -39 40 41 -42 -43 44 45 -46 47 48 -49 50 0
uf50-0320 8206 1 2 -3 -4 5 -6 -7 8 -9 -10 -11 -12 13 -14 -15 -16 17 -18 19 20 -21 22 23 24 -25 26 27 -28 29 30 31 -32 33 -34 -35 36 -37 38 -39 40 41 -42 -43 44 45 -46 47 48 -49 50 0
uf50-0320 8206 1 2 -3 -4 5 -6 -7 8 -9 -10 -11 -12 13 -14 -15 -16 17 -18 19 20 -21 22 23 24 -25 26 27 -28 29 30 31 -32 33 -34 -35 36 -37 38 -39 40 41 -42 -43 44 45 -46 47 48 -49 50 0
uf50-0320 8206 1 2 -3 -4 5 -6 -7 8 -9 -10 -11 -12 13 -14 -15 -16 17 -18 19 20 -21 22 23 24 -25 26 27 -28 29 30 31 -32 33 -34 -35 36 -37 38 -39 40 41 -42 -43 44 45 -46 47 48 -49 50 0
uf50-0320 8206 1 2 -3 -4 5 -6 -7 8 -9 -10 -11 -12 13 -14 -15 -16 17 -18 19 20 -21 22 23 24 -25 26 27 -28 29 30 31 -32 33 -34 -35 36 -37 38 -39 40 41 -42 -43 44 45 -46 47 48 -49 50 0
uf50-0320 8206 1 2 -3 -4 5 -6 -7 8 -9 -10 -11 -12 13 -14 -15 -16 17 -18 19 20 -21 22 23 24 -25 26 27 -28 29 30 31 -32 33 -34 -35 36 -37 38 -39 40 41 -42 -43 44 45 -46 47 48 -49 50 0
uf50-0320 8206 1 2 -3 -4 5 -6 -7 8 -9 -10 -11 -12 13 -14 -15 -16 17 -18 19 20 -21 22 23 24 -25 26 27 -28 29 30 31 -32 33 -34 -35 36 -37 38 -39 40 41 -42 -43 44 45 -46 47 48 -49 50 0
uf50-0320 8206 1 2 -3 -4 5 -6 -7 8 -9 -10 -11 -12 13 -14 -15 -16 17 -18 19 20 -21 22 23 24 -25 26 27 -28 29 30 31 -32 33 -34 -35 36 -37 38 -39 40 41 -42 -43 44 45 -46 47 48 -49 50 0
uf50-0320 8206 1 2 -3 -4 5 -6 -7 8 -9 -10 -11 -12 13 -14 -15 -16 17 -18 19 20 -21 22 23 24 -25 26 27 -28 29 30 31 -32 33 -34 -35 36 -37 38 -39 40 41 -42 -43 44 45 -46 47 48 -49 50 0
uf50-0320 8206 1 2 -3 -4 5 -6 -7 8 -9 -10 -11 -12 13 -14 -15 -16 17 -18 19 20 -21 22 23 24 -25 26 27 -28 29 30 31 -32 33 -34 -35 36 -37 38 -39 40 41 -42 -43 44 45 -46 47 48 -49 50 0
uf50-0320 8206 1 2 -3 -4 5 -6 -7 8 -9 -10 -11 -12 13 -14 -15 -16 17 -18 19 20 -21 22 23 24 -25 26 27 -28 29 30 31 -32 33 -34 -35 36 -37 38 -39 40 41 -42 -43 44 45 -46 47 48 -49 50 0
uf50-0320 8206 1 2 -3 -4 5 -6 -7 8 -9 -10 -11 -12 13 -14 -15 -16 17 -18 19 20 -21 22 23 24 -25 26 27 -28 29 30 31 -32 33 -34 -35 36 -37 38 -39 40 41 -42 -43 44 45 -46 47 48 -49 50 0
uf50-0320 8206 1 2 -3 -4 5 -6 -7 8 -9 -10 -11 -12 13 -14 -15 -16 17 -18 19 20 -21 22 23 24 -25 26 27 -28 29 30 31 -32 33 -34 -35 36 -37 38 -39 40 41 -42 -43 44 45 -46 47 48 -49 50 0
uf50-0320 8206 1 2 -3 -4 5 -6 -7 8 -9 -10 -11 -12 13 -14 -15 -16 17 -18 19 20 -21 22 23 24 -25 26 27 -28 29 30 31 -32 33 -34 -35 36 -37 38 -39 40 41 -42 -43 44 45 -46 47 48 -49 50 0
uf50-0320 8206 1 2 -3 -4 5 -6 -7 8 -9 -10 -11 -12 13 -14 -15 -16 17 -18 19 20 -21 22 23 24 -25 26 27 -28 29 30 31 -32 33 -34 -35 36 -37 38 -39 40 41 -42 -43 44 45 -46 47 48 -49 50 0
uf50-0320 8206 1 2 -3 -4 5 -6 -7 8 -9 -10 -11 -12 13 -14 -15 -16 17 -18 19 20 -21 22 23 24 -25 26 27 -28 29 30 31 -32 33 -34 -35 36 -37 38 -39 40 41 -42 -43 44 45 -46 47 48 -49 50 0
uf50-0320 8206 1 2 -3 -4 5 -6 -7 8 -9 -10 -11 -12 13 -14 -15 -16 17 -18 19 20 -21 22 23 24 -25 26 27 -28 29 30 31 -32 33 -34 -35 36 -37 38 -39 40 41 -42 -43 44 45 -46 47 48 -49 50 0
uf50-0320 8206 1 2 -3 -4 5 -6 -7 8 -9 -10 -11 -12 13 -14 -15 -16 17 -18 19 20 -21 22 23 24 -25 26 27 -28 29 30 31 -32 33 -34 -35 36 -37 38 -39 40 41 -42 -43 44 45 -46 47 48 -49 50 0
uf50-0320 8206 1 2 -3 -4 5 -6 -7 8 -9 -10 -11 -12 13 -14 -15 -16 17 -18 19 20 -21 22 23 24 -25 26 27 -28 29 30 31 -32 33 -34 -35 36 -37 38 -39 40 41 -42 -43 44 45 -46 47 48 -49 50 0
uf50-0320 8206 1 2 -3 -4 5 -6 -7 8 -9 -10 -11 -12 13 -14 -15 -16 17 -18 19 20 -21 22 23 24 -25 26 27 -28 29 30 31 -32 33 -34 -35 36 -37 38 -39 40 41 -42 -43 44 45 -46 47 48 -49 50 0
uf50-0320 8206 1 2 -3 -4 5 -6 -7 8 -9 -10 -11 -12 13 -14 -15 -16 17 -18 19 20 -21 22 23 24 -25 26 27 -28 29 30 31 -32 33 -34 -35 36 -37 38 -39 40 41 -42 -43 44 45 -46 47 48 -49 50 0
uf50-0320 8206 1 2 -3 -4 5 -6 -7 8 -9 -10 -11 -12 13 -14 -15 -16 17 -18 19 20 -21 22 23 24 -25 26 27 -28 29 30 31 -32 33 -34 -35 36 -37 38 -39 40 41 -42 -43 44 45 -46 47 48 -49 50 0
uf50-0320 8206 1 2 -3 -4 5 -6 -7 8 -9 -10 -11 -12 13 -14 -15 -16 17 -18 19 20 -21 22 23 24 -25 26 27 -28 29 30 31 -32 33 -34 -35 36 -37 38 -39 40 41 -42 -43 44 45 -46 47 48 -49 50 0
uf50-0320 8206 1 2 -3 -4 5 -6 -7 8 -9 -10 -11 -12 13 -14 -15 -16 17 -18 19 20 -21 22 23 24 -25 26 27 -28 29 30 31 -32 33 -34 -35 36 -37 38 -39 40 41 -42 -43 44 45 -46 47 48 -49 50 0
uf50-0320 8206 1 2 -3 -4 5 -6 -7 8 -9 -10 -11 -12 13 -14 -15 -16 17 -18 19 20 -21 22 23 24 -25 26 27 -28 29 30 31 -32 33 -34 -35 36 -37 38 -39 40 41 -42 -43 44 45 -46 47 48 -49 50 0
uf50-0320 8206 1 2 -3 -4 5 -6 -7 8 -9 -10 -11 -12 13 -14 -15 -16 17 -18 19 20 -21 22 23 24 -25 26 27 -28 29 30 31 -32 33 -34 -35 36 -37 38 -39 40 41 -42 -43 44 45 -46 47 48 -49 50 0
uf50-0320 8206 1 2 -3 -4 5 -6 -7 8 -9 -10 -11 -12 13 -14 -15 -16 17 -18 19 20 -21 22 23 24 -25 26 27 -28 29 30 31 -32 33 -34 -35 36 -37 38 -39 40 41 -42 -43 44 45 -46 47 48 -49 50 0
uf50-0320 8206 1 2 -3 -4 5 -6 -7 8 -9 -10 -11 -12 13 -14 -15 -16 17 -18 19 20 -21 22 23 24 -25 26 27 -28 29 30 31 -32 33 -34 -35 36 -37 38 -39 40 41 -42 -43 44 45 -46 47 48 -49 50 0
uf50-0320 8206 1 2 -3 -4 5 -6 -7 8 -9 -10 -11 -12 13 -14 -15 -16 17 -18 19 20 -21 22 23 24 -25 26 27 -28 29 30 31 -32 33 -34 -35 36 -37 38 -39 40 41 -42 -43 44 45 -46 47 48 -49 50 0
uf50-0320 8206 1 2 -3 -4 5 -6 -7 8 -9 -10 -11 -12 13 -14 -15 -16 17 -18 19 20 -21 22 23 24 -25 26 27 -28 29 30 31 -32 33 -34 -35 36 -37 38 -39 40 41 -42 -43 44 45 -46 47 48 -49 50 0
uf50-0320 7803 1 2 -3 -4 5 -6 -7 8 9 -10 -11 -12 13 -14 -15 -16 17 -18 19 20 -21 22 23 24 -25 26 27 -28 29 30 31 -32 -33 -34 -35 36 -37 38 -39 40 41 -42 -43 -44 45 -46 47 48 -49 50 0
uf50-0320 8206 1 2 -3 -4 5 -6 -7 8 -9 -10 -11 -12 13 -14 -15 -16 17 -18 19 20 -21 22 23 24 -25 26 27 -28 29 30 31 -32 33 -34 -35 36 -37 38 -39 40 41 -42 -43 44 45 -46 47 48 -49 50 0
uf50-0320 5290 -1 -2 3 -4 5 -6 -7 8 9 -10 -11 -12 -13 14 15 -16 17 18 19 20 -21 -22 23 24 -25 -26 -27 -28 29 -30 -31 32 33 -34 35 -36 37 38 -39 40 -41 -42 -43 44 45 -46 -47 -48 -49 -50 0
uf50-0320 8206 1 2 -3 -4 5 -6 -7 8 -9 -10 -11 -12 13 -14 -15 -16 17 -18 19 20 -21 22 23 24 -25 26 27 -28 29 30 31 -32 33 -34 -35 36 -37 38 -39 40 41 -42 -43 44 45 -46 47 48 -49 50 0
uf50-0320 8206 1 2 -3 -4 5 -6 -7 8 -9 -10 -11 -12 13 -14 -15 -16 17 -18 19 20 -21 22 23 24 -25 26 27 -28 29 30 31 -32 33 -34 -35 36 -37 38 -39 40 41 -42 -43 44 45 -46 47 48 -49 50 0
uf50-0320 8206 1 2 -3 -4 5 -6 -7 8 -9 -10 -11 -12 13 -14 -15 -16 17 -18 19 20 -21 22 23 24 -25 26 27 -28 29 30 31 -32 33 -34 -35 36 -37 38 -39 40 41 -42 -43 44 45 -46 47 48 -49 50 0
uf50-0320 8206 1 2 -3 -4 5 -6 -7 8 -9 -10 -11 -12 13 -14 -15 -16 17 -18 19 20 -21 22 23 24 -25 26 27 -28 29 30 31 -32 33 -34 -35 36 -37 38 -39 40 41 -42 -43 44 45 -46 47 48 -49 50 0
uf50-0320 8206 1 2 -3 -4 5 -6 -7 8 -9 -10 -11 -12 13 -14 -15 -16 17 -18 19 20 -21 22 23 24 -25 26 27 -28 29 30 31 -32 33 -34 -35 36 -37 38 -39 40 41 -42 -43 44 45 -46 47 48 -49 50 0
uf50-0320 8206 1 2 -3 -4 5 -6 -7 8 -9 -10 -11 -12 13 -14 -15 -16 17 -18 19 20 -21 22 23 24 -25 26 27 -28 29 30 31 -32 33 -34 -35 36 -37 38 -39 40 41 -42 -43 44 45 -46 47 48 -49 50 0
uf50-0320 7160 -1 2 -3 4 5 -6 -7 8 -9 -10 -11 -12 -13 -14 15 -16 17 18 19 -20 -21 22 23 24 -25 -26 -27 -28 29 -30 31 -32 33 -34 -35 36 37 38 -39 40 41 42 -43 44 45 -46 47 -48 -49 -50 0
uf50-0320 8206 1 2 -3 -4 5 -6 -7 8 -9 -10 -11 -12 13 -14 -15 -16 17 -18 19 20 -21 22 23 24 -25 26 27 -28 29 30 31 -32 33 -34 -35 36 -37 38 -39 40 41 -42 -43 44 45 -46 47 48 -49 50 0
uf50-0320 8206 1 2 -3 -4 5 -6 -7 8 -9 -10 -11 -12 13 -14 -15 -16 17 -18 19 20 -21 22 23 24 -25 26 27 -28 29 30 31 -32 33 -34 -35 36 -37 38 -39 40 41 -42 -43 44 45 -46 47 48 -49 50 0
uf50-0320 7900 1 2 -3 -4 5 -6 -7 8 -9 -10 -11 -12 13 -14 -15 -16 17 -18 19 20 -21 22 23 24 -25 26 27 -28 29 30 31 -32 33 -34 -35 36 -37 38 -39 40 41 -42 -43 -44 45 -46 47 48 -49 50 0
uf50-0320 8206 1 2 -3 -4 5 -6 -7 8 -9 -10 -11 -12 13 -14 -15 -16 17 -18 19 20 -21 22 23 24 -25 26 27 -28 29 30 31 -32 33 -34 -35 36 -37 38 -39 40 41 -42 -43 44 45 -46 47 48 -49 50 0
uf50-0320 8206 1 2 -3 -4 5 -6 -7 8 -9 -10 -11 -12 13 -14 -15 -16 17 -18 19 20 -21 22 23 24 -25 26 27 -28 29 30 31 -32 33 -34 -35 36 -37 38 -39 40 41 -42 -43 44 45 -46 47 48 -49 50 0
uf50-0320 8206 1 2 -3 -4 5 -6 -7 8 -9 -10 -11 -12 13 -14 -15 -16 17 -18 19 20 -21 22 23 24 -25 26 27 -28 29 30 31 -32 33 -34 -35 36 -37 38 -39 40 41 -42 -43 44 45 -46 47 48 -49 50 0
uf50-0320 8206 1 2 -3 -4 5 -6 -7 8 -9 -10 -11 -12 13 -14 -15 -16 17 -18 19 20 -21 22 23 24 -25 26 27 -28 29 30 31 -32 33 -34 -35 36 -37 38 -39 40 41 -42 -43 44 45 -46 47 48 -49 50 0
uf50-0320 8206 1 2 -3 -4 5 -6 -7 8 -9 -10 -11 -12 13 -14 -15 -16 17 -18 19 20 -21 22 23 24 -25 26 27 -28 29 30 31 -32 33 -34 -35 36 -37 38 -39 40 41 -42 -43 44 45 -46 47 48 -49 50 0
uf50-0320 8206 1 2 -3 -4 5 -6 -7 8 -9 -10 -11 -12 13 -14 -15 -16 17 -18 19 20 -21 22 23 24 -25 26 27 -28 29 30 31 -32 33 -34 -35 36 -37 38 -39 40 41 -42 -43 44 45 -46 47 48 -49 50 0
uf50-0320 8206 1 2 -3 -4 5 -6 -7 8 -9 -10 -11 -12 13 -14 -15 -16 17 -18 19 20 -21 22 23 24 -25 26 27 -28 29 30 31 -32 33 -34 -35 36 -37 38 -39 40 41 -42 -43 44 45 -46 47 48 -49 50 0
uf50-0320 8206 1 2 -3 -4 5 -6 -7 8 -9 -10 -11 -12 13 -14 -15 -16 17 -18 19 20 -21 22 23 24 -25 26 27 -28 29 30 31 -32 33 -34 -35 36 -37 38 -39 40 41 -42 -43 44 45 -46 47 48 -49 50 0
uf50-0320 8206 1 2 -3 -4 5 -6 -7 8 -9 -10 -11 -12 13 -14 -15 -16 17 -18 19 20 -21 22 23 24 -25 26 27 -28 29 30 31 -32 33 -34 -35 36 -37 38 -39 40 41 -42 -43 44 45 -46 47 48 -49 50 0
uf50-0320 8206 1 2 -3 -4 5 -6 -7 8 -9 -10 -11 -12 13 -14 -15 -16 17 -18 19 20 -21 22 23 24 -25 26 27 -28 29 30 31 -32 33 -34 -35 36 -37 38 -39 40 41 -42 -43 44 45 -46 47 48 -49 50 0
uf50-0320 7931 1 2 -3 -4 5 -6 -7 8 -9 -10 -11 -12 13 -14 -15 -16 17 -18 19 20 -21 22 23 24 -25 -26 27 -28 29 30 31 -32 33 -34 -35 36 -37 38 -39 40 41 -42 -43 44 45 -46 47 -48 -49 50 0
