uf50-0971 11930 -1 -2 3 4 5 6 7 8 9 10 11 12 13 -14 15 -16 17 -18 -19 20 -21 22 -23 -24 -25 26 27 28 -29 30 31 -32 33 -34 35 36 37 -38 39 40 -41 -42 43 -44 45 46 -47 48 49 50 0
uf50-0971 11930 -1 -2 3 4 5 6 7 8 9 10 11 12 13 -14 15 -16 17 -18 -19 20 -21 22 -23 -24 -25 26 27 28 -29 30 31 -32 33 -34 35 36 37 -38 39 40 -41 -42 43 -44 45 46 -47 48 49 50 0
uf50-0971 11930 -1 -2 3 4 5 6 7 8 9 10 11 12 13 -14 15 -16 17 -18 -19 20 -21 22 -23 -24 -25 26 27 28 -29 30 31 -32 33 -34 35 36 37 -38 39 40 -41 -42 43 -44 45 46 -47 48 49 50 0
uf50-0971 11930 -1 -2 3 4 5 6 7 8 9 10 11 12 13 -14 15 -16 17 -18 -19 20 -21 22 -23 -24 -25 26 27 28 -29 30 31 -32 33 -34 35 36 37 -38 39 40 -41 -42 43 -44 45 46 -47 48 49 50 0
uf50-0971 11930 -1 -2 3 4 5 6 7 8 9 10 11 12 13 -14 15 -16 17 -18 -19 20 -21 22 -23 -24 -25 26 27 28 -29 30 31 -32 33 -34 35 36 37 -38 39 40 -41 -42 43 -44 45 46 -47 48 49 50 0
uf50-0971 11585 1 -2 3 -4 5 6 7 8 -9 10 11 12 13 -14 15 -16 17 18 -19 20 -21 22 -23 -24 -25 26 27 -28 29 30 31 -32 33 -34 35 36 37 -38 39 40 -41 -42 43 -44 45 46 -47 48 49 50 0
uf50-0971 11930 -1 -2 3 4 5 6 7 8 9 10 11 12 13 -14 15 -16 17 -18 -19 20 -21 22 -23 -24 -25 26 27 28 -29 30 31 -32 33 -34 35 36 37 -38 39 40 -41 -42 43 -44 45 46 -47 48 49 50 0
uf50-0971 11930 -1 -2 3 4 5 6 7 8 9 10 11 12 13 -14 15 -16 17 -18 -19 20 -21 22 -23 -24 -25 26 27 28 -29 30 31 -32 33 -34 35 36 37 -38 39 40 -41 -42 43 -44 45 46 -47 48 49 50 0
uf50-0971 11930 -1 -2 3 4 5 6 7 8 9 10 11 12 13 -14 15 -16 17 -18 -19 20 -21 22 -23 -24 -25 26 27 28 -29 30 31 -32 33 -34 35 36 37 -38 39 40 -41 -42 43 -44 45 46 -47 48 49 50 0
uf50-0971 11727 -1 -2 3 4 5 6 7 8 9 10 11 12 13 -14 15 -16 17 -18 -19 20 -21 22 -23 -24 -25 26 27 -28 -29 30 31 -32 33 -34 35 36 37 -38 39 40 -41 -42 43 -44 45 46 -47 48 49 50 0
uf50-0971 11930 -1 -2 3 4 5 6 7 8 9 10 11 12 13 -14 15 -16 17 -18 -19 20 -21 22 -23 -24 -25 26 27 28 -29 30 31 -32 33 -34 35 36 37 -38 39 40 -41 -42 43 -44 45 46 -47 48 49 50 0
uf50-0971 11930 -1 -2 3 4 5 6 7 8 9 10 11 12 13 -14 15 -16 17 -18 -19 20 -21 22 -23 -24 -25 26 27 28 -29 30 31 -32 33 -34 35 36 37 -38 39 40 -41 -42 43 -44 45 46 -47 48 49 50 0
uf50-0971 11930 -1 -2 3 4 5 6 7 8 9 10 11 12 13 -14 15 -16 17 -18 -19 20 -21 22 -23 -24 -25 26 27 28 -29 30 31 -32 33 -34 35 36 37 -38 39 40 -41 -42 43 -44 45 46 -47 48 49 50 0
uf50-0971 11930 -1 -2 3 4 5 6 7 8 9 10 11 12 13 -14 15 -16 17 -18 -19 20 -21 22 -23 -24 -25 26 27 28 -29 30 31 -32 33 -34 35 36 37 -38 39 40 -41 -42 43 -44 45 46 -47 48 49 50 0
uf50-0971 11930 -1 -2 3 4 5 6 7 8 9 10 11 12 13 -14 15 -16 17 -18 -19 20 -21 22 -23 -24 -25 26 27 28 -29 30 31 -32 33 -34 35 36 37 -38 39 40 -41 -42 43 -44 45 46 -47 48 49 50 0
uf50-0971 11930 -1 -2 3 4 5 6 7 8 9 10 11 12 13 -14 15 -16 17 -18 -19 20 -21 22 -23 -24 -25 26 27 28 -29 30 31 -32 33 -34 35 36 37 -38 39 40 -41 -42 43 -44 45 46 -47 48 49 50 0
uf50-0971 11930 -1 -2 3 4 5 6 7 8 9 10 11 12 13 -14 15 -16 17 -18 -19 20 -21 22 -23 -24 -25 26 27 28 -29 30 31 -32 33 -34 35 36 37 -38 39 40 -41 -42 43 -44 45 46 -47 48 49 50 0
uf50-0971 11930 -1 -2 3 4 5 6 7 8 9 10 11 12 13 -14 15 -16 17 -18 -19 20 -21 22 -23 -24 -25 26 27 28 -29 30 31 -32 33 -34 35 36 37 -38 39 40 -41 -42 43 -44 45 46 -47 48 49 50 0
uf50-0971 11930 -1 -2 3 4 5 6 7 8 9 10 11 12 13 -14 15 -16 17 -18 -19 20 -21 22 -23 -24 -25 26 27 28 -29 30 31 -32 33 -34 35 36 37 -38 39 40 -41 -42 43 -44 45 46 -47 48 49 50 0
uf50-0971 11930 -1 -2 3 4 5 6 7 8 9 10 11 12 13 -14 15 -16 17 -18 -19 20 -21 22 -23 -24 -25 26 27 28 -29 30 31 -32 33 -34 35 36 37 -38 39 40 -41 -42 43 -44 45 46 -47 48 49 50 0
uf50-0971 11930 -1 -2 3 4 5 6 7 8 9 10 11 12 13 -14 15 -16 17 -18 -19 20 -21 22 -23 -24 -25 26 27 28 -29 30 31 -32 33 -34 35 36 37 -38 39 40 -41 -42 43 -44 45 46 -47 48 49 50 0
uf50-0971 11930 -1 -2 3 4 5 6 7 8 9 10 11 12 13 -14 15 -16 17 -18 -19 20 -21 22 -23 -24 -25 26 27 28 -29 30 31 -32 33 -34 35 36 37 -38 39 40 -41 -42 43 -44 45 46 -47 48 49 50 0
uf50-0971 11930 -1 -2 3 4 5 6 7 8 9 10 11 12 13 -14 15 -16 17 -18 -19 20 -21 22 -23 -24 -25 26 27 28 -29 30 31 -32 33 -34 35 36 37 -38 39 40 -41 -42 43 -44 45 46 -47 48 49 50 0
uf50-0971 11930 -1 -2 3 4 5 6 7 8 9 10 11 12 13 -14 15 -16 17 -18 -19 20 -21 22 -23 -24 -25 26 27 28 -29 30 31 -32 33 -34 35 36 37 -38 39 40 -41 -42 43 -44 45 46 -47 48 49 50 0
uf50-0971 11585 1 -2 3 -4 5 6 7 8 -9 10 11 12 13 -14 15 -16 17 18 -19 20 -21 22 -23 -24 -25 26 27 -28 29 30 31 -32 33 -34 35 36 37 -38 39 40 -41 -42 43 -44 45 46 -47 48 49 50 0
uf50-0971 11930 -1 -2 3 4 5 6 7 8 9 10 11 12 13 -14 15 -16 17 -18 -19 20 -21 22 -23 -24 -25 26 27 28 -29 30 31 -32 33 -34 35 36 37 -38 39 40 -41 -42 43 -44 45 46 -47 48 49 50 0
uf50-0971 11603 -1 -2 3 4 5 6 7 -8 9 10 11 12 13 -14 15 -16 17 -18 -19 20 -21 22 -23 -24 25 26 27 -28 -29 30 31 -32 33 -34 35 36 37 -38 39 40 -41 -42 43 -44 45 46 -47 48 49 50 0
uf50-0971 11438 -1 -2 3 -4 5 6 7 -8 9 10 11 12 13 -14 15 -16 17 -18 -19 20 -21 22 -23 -24 25 26 27 -28 -29 30 31 -32 33 -34 35 36 37 -38 39 40 -41 -42 43 -44 45 46 -47 48 49 50 0
uf50-0971 11585 1 -2 3 -4 5 6 7 8 -9 10 11 12 13 -14 15 -16 17 18 -19 20 -21 22 -23 -24 -25 26 27 -28 29 30 31 -32 33 -34 35 36 37 -38 39 40 -41 -42 43 -44 45 46 -47 48 49 50 0
uf50-0971 11930 -1 -2 3 4 5 6 7 8 9 10 11 12 13 -14 15 -16 17 -18 -19 20 -21 22 -23 -24 -25 26 27 28 -29 30 31 -32 33 -34 35 36 37 -38 39 40 -41 -42 43 -44 45 46 -47 48 49 50 0
uf50-0971 11800 1 -2 3 4 5 6 7 8 9 10 11 12 13 -14 15 -16 17 -18 -19 20 -21 22 -23 -24 -25 26 27 28 -29 30 31 -32 33 -34 35 36 37 -38 39 40 -41 -42 43 -44 45 46 -47 48 -49 50 0
uf50-0971 11930 -1 -2 3 4 5 6 7 8 9 10 11 12 13 -14 15 -16 17 -18 -19 20 -21 22 -23 -24 -25 26 27 28 -29 30 31 -32 33 -34 35 36 37 -38 39 40 -41 -42 43 -44 45 46 -47 48 49 50 0
uf50-0971 11930 -1 -2 3 4 5 6 7 8 9 10 11 12 13 -14 15 -16 17 -18 -19 20 -21 22 -23 -24 -25 26 27 28 -29 30 31 -32 33 -34 35 36 37 -38 39 40 -41 -42 43 -44 45 46 -47 48 49 50 0
uf50-0971 11585 1 -2 3 -4 5 6 7 8 -9 10 11 12 13 -14 15 -16 17 18 -19 20 -21 22 -23 -24 -25 26 27 -28 29 30 31 -32 33 -34 35 36 37 -38 39 40 -41 -42 43 -44 45 46 -47 48 49 50 0
uf50-0971 11930 -1 -2 3 4 5 6 7 8 9 10 11 12 13 -14 15 -16 17 -18 -19 20 -21 22 -23 -24 -25 26 27 28 -29 30 31 -32 33 -34 35 36 37 -38 39 40 -41 -42 43 -44 45 46 -47 48 49 50 0
uf50-0971 11930 -1 -2 3 4 5 6 7 8 9 10 11 12 13 -14 15 -16 17 -18 -19 20 -21 22 -23 -24 -25 26 27 28 -29 30 31 -32 33 -34 35 36 37 -38 39 40 -41 -42 43 -44 45 46 -47 48 49 50 0
uf50-0971 11597 1 -2 3 4 5 6 7 8 9 10 11 12 13 -14 15 -16 17 -18 -19 20 -21 22 -23 -24 -25 26 27 -28 -29 30 31 -32 33 -34 35 36 37 -38 39 40 -41 -42 43 -44 45 46 -47 48 -49 50 0
uf50-0971 11930 -1 -2 3 4 5 6 7 8 9 10 11 12 13 -14 15 -16 17 -18 -19 20 -21 22 -23 -24 -25 26 27 28 -29 30 31 -32 33 -34 35 36 37 -38 39 40 -41 -42 43 -44 45 46 -47 48 49 50 0
uf50-0971 11930 -1 -2 3 4 5 6 7 8 9 10 11 12 13 -14 15 -16 17 -18 -19 20 -21 22 -23 -24 -25 26 27 28 -29 30 31 -32 33 -34 35 36 37 -38 39 40 -41 -42 43 -44 45 46 -47 48 49 50 0
uf50-0971 11930 -1 -2 3 4 5 6 7 8 9 10 11 12 13 -14 15 -16 17 -18 -19 20 -21 22 -23 -24 -25 26 27 28 -29 30 31 -32 33 -34 35 36 37 -38 39 40 -41 -42 43 -44 45 46 -47 48 49 50 0
uf50-0971 11930 -1 -2 3 4 5 6 7 8 9 10 11 12 13 -14 15 -16 17 -18 -19 20 -21 22 -23 -24 -25 26 27 28 -29 30 31 -32 33 -34 35 36 37 -38 39 40 -41 -42 43 -44 45 46 -47 48 49 50 0
uf50-0971 11930 -1 -2 3 4 5 6 7 8 9 10 11 12 13 -14 15 -16 17 -18 -19 20 -21 22 -23 -24 -25 26 27 28 -29 30 31 -32 33 -34 35 36 37 -38 39 40 -41 -42 43 -44 45 46 -47 48 49 50 0
uf50-0971 11930 -1 -2 3 4 5 6 7 8 9 10 11 12 13 -14 15 -16 17 -18 -19 20 -21 22 -23 -24 -25 26 27 28 -29 30 31 -32 33 -34 35 36 37 -38 39 40 -41 -42 43 -44 45 46 -47 48 49 50 0
uf50-0971 11727 -1 -2 3 4 5 6 7 -8 9 10 11 12 13 -14 15 -16 17 -18 -19 20 -21 22 -23 -24 -25 26 27 28 -29 30 31 -32 33 -34 35 36 37 -38 39 40 -41 -42 43 -44 45 46 -47 48 49 50 0
uf50-0971 11930 -1 -2 3 4 5 6 7 8 9 10 11 12 13 -14 15 -16 17 -18 -19 20 -21 22 -23 -24 -25 26 27 28 -29 30 31 -32 33 -34 35 36 37 -38 39 40 -41 -42 43 -44 45 46 -47 48 49 50 0
uf50-0971 11585 1 -2 3 -4 5 6 7 8 -9 10 11 12 13 -14 15 -16 17 18 -19 20 -21 22 -23 -24 -25 26 27 -28 29 30 31 -32 33 -34 35 36 37 -38 39 40 -41 -42 43 -44 45 46 -47 48 49 50 0
uf50-0971 11930 -1 -2 3 4 5 6 7 8 9 10 11 12 13 -14 15 -16 17 -18 -19 20 -21 22 -23 -24 -25 26 27 28 -29 30 31 -32 33 -34 35 36 37 -38 39 40 -41 -42 43 -44 45 46 -47 48 49 50 0
uf50-0971 11930 -1 -2 3 4 5 6 7 8 9 10 11 12 13 -14 15 -16 17 -18 -19 20 -21 22 -23 -24 -25 26 27 28 -29 30 31 -32 33 -34 35 36 37 -38 39 40 -41 -42 43 -44 45 46 -47 48 49 50 0
uf50-0971 11930 -1 -2 3 4 5 6 7 8 9 10 11 12 13 -14 15 -16 17 -18 -19 20 -21 22 -23 -24 -25 26 27 28 -29 30 31 -32 33 -34 35 36 37 -38 39 40 -41 -42 43 -44 45 46 -47 48 49 50 0
uf50-0971 11930 -1 -2 3 4 5 6 7 8 9 10 11 12 13 -14 15 -16 17 -18 -19 20 -21 22 -23 -24 -25 26 27 28 -29 30 31 -32 33 -34 35 36 37 -38 39 40 -41 -42 43 -44 45 46 -47 48 49 50 0
uf50-0971 11930 -1 -2 3 4 5 6 7 8 9 10 11 12 13 -14 15 -16 17 -18 -19 20 -21 22 -23 -24 -25 26 27 28 -29 30 31 -32 33 -34 35 36 37 -38 39 40 -41 -42 43 -44 45 46 -47 48 49 50 0
uf50-0971 11930 -1 -2 3 4 5 6 7 8 9 10 11 12 13 -14 15 -16 17 -18 -19 20 -21 22 -23 -24 -25 26 27 28 -29 30 31 -32 33 -34 35 36 37 -38 39 40 -41 -42 43 -44 45 46 -47 48 49 50 0
uf50-0971 11930 -1 -2 3 4 5 6 7 8 9 10 11 12 13 -14 15 -16 17 -18 -19 20 -21 22 -23 -24 -25 26 27 28 -29 30 31 -32 33 -34 35 36 37 -38 39 40 -41 -42 43 -44 45 46 -47 48 49 50 0
uf50-0971 11930 -1 -2 3 4 5 6 7 8 9 10 11 12 13 -14 15 -16 17 -18 -19 20 -21 22 -23 -24 -25 26 27 28 -29 30 31 -32 33 -34 35 36 37 -38 39 40 -41 -42 43 -44 45 46 -47 48 49 50 0
uf50-0971 11930 -1 -2 3 4 5 6 7 8 9 10 11 12 13 -14 15 -16 17 -18 -19 20 -21 22 -23 -24 -25 26 27 28 -29 30 31 -32 33 -34 35 36 37 -38 39 40 -41 -42 43 -44 45 46 -47 48 49 50 0
uf50-0971 11930 -1 -2 3 4 5 6 7 8 9 10 11 12 13 -14 15 -16 17 -18 -19 20 -21 22 -23 -24 -25 26 27 28 -29 30 31 -32 33 -34 35 36 37 -38 39 40 -41 -42 43 -44 45 46 -47 48 49 50 0
uf50-0971 11618 -1 -2 3 4 5 6 7 -8 -9 10 11 12 13 -14 15 -16 17 -18 -19 20 -21 22 -23 -24 25 26 27 28 -29 30 31 -32 33 -34 35 36 37 -38 39 40 -41 -42 43 -44 45 46 -47 48 49 50 0
uf50-0971 11930 -1 -2 3 4 5 6 7 8 9 10 11 12 13 -14 15 -16 17 -18 -19 20 -21 22 -23 -24 -25 26 27 28 -29 30 31 -32 33 -34 35 36 37 -38 39 40 -41 -42 43 -44 45 46 -47 48 49 50 0
uf50-0971 11930 -1 -2 3 4 5 6 7 8 9 10 11 12 13 -14 15 -16 17 -18 -19 20 -21 22 -23 -24 -25 26 27 28 -29 30 31 -32 33 -34 35 36 37 -38 39 40 -41 -42 43 -44 45 46 -47 48 49 50 0
uf50-0971 11930 -1 -2 3 4 5 6 7 8 9 10 11 12 13 -14 15 -16 17 -18 -19 20 -21 22 -23 -24 -25 26 27 28 -29 30 31 -32 33 -34 35 36 37 -38 39 40 -41 -42 43 -44 45 46 -47 48 49 50 0
uf50-0971 11603 -1 -2 3 4 5 6 7 -8 9 10 11 12 13 -14 15 -16 17 -18 -19 20 -21 22 -23 -24 25 26 27 -28 -29 30 31 -32 33 -34 35 36 37 -38 39 40 -41 -42 43 -44 45 46 -47 48 49 50 0
uf50-0971 11930 -1 -2 3 4 5 6 7 8 9 10 11 12 13 -14 15 -16 17 -18 -19 20 -21 22 -23 -24 -25 26 27 28 -29 30 31 -32 33 -34 35 36 37 -38 39 40 -41 -42 43 -44 45 46 -47 48 49 50 0
uf50-0971 11930 -1 -2 3 4 5 6 7 8 9 10 11 12 13 -14 15 -16 17 -18 -19 20 -21 22 -23 -24 -25 26 27 28 -29 30 31 -32 33 -34 35 36 37 -38 39 40 -41 -42 43 -44 45 46 -47 48 49 50 0
uf50-0971 11676 1 -2 3 4 5 6 7 -8 9 10 11 12 13 -14 15 -16 17 -18 -19 20 -21 22 -23 -24 25 26 27 28 -29 30 31 -32 33 -34 35 36 37 -38 39 40 -41 -42 43 -44 45 46 -47 48 -49 50 0
uf50-0971 11585 1 -2 3 -4 5 6 7 8 -9 10 11 12 13 -14 15 -16 17 18 -19 20 -21 22 -23 -24 -25 26 27 -28 29 30 31 -32 33 -34 35 36 37 -38 39 40 -41 -42 43 -44 45 46 -47 48 49 50 0
uf50-0971 11930 -1 -2 3 4 5 6 7 8 9 10 11 12 13 -14 15 -16 17 -18 -19 20 -21 22 -23 -24 -25 26 27 28 -29 30 31 -32 33 -34 35 36 37 -38 39 40 -41 -42 43 -44 45 46 -47 48 49 50 0
uf50-0971 11930 -1 -2 3 4 5 6 7 8 9 10 11 12 13 -14 15 -16 17 -18 -19 20 -21 22 -23 -24 -25 26 27 28 -29 30 31 -32 33 -34 35 36 37 -38 39 40 -41 -42 43 -44 45 46 -47 48 49 50 0
uf50-0971 11603 -1 -2 3 4 5 6 7 -8 9 10 11 12 13 -14 15 -16 17 -18 -19 20 -21 22 -23 -24 25 26 27 -28 -29 30 31 -32 33 -34 35 36 37 -38 39 40 -41 -42 43 -44 45 46 -47 48 49 50 0
uf50-0971 11930 -1 -2 3 4 5 6 7 8 9 10 11 12 13 -14 15 -16 17 -18 -19 20 -21 22 -23 -24 -25 26 27 28 -29 30 31 -32 33 -34 35 36 37 -38 39 40 -41 -42 43 -44 45 46 -47 48 49 50 0
uf50-0971 11930 -1 -2 3 4 5 6 7 8 9 10 11 12 13 -14 15 -16 17 -18 -19 20 -21 22 -23 -24 -25 26 27 28 -29 30 31 -32 33 -34 35 36 37 -38 39 40 -41 -42 43 -44 45 46 -47 48 49 50 0
uf50-0971 11930 -1 -2 3 4 5 6 7 8 9 10 11 12 13 -14 15 -16 17 -18 -19 20 -21 22 -23 -24 -25 26 27 28 -29 30 31 -32 33 -34 35 36 37 -38 39 40 -41 -42 43 -44 45 46 -47 48 49 50 0
uf50-0971 11432 1 -2 3 -4 5 6 7 -8 9 10 11 12 13 -14 15 -16 17 -18 -19 20 -21 22 -23 -24 -25 26 27 28 -29 30 31 -32 33 -34 35 36 37 -38 39 40 -41 -42 43 -44 45 46 -47 48 -49 50 0
uf50-0971 11603 -1 -2 3 4 5 6 7 -8 9 10 11 12 13 -14 15 -16 17 -18 -19 20 -21 22 -23 -24 25 26 27 -28 -29 30 31 -32 33 -34 35 36 37 -38 39 40 -41 -42 43 -44 45 46 -47 48 49 50 0
uf50-0971 11930 -1 -2 3 4 5 6 7 8 9 10 11 12 13 -14 15 -16 17 -18 -19 20 -21 22 -23 -24 -25 26 27 28 -29 30 31 -32 33 -34 35 36 37 -38 39 40 -41 -42 43 -44 45 46 -47 48 49 50 0
uf50-0971 11930 -1 -2 3 4 5 6 7 8 9 10 11 12 13 -14 15 -16 17 -18 -19 20 -21 22 -23 -24 -25 26 27 28 -29 30 31 -32 33 -34 35 36 37 -38 39 40 -41 -42 43 -44 45 46 -47 48 49 50 0
uf50-0971 11930 -1 -2 3 4 5 6 7 8 9 10 11 12 13 -14 15 -16 17 -18 -19 20 -21 22 -23 -24 -25 26 27 28 -29 30 31 -32 33 -34 35 36 37 -38 39 40 -41 -42 43 -44 45 46 -47 48 49 50 0
uf50-0971 11585 1 -2 3 -4 5 6 7 8 -9 10 11 12 13 -14 15 -16 17 18 -19 20 -21 22 -23 -24 -25 26 27 -28 29 30 31 -32 33 -34 35 36 37 -38 39 40 -41 -42 43 -44 45 46 -47 48 49 50 0
uf50-0971 11930 -1 -2 3 4 5 6 7 8 9 10 11 12 13 -14 15 -16 17 -18 -19 20 -21 22 -23 -24 -25 26 27 28 -29 30 31 -32 33 -34 35 36 37 -38 39 40 -41 -42 43 -44 45 46 -47 48 49 50 0
uf50-0971 11930 -1 -2 3 4 5 6 7 8 9 10 11 12 13 -14 15 -16 17 -18 -19 20 -21 22 -23 -24 -25 26 27 28 -29 30 31 -32 33 -34 35 36 37 -38 39 40 -41 -42 43 -44 45 46 -47 48 49 50 0
uf50-0971 11930 -1 -2 3 4 5 6 7 8 9 10 11 12 13 -14 15 -16 17 -18 -19 20 -21 22 -23 -24 -25 26 27 28 -29 30 31 -32 33 -34 35 36 37 -38 39 40 -41 -42 43 -44 45 46 -47 48 49 50 0
uf50-0971 11930 -1 -2 3 4 5 6 7 8 9 10 11 12 13 -14 15 -16 17 -18 -19 20 -21 22 -23 -24 -25 26 27 28 -29 30 31 -32 33 -34 35 36 37 -38 39 40 -41 -42 43 -44 45 46 -47 48 49 50 0
uf50-0971 11930 -1 -2 3 4 5 6 7 8 9 10 11 12 13 -14 15 -16 17 -18 -19 20 -21 22 -23 -24 -25 26 27 28 -29 30 31 -32 33 -34 35 36 37 -38 39 40 -41 -42 43 -44 45 46 -47 48 49 50 0
uf50-0971 11930 -1 -2 3 4 5 6 7 8 9 10 11 12 13 -14 15 -16 17 -18 -19 20 -21 22 -23 -24 -25 26 27 28 -29 30 31 -32 33 -34 35 36 37 -38 39 40 -41 -42 43 -44 45 46 -47 48 49 50 0
uf50-0971 11800 1 -2 3 4 5 6 7 8 9 10 11 12 13 -14 15 -16 17 -18 -19 20 -21 22 -23 -24 -25 26 27 28 -29 30 31 -32 33 -34 35 36 37 -38 39 40 -41 -42 43 -44 45 46 -47 48 -49 50 0
uf50-0971 11806 -1 -2 3 4 5 6 7 -8 9 10 11 12 13 -14 15 -16 17 -18 -19 20 -21 22 -23 -24 25 26 27 28 -29 30 31 -32 33 -34 35 36 37 -38 39 40 -41 -42 43 -44 45 46 -47 48 49 50 0
uf50-0971 11930 -1 -2 3 4 5 6 7 8 9 10 11 12 13 -14 15 -16 17 -18 -19 20 -21 22 -23 -24 -25 26 27 28 -29 30 31 -32 33 -34 35 36 37 -38 39 40 -41 -42 43 -44 45 46 -47 48 49 50 0
uf50-0971 11930 -1 -2 3 4 5 6 7 8 9 10 11 12 13 -14 15 -16 17 -18 -19 20 -21 22 -23 -24 -25 26 27 28 -29 30 31 -32 33 -34 35 36 37 -38 39 40 -41 -42 43 -44 45 46 -47 48 49 50 0
uf50-0971 11930 -1 -2 3 4 5 6 7 8 9 10 11 12 13 -14 15 -16 17 -18 -19 20 -21 22 -23 -24 -25 26 27 28 -29 30 31 -32 33 -34 35 36 37 -38 39 40 -41 -42 43 -44 45 46 -47 48 49 50 0
uf50-0971 11438 -1 -2 3 -4 5 6 7 -8 9 10 11 12 13 -14 15 -16 17 -18 -19 20 -21 22 -23 -24 25 26 27 -28 -29 30 31 -32 33 -34 35 36 37 -38 39 40 -41 -42 43 -44 45 46 -47 48 49 50 0
uf50-0971 11930 -1 -2 3 4 5 6 7 8 9 10 11 12 13 -14 15 -16 17 -18 -19 20 -21 22 -23 -24 -25 26 27 28 -29 30 31 -32 33 -34 35 36 37 -38 39 40 -41 -42 43 -44 45 46 -47 48 49 50 0
uf50-0971 11562 -1 -2 3 -4 5 6 7 8 9 10 11 12 13 -14 15 -16 17 -18 -19 20 -21 22 -23 -24 -25 26 27 -28 -29 30 31 -32 33 -34 35 36 37 -38 39 40 -41 -42 43 -44 45 46 -47 48 49 50 0
uf50-0971 11930 -1 -2 3 4 5 6 7 8 9 10 11 12 13 -14 15 -16 17 -18 -19 20 -21 22 -23 -24 -25 26 27 28 -29 30 31 -32 33 -34 35 36 37 -38 39 40 -41 -42 43 -44 45 46 -47 48 49 50 0
uf50-0971 11930 -1 -2 3 4 5 6 7 8 9 10 11 12 13 -14 15 -16 17 -18 -19 20 -21 22 -23 -24 -25 26 27 28 -29 30 31 -32 33 -34 35 36 37 -38 39 40 -41 -42 43 -44 45 46 -47 48 49 50 0
uf50-0971 11930 -1 -2 3 4 5 6 7 8 9 10 11 12 13 -14 15 -16 17 -18 -19 20 -21 22 -23 -24 -25 26 27 28 -29 30 31 -32 33 -34 35 36 37 -38 39 40 -41 -42 43 -44 45 46 -47 48 49 50 0
uf50-0971 11930 -1 -2 3 4 5 6 7 8 9 10 11 12 13 -14 15 -16 17 -18 -19 20 -21 22 -23 -24 -25 26 27 28 -29 30 31 -32 33 -34 35 36 37 -38 39 40 -41 -42 43 -44 45 46 -47 48 49 50 0
uf50-0971 11930 -1 -2 3 4 5 6 7 8 9 10 11 12 13 -14 15 -16 17 -18 -19 20 -21 22 -23 -24 -25 26 27 28 -29 30 31 -32 33 -34 35 36 37 -38 39 40 -41 -42 43 -44 45 46 -47 48 49 50 0
uf50-0971 11930 -1 -2 3 4 5 6 7 8 9 10 11 12 13 -14 15 -16 17 -18 -19 20 -21 22 -23 -24 -25 26 27 28 -29 30 31 -32 33 -34 35 36 37 -38 39 40 -41 -42 43 -44 45 46 -47 48 49 50 0
uf50-0971 11531 1 -2 3 -4 5 6 7 8 -9 10 11 12 13 -14 15 -16 17 18 -19 20 -21 22 -23 -24 -25 26 27 -28 -29 30 31 -32 33 -34 35 36 37 -38 39 40 -41 -42 43 -44 45 46 -47 48 49 50 0
uf50-0971 11930 -1 -2 3 4 5 6 7 8 9 10 11 12 13 -14 15 -16 17 -18 -19 20 -21 22 -23 -24 -25 26 27 28 -29 30 31 -32 33 -34 35 36 37 -38 39 40 -41 -42 43 -44 45 46 -47 48 49 50 0
uf50-0971 11930 -1 -2 3 4 5 6 7 8 9 10 11 12 13 -14 15 -16 17 -18 -19 20 -21 22 -23 -24 -25 26 27 28 -29 30 31 -32 33 -34 35 36 37 -38 39 40 -41 -42 43 -44 45 46 -47 48 49 50 0
