uf50-0110 32872 -1 2 3 -4 -5 6 -7 -8 9 -10 11 12 -13 -14 -15 16 -17 -18 19 20 21 -22 23 -24 -25 -26 -27 -28 29 30 31 32 -33 34 35 36 37 38 -39 -40 41 42 -43 44 45 -46 47 48 49 50 0
uf50-0110 33361 -1 2 3 -4 5 6 -7 -8 9 -10 11 12 -13 -14 -15 16 -17 -18 19 20 21 -22 23 -24 -25 -26 -27 -28 29 30 31 32 -33 34 35 36 37 38 -39 -40 41 42 -43 44 45 -46 47 48 49 50 0
uf50-0110 32739 -1 2 3 -4 -5 6 -7 -8 9 -10 11 12 -13 -14 -15 16 -17 18 19 20 21 -22 23 -24 -25 -26 -27 -28 29 30 31 32 -33 34 35 36 37 38 -39 -40 41 42 -43 44 45 -46 47 48 49 -50 0
uf50-0110 29452 -1 2 -3 4 5 6 -7 -8 9 -10 11 -12 -13 -14 -15 -16 -17 -18 19 20 -21 22 23 24 25 -26 -27 28 29 -30 31 32 -33 -34 35 36 37 38 -39 -40 41 -42 -43 44 45 46 47 48 49 -50 0
uf50-0110 32739 -1 2 3 -4 -5 6 -7 -8 9 -10 11 12 -13 -14 -15 16 -17 18 19 20 21 -22 23 -24 -25 -26 -27 -28 29 30 31 32 -33 34 35 36 37 38 -39 -40 41 42 -43 44 45 -46 47 48 49 -50 0
uf50-0110 33361 -1 2 3 -4 5 6 -7 -8 9 -10 11 12 -13 -14 -15 16 -17 -18 19 20 21 -22 23 -24 -25 -26 -27 -28 29 30 31 32 -33 34 35 36 37 38 -39 -40 41 42 -43 44 45 -46 47 48 49 50 0
uf50-0110 32739 -1 2 3 -4 -5 6 -7 -8 9 -10 11 12 -13 -14 -15 16 -17 18 19 20 21 -22 23 -24 -25 -26 -27 -28 29 30 31 32 -33 34 35 36 37 38 -39 -40 41 42 -43 44 45 -46 47 48 49 -50 0
uf50-0110 32739 -1 2 3 -4 -5 6 -7 -8 9 -10 11 12 -13 -14 -15 16 -17 18 19 20 21 -22 23 -24 -25 -26 -27 -28 29 30 31 32 -33 34 35 36 37 38 -39 -40 41 42 -43 44 45 -46 47 48 49 -50 0
uf50-0110 32739 -1 2 3 -4 -5 6 -7 -8 9 -10 11 12 -13 -14 -15 16 -17 18 19 20 21 -22 23 -24 -25 -26 -27 -28 29 30 31 32 -33 34 35 36 37 38 -39 -40 41 42 -43 44 45 -46 47 48 49 -50 0
uf50-0110 32739 -1 2 3 -4 -5 6 -7 -8 9 -10 11 12 -13 -14 -15 16 -17 18 19 20 21 -22 23 -24 -25 -26 -27 -28 29 30 31 32 -33 34 35 36 37 38 -39 -40 41 42 -43 44 45 -46 47 48 49 -50 0
uf50-0110 29452 -1 2 -3 4 5 6 -7 -8 9 -10 11 -12 -13 -14 -15 -16 -17 -18 19 20 -21 22 23 24 25 -26 -27 28 29 -30 31 32 -33 -34 35 36 37 38 -39 -40 41 -42 -43 44 45 46 47 48 49 -50 0
uf50-0110 33361 -1 2 3 -4 5 6 -7 -8 9 -10 11 12 -13 -14 -15 16 -17 -18 19 20 21 -22 23 -24 -25 -26 -27 -28 29 30 31 32 -33 34 35 36 37 38 -39 -40 41 42 -43 44 45 -46 47 48 49 50 0
uf50-0110 29452 -1 2 -3 4 5 6 -7 -8 9 -10 11 -12 -13 -14 -15 -16 -17 -18 19 20 -21 22 23 24 25 -26 -27 28 29 -30 31 32 -33 -34 35 36 37 38 -39 -40 41 -42 -43 44 45 46 47 48 49 -50 0
uf50-0110 33005 -1 2 -3 -4 -5 6 -7 -8 9 -10 11 12 -13 -14 -15 16 -17 -18 19 20 -21 22 23 -24 -25 -26 -27 -28 29 30 31 32 -33 -34 35 36 37 38 39 -40 41 -42 -43 44 45 46 47 48 49 50 0
uf50-0110 33005 -1 2 -3 -4 -5 6 -7 -8 9 -10 11 12 -13 -14 -15 16 -17 -18 19 20 -21 22 23 -24 -25 -26 -27 -28 29 30 31 32 -33 -34 35 36 37 38 39 -40 41 -42 -43 44 45 46 47 48 49 50 0
uf50-0110 32739 -1 2 3 -4 -5 6 -7 -8 9 -10 11 12 -13 -14 -15 16 -17 18 19 20 21 -22 23 -24 -25 -26 -27 -28 29 30 31 32 -33 34 35 36 37 38 -39 -40 41 42 -43 44 45 -46 47 48 49 -50 0
uf50-0110 32161 -1 2 3 -4 -5 6 -7 -8 9 -10 11 12 -13 14 -15 16 -17 18 19 20 21 -22 23 -24 -25 -26 -27 -28 29 30 31 -32 -33 -34 35 36 37 38 39 -40 41 -42 -43 44 45 46 -47 48 49 -50 0
uf50-0110 33005 -1 2 -3 -4 -5 6 -7 -8 9 -10 11 12 -13 -14 -15 16 -17 -18 19 20 -21 22 23 -24 -25 -26 -27 -28 29 30 31 32 -33 -34 35 36 37 38 39 -40 41 -42 -43 44 45 46 47 48 49 50 0
uf50-0110 33361 -1 2 3 -4 5 6 -7 -8 9 -10 11 12 -13 -14 -15 16 -17 -18 19 20 21 -22 23 -24 -25 -26 -27 -28 29 30 31 32 -33 34 35 36 37 38 -39 -40 41 42 -43 44 45 -46 47 48 49 50 0
uf50-0110 32739 -1 2 3 -4 -5 6 -7 -8 9 -10 11 12 -13 -14 -15 16 -17 18 19 20 21 -22 23 -24 -25 -26 -27 -28 29 30 31 32 -33 34 35 36 37 38 -39 -40 41 42 -43 44 45 -46 47 48 49 -50 0
uf50-0110 29984 -1 2 3 -4 -5 6 -7 -8 -9 -10 -11 12 -13 14 -15 16 -17 18 19 20 21 -22 23 -24 -25 -26 -27 -28 29 30 31 -32 -33 -34 35 36 37 38 39 -40 41 -42 -43 44 45 46 -47 48 49 -50 0
uf50-0110 32161 -1 2 3 -4 -5 6 -7 -8 9 -10 11 12 -13 14 -15 16 -17 18 19 20 21 -22 23 -24 -25 -26 -27 -28 29 30 31 -32 -33 -34 35 36 37 38 39 -40 41 -42 -43 44 45 46 -47 48 49 -50 0
uf50-0110 32739 -1 2 3 -4 -5 6 -7 -8 9 -10 11 12 -13 -14 -15 16 -17 18 19 20 21 -22 23 -24 -25 -26 -27 -28 29 30 31 32 -33 34 35 36 37 38 -39 -40 41 42 -43 44 45 -46 47 48 49 -50 0
uf50-0110 32161 -1 2 3 -4 -5 6 -7 -8 9 -10 11 12 -13 14 -15 16 -17 18 19 20 21 -22 23 -24 -25 -26 -27 -28 29 30 31 -32 -33 -34 35 36 37 38 39 -40 41 -42 -43 44 45 46 -47 48 49 -50 0
uf50-0110 33361 -1 2 3 -4 5 6 -7 -8 9 -10 11 12 -13 -14 -15 16 -17 -18 19 20 21 -22 23 -24 -25 -26 -27 -28 29 30 31 32 -33 34 35 36 37 38 -39 -40 41 42 -43 44 45 -46 47 48 49 50 0
uf50-0110 29452 -1 2 -3 4 5 6 -7 -8 9 -10 11 -12 -13 -14 -15 -16 -17 -18 19 20 -21 22 23 24 25 -26 -27 28 29 -30 31 32 -33 -34 35 36 37 38 -39 -40 41 -42 -43 44 45 46 47 48 49 -50 0
uf50-0110 32161 -1 2 3 -4 -5 6 -7 -8 9 -10 11 12 -13 14 -15 16 -17 18 19 20 21 -22 23 -24 -25 -26 -27 -28 29 30 31 -32 -33 -34 35 36 37 38 39 -40 41 -42 -43 44 45 46 -47 48 49 -50 0
uf50-0110 32250 -1 2 -3 -4 -5 6 -7 -8 9 -10 11 12 -13 -14 -15 16 17 -18 19 20 -21 22 23 -24 -25 -26 -27 -28 29 30 31 -32 -33 -34 35 36 37 38 39 -40 41 -42 -43 44 45 46 47 48 49 50 0
uf50-0110 32161 -1 2 3 -4 -5 6 -7 -8 9 -10 11 12 -13 14 -15 16 -17 18 19 20 21 -22 23 -24 -25 -26 -27 -28 29 30 31 -32 -33 -34 35 36 37 38 39 -40 41 -42 -43 44 45 46 -47 48 49 -50 0
uf50-0110 29452 -1 2 -3 4 5 6 -7 -8 9 -10 11 -12 -13 -14 -15 -16 -17 -18 19 20 -21 22 23 24 25 -26 -27 28 29 -30 31 32 -33 -34 35 36 37 38 -39 -40 41 -42 -43 44 45 46 47 48 49 -50 0
uf50-0110 32739 -1 2 3 -4 -5 6 -7 -8 9 -10 11 12 -13 -14 -15 16 -17 18 19 20 21 -22 23 -24 -25 -26 -27 -28 29 30 31 32 -33 34 35 36 37 38 -39 -40 41 42 -43 44 45 -46 47 48 49 -50 0
uf50-0110 33005 -1 2 -3 -4 -5 6 -7 -8 9 -10 11 12 -13 -14 -15 16 -17 -18 19 20 -21 22 23 -24 -25 -26 -27 -28 29 30 31 32 -33 -34 35 36 37 38 39 -40 41 -42 -43 44 45 46 47 48 49 50 0
uf50-0110 33361 -1 2 3 -4 5 6 -7 -8 9 -10 11 12 -13 -14 -15 16 -17 -18 19 20 21 -22 23 -24 -25 -26 -27 -28 29 30 31 32 -33 34 35 36 37 38 -39 -40 41 42 -43 44 45 -46 47 48 49 50 0
uf50-0110 33361 -1 2 3 -4 5 6 -7 -8 9 -10 11 12 -13 -14 -15 16 -17 -18 19 20 21 -22 23 -24 -25 -26 -27 -28 29 30 31 32 -33 34 35 36 37 38 -39 -40 41 42 -43 44 45 -46 47 48 49 50 0
uf50-0110 33361 -1 2 3 -4 5 6 -7 -8 9 -10 11 12 -13 -14 -15 16 -17 -18 19 20 21 -22 23 -24 -25 -26 -27 -28 29 30 31 32 -33 34 35 36 37 38 -39 -40 41 42 -43 44 45 -46 47 48 49 50 0
uf50-0110 32161 -1 2 3 -4 -5 6 -7 -8 9 -10 11 12 -13 14 -15 16 -17 18 19 20 21 -22 23 -24 -25 -26 -27 -28 29 30 31 -32 -33 -34 35 36 37 38 39 -40 41 -42 -43 44 45 46 -47 48 49 -50 0
uf50-0110 31872 -1 2 -3 -4 -5 6 -7 -8 9 -10 11 12 -13 -14 -15 16 -17 -18 19 20 -21 -22 23 -24 -25 -26 -27 -28 29 30 31 32 -33 -34 35 36 37 38 -39 -40 41 -42 -43 44 45 46 47 48 49 50 0
uf50-0110 32739 -1 2 3 -4 -5 6 -7 -8 9 -10 11 12 -13 -14 -15 16 -17 18 19 20 21 -22 23 -24 -25 -26 -27 -28 29 30 31 32 -33 34 35 36 37 38 -39 -40 41 42 -43 44 45 -46 47 48 49 -50 0
uf50-0110 33361 -1 2 3 -4 5 6 -7 -8 9 -10 11 12 -13 -14 -15 16 -17 -18 19 20 21 -22 23 -24 -25 -26 -27 -28 29 30 31 32 -33 34 35 36 37 38 -39 -40 41 42 -43 44 45 -46 47 48 49 50 0
uf50-0110 32161 -1 2 3 -4 -5 6 -7 -8 9 -10 11 12 -13 14 -15 16 -17 18 19 20 21 -22 23 -24 -25 -26 -27 -28 29 30 31 -32 -33 -34 35 36 37 38 39 -40 41 -42 -43 44 45 46 -47 48 49 -50 0
uf50-0110 32739 -1 2 3 -4 -5 6 -7 -8 9 -10 11 12 -13 -14 -15 16 -17 18 19 20 21 -22 23 -24 -25 -26 -27 -28 29 30 31 32 -33 34 35 36 37 38 -39 -40 41 42 -43 44 45 -46 47 48 49 -50 0
uf50-0110 33361 -1 2 3 -4 5 6 -7 -8 9 -10 11 12 -13 -14 -15 16 -17 -18 19 20 21 -22 23 -24 -25 -26 -27 -28 29 30 31 32 -33 34 35 36 37 38 -39 -40 41 42 -43 44 45 -46 47 48 49 50 0
uf50-0110 32161 -1 2 3 -4 -5 6 -7 -8 9 -10 11 12 -13 14 -15 16 -17 18 19 20 21 -22 23 -24 -25 -26 -27 -28 29 30 31 -32 -33 -34 35 36 37 38 39 -40 41 -42 -43 44 45 46 -47 48 49 -50 0
uf50-0110 32161 -1 2 3 -4 -5 6 -7 -8 9 -10 11 12 -13 14 -15 16 -17 18 19 20 21 -22 23 -24 -25 -26 -27 -28 29 30 31 -32 -33 -34 35 36 37 38 39 -40 41 -42 -43 44 45 46 -47 48 49 -50 0
uf50-0110 32739 -1 2 3 -4 -5 6 -7 -8 9 -10 11 12 -13 -14 -15 16 -17 18 19 20 21 -22 23 -24 -25 -26 -27 -28 29 30 31 32 -33 34 35 36 37 38 -39 -40 41 42 -43 44 45 -46 47 48 49 -50 0
uf50-0110 32872 -1 2 3 -4 -5 6 -7 -8 9 -10 11 12 -13 -14 -15 16 -17 -18 19 20 21 -22 23 -24 -25 -26 -27 -28 29 30 31 32 -33 34 35 36 37 38 -39 -40 41 42 -43 44 45 -46 47 48 49 50 0
uf50-0110 33361 -1 2 3 -4 5 6 -7 -8 9 -10 11 12 -13 -14 -15 16 -17 -18 19 20 21 -22 23 -24 -25 -26 -27 -28 29 30 31 32 -33 34 35 36 37 38 -39 -40 41 42 -43 44 45 -46 47 48 49 50 0
uf50-0110 33361 -1 2 3 -4 5 6 -7 -8 9 -10 11 12 -13 -14 -15 16 -17 -18 19 20 21 -22 23 -24 -25 -26 -27 -28 29 30 31 32 -33 34 35 36 37 38 -39 -40 41 42 -43 44 45 -46 47 48 49 50 0
uf50-0110 33361 -1 2 3 -4 5 6 -7 -8 9 -10 11 12 -13 -14 -15 16 -17 -18 19 20 21 -22 23 -24 -25 -26 -27 -28 29 30 31 32 -33 34 35 36 37 38 -39 -40 41 42 -43 44 45 -46 47 48 49 50 0
uf50-0110 33361 -1 2 3 -4 5 6 -7 -8 9 -10 11 12 -13 -14 -15 16 -17 -18 19 20 21 -22 23 -24 -25 -26 -27 -28 29 30 31 32 -33 34 35 36 37 38 -39 -40 41 42 -43 44 45 -46 47 48 49 50 0
uf50-0110 33361 -1 2 3 -4 5 6 -7 -8 9 -10 11 12 -13 -14 -15 16 -17 -18 19 20 21 -22 23 -24 -25 -26 -27 -28 29 30 31 32 -33 34 35 36 37 38 -39 -40 41 42 -43 44 45 -46 47 48 49 50 0
uf50-0110 32161 -1 2 3 -4 -5 6 -7 -8 9 -10 11 12 -13 14 -15 16 -17 18 19 20 21 -22 23 -24 -25 -26 -27 -28 29 30 31 -32 -33 -34 35 36 37 38 39 -40 41 -42 -43 44 45 46 -47 48 49 -50 0
uf50-0110 33005 -1 2 -3 -4 -5 6 -7 -8 9 -10 11 12 -13 -14 -15 16 -17 -18 19 20 -21 22 23 -24 -25 -26 -27 -28 29 30 31 32 -33 -34 35 36 37 38 39 -40 41 -42 -43 44 45 46 47 48 49 50 0
uf50-0110 32161 -1 2 3 -4 -5 6 -7 -8 9 -10 11 12 -13 14 -15 16 -17 18 19 20 21 -22 23 -24 -25 -26 -27 -28 29 30 31 -32 -33 -34 35 36 37 38 39 -40 41 -42 -43 44 45 46 -47 48 49 -50 0
uf50-0110 32739 -1 2 3 -4 -5 6 -7 -8 9 -10 11 12 -13 -14 -15 16 -17 18 19 20 21 -22 23 -24 -25 -26 -27 -28 29 30 31 32 -33 34 35 36 37 38 -39 -40 41 42 -43 44 45 -46 47 48 49 -50 0
uf50-0110 33361 -1 2 3 -4 5 6 -7 -8 9 -10 11 12 -13 -14 -15 16 -17 -18 19 20 21 -22 23 -24 -25 -26 -27 -28 29 30 31 32 -33 34 35 36 37 38 -39 -40 41 42 -43 44 45 -46 47 48 49 50 0
uf50-0110 32739 -1 2 3 -4 -5 6 -7 -8 9 -10 11 12 -13 -14 -15 16 -17 18 19 20 21 -22 23 -24 -25 -26 -27 -28 29 30 31 32 -33 34 35 36 37 38 -39 -40 41 42 -43 44 45 -46 47 48 49 -50 0
uf50-0110 32294 -1 2 3 -4 -5 6 -7 -8 9 -10 11 12 -13 -14 -15 16 -17 -18 19 20 -21 -22 23 -24 -25 -26 -27 -28 29 30 31 32 -33 34 35 36 37 38 -39 -40 41 42 -43 44 45 -46 47 48 49 50 0
uf50-0110 32161 -1 2 3 -4 -5 6 -7 -8 9 -10 11 12 -13 14 -15 16 -17 18 19 20 21 -22 23 -24 -25 -26 -27 -28 29 30 31 -32 -33 -34 35 36 37 38 39 -40 41 -42 -43 44 45 46 -47 48 49 -50 0
uf50-0110 32161 -1 2 3 -4 -5 6 -7 -8 9 -10 11 12 -13 14 -15 16 -17 18 19 20 21 -22 23 -24 -25 -26 -27 -28 29 30 31 -32 -33 -34 35 36 37 38 39 -40 41 -42 -43 44 45 46 -47 48 49 -50 0
uf50-0110 32161 -1 2 3 -4 -5 6 -7 -8 9 -10 11 12 -13 14 -15 16 -17 18 19 20 21 -22 23 -24 -25 -26 -27 -28 29 30 31 -32 -33 -34 35 36 37 38 39 -40 41 -42 -43 44 45 46 -47 48 49 -50 0
uf50-0110 33361 -1 2 3 -4 5 6 -7 -8 9 -10 11 12 -13 -14 -15 16 -17 -18 19 20 21 -22 23 -24 -25 -26 -27 -28 29 30 31 32 -33 34 35 36 37 38 -39 -40 41 42 -43 44 45 -46 47 48 49 50 0
uf50-0110 29452 -1 2 -3 4 5 6 -7 -8 9 -10 11 -12 -13 -14 -15 -16 -17 -18 19 20 -21 22 23 24 25 -26 -27 28 29 -30 31 32 -33 -34 35 36 37 38 -39 -40 41 -42 -43 44 45 46 47 48 49 -50 0
uf50-0110 33005 -1 2 -3 -4 -5 6 -7 -8 9 -10 11 12 -13 -14 -15 16 -17 -18 19 20 -21 22 23 -24 -25 -26 -27 -28 29 30 31 32 -33 -34 35 36 37 38 39 -40 41 -42 -43 44 45 46 47 48 49 50 0
uf50-0110 29452 -1 2 -3 4 5 6 -7 -8 9 -10 11 -12 -13 -14 -15 -16 -17 -18 19 20 -21 22 23 24 25 -26 -27 28 29 -30 31 32 -33 -34 35 36 37 38 -39 -40 41 -42 -43 44 45 46 47 48 49 -50 0
uf50-0110 33361 -1 2 3 -4 5 6 -7 -8 9 -10 11 12 -13 -14 -15 16 -17 -18 19 20 21 -22 23 -24 -25 -26 -27 -28 29 30 31 32 -33 34 35 36 37 38 -39 -40 41 42 -43 44 45 -46 47 48 49 50 0
uf50-0110 32161 -1 2 3 -4 -5 6 -7 -8 9 -10 11 12 -13 14 -15 16 -17 18 19 20 21 -22 23 -24 -25 -26 -27 -28 29 30 31 -32 -33 -34 35 36 37 38 39 -40 41 -42 -43 44 45 46 -47 48 49 -50 0
uf50-0110 33005 -1 2 -3 -4 -5 6 -7 -8 9 -10 11 12 -13 -14 -15 16 -17 -18 19 20 -21 22 23 -24 -25 -26 -27 -28 29 30 31 32 -33 -34 35 36 37 38 39 -40 41 -42 -43 44 45 46 47 48 49 50 0
uf50-0110 33361 -1 2 3 -4 5 6 -7 -8 9 -10 11 12 -13 -14 -15 16 -17 -18 19 20 21 -22 23 -24 -25 -26 -27 -28 29 30 31 32 -33 34 35 36 37 38 -39 -40 41 42 -43 44 45 -46 47 48 49 50 0
uf50-0110 33361 -1 2 3 -4 5 6 -7 -8 9 -10 11 12 -13 -14 -15 16 -17 -18 19 20 21 -22 23 -24 -25 -26 -27 -28 29 30 31 32 -33 34 35 36 37 38 -39 -40 41 42 -43 44 45 -46 47 48 49 50 0
uf50-0110 32383 -1 2 -3 -4 -5 6 -7 -8 9 -10 11 12 -13 -14 -15 16 -17 -18 19 20 -21 22 23 -24 -25 -26 -27 -28 29 30 31 32 -33 -34 35 36 37 38 39 -40 41 -42 -43 44 45 46 47 48 49 -50 0
uf50-0110 33361 -1 2 3 -4 5 6 -7 -8 9 -10 11 12 -13 -14 -15 16 -17 -18 19 20 21 -22 23 -24 -25 -26 -27 -28 29 30 31 32 -33 34 35 36 37 38 -39 -40 41 42 -43 44 45 -46 47 48 49 50 0
uf50-0110 29452 -1 2 -3 4 5 6 -7 -8 9 -10 11 -12 -13 -14 -15 -16 -17 -18 19 20 -21 22 23 24 25 -26 -27 28 29 -30 31 32 -33 -34 35 36 37 38 -39 -40 41 -42 -43 44 45 46 47 48 49 -50 0
uf50-0110 32739 -1 2 3 -4 -5 6 -7 -8 9 -10 11 12 -13 -14 -15 16 -17 18 19 20 21 -22 23 -24 -25 -26 -27 -28 29 30 31 32 -33 34 35 36 37 38 -39 -40 41 42 -43 44 45 -46 47 48 49 -50 0
uf50-0110 32161 -1 2 3 -4 -5 6 -7 -8 9 -10 11 12 -13 14 -15 16 -17 18 19 20 21 -22 23 -24 -25 -26 -27 -28 29 30 31 -32 -33 -34 35 36 37 38 39 -40 41 -42 -43 44 45 46 -47 48 49 -50 0
uf50-0110 33005 -1 2 -3 -4 -5 6 -7 -8 9 -10 11 12 -13 -14 -15 16 -17 -18 19 20 -21 22 23 -24 -25 -26 -27 -28 29 30 31 32 -33 -34 35 36 37 38 39 -40 41 -42 -43 44 45 46 47 48 49 50 0
uf50-0110 33361 -1 2 3 -4 5 6 -7 -8 9 -10 11 12 -13 -14 -15 16 -17 -18 19 20 21 -22 23 -24 -25 -26 -27 -28 29 30 31 32 -33 34 35 36 37 38 -39 -40 41 42 -43 44 45 -46 47 48 49 50 0
uf50-0110 33361 -1 2 3 -4 5 6 -7 -8 9 -10 11 12 -13 -14 -15 16 -17 -18 19 20 21 -22 23 -24 -25 -26 -27 -28 29 30 31 32 -33 34 35 36 37 38 -39 -40 41 42 -43 44 45 -46 47 48 49 50 0
uf50-0110 33361 -1 2 3 -4 5 6 -7 -8 9 -10 11 12 -13 -14 -15 16 -17 -18 19 20 21 -22 23 -24 -25 -26 -27 -28 29 30 31 32 -33 34 35 36 37 38 -39 -40 41 42 -43 44 45 -46 47 48 49 50 0
uf50-0110 32739 -1 2 3 -4 -5 6 -7 -8 9 -10 11 12 -13 -14 -15 16 -17 18 19 20 21 -22 23 -24 -25 -26 -27 -28 29 30 31 32 -33 34 35 36 37 38 -39 -40 41 42 -43 44 45 -46 47 48 49 -50 0
uf50-0110 29452 -1 2 -3 4 5 6 -7 -8 9 -10 11 -12 -13 -14 -15 -16 -17 -18 19 20 -21 22 23 24 25 -26 -27 28 29 -30 31 32 -33 -34 35 36 37 38 -39 -40 41 -42 -43 44 45 46 47 48 49 -50 0
uf50-0110 29452 -1 2 -3 4 5 6 -7 -8 9 -10 11 -12 -13 -14 -15 -16 -17 -18 19 20 -21 22 23 24 25 -26 -27 28 29 -30 31 32 -33 -34 35 36 37 38 -39 -40 41 -42 -43 44 45 46 47 48 49 -50 0
uf50-0110 32739 -1 2 3 -4 -5 6 -7 -8 9 -10 11 12 -13 -14 -15 16 -17 18 19 20 21 -22 23 -24 -25 -26 -27 -28 29 30 31 32 -33 34 35 36 37 38 -39 -40 41 42 -43 44 45 -46 47 48 49 -50 0
uf50-0110 33361 -1 2 3 -4 5 6 -7 -8 9 -10 11 12 -13 -14 -15 16 -17 -18 19 20 21 -22 23 -24 -25 -26 -27 -28 29 30 31 32 -33 34 35 36 37 38 -39 -40 41 42 -43 44 45 -46 47 48 49 50 0
uf50-0110 33361 -1 2 3 -4 5 6 -7 -8 9 -10 11 12 -13 -14 -15 16 -17 -18 19 20 21 -22 23 -24 -25 -26 -27 -28 29 30 31 32 -33 34 35 36 37 38 -39 -40 41 42 -43 44 45 -46 47 48 49 50 0
uf50-0110 29452 -1 2 -3 4 5 6 -7 -8 9 -10 11 -12 -13 -14 -15 -16 -17 -18 19 20 -21 22 23 24 25 -26 -27 28 29 -30 31 32 -33 -34 35 36 37 38 -39 -40 41 -42 -43 44 45 46 47 48 49 -50 0
uf50-0110 32739 -1 2 3 -4 -5 6 -7 -8 9 -10 11 12 -13 -14 -15 16 -17 18 19 20 21 -22 23 -24 -25 -26 -27 -28 29 30 31 32 -33 34 35 36 37 38 -39 -40 41 42 -43 44 45 -46 47 48 49 -50 0
uf50-0110 33361 -1 2 3 -4 5 6 -7 -8 9 -10 11 12 -13 -14 -15 16 -17 -18 19 20 21 -22 23 -24 -25 -26 -27 -28 29 30 31 32 -33 34 35 36 37 38 -39 -40 41 42 -43 44 45 -46 47 48 49 50 0
uf50-0110 33361 -1 2 3 -4 5 6 -7 -8 9 -10 11 12 -13 -14 -15 16 -17 -18 19 20 21 -22 23 -24 -25 -26 -27 -28 29 30 31 32 -33 34 35 36 37 38 -39 -40 41 42 -43 44 45 -46 47 48 49 50 0
uf50-0110 32739 -1 2 3 -4 -5 6 -7 -8 9 -10 11 12 -13 -14 -15 16 -17 18 19 20 21 -22 23 -24 -25 -26 -27 -28 29 30 31 32 -33 34 35 36 37 38 -39 -40 41 42 -43 44 45 -46 47 48 49 -50 0
uf50-0110 32161 -1 2 3 -4 -5 6 -7 -8 9 -10 11 12 -13 14 -15 16 -17 18 19 20 21 -22 23 -24 -25 -26 -27 -28 29 30 31 -32 -33 -34 35 36 37 38 39 -40 41 -42 -43 44 45 46 -47 48 49 -50 0
uf50-0110 29452 -1 2 -3 4 5 6 -7 -8 9 -10 11 -12 -13 -14 -15 -16 -17 -18 19 20 -21 22 23 24 25 -26 -27 28 29 -30 31 32 -33 -34 35 36 37 38 -39 -40 41 -42 -43 44 45 46 47 48 49 -50 0
uf50-0110 33005 -1 2 -3 -4 -5 6 -7 -8 9 -10 11 12 -13 -14 -15 16 -17 -18 19 20 -21 22 23 -24 -25 -26 -27 -28 29 30 31 32 -33 -34 35 36 37 38 39 -40 41 -42 -43 44 45 46 47 48 49 50 0
uf50-0110 32872 -1 2 3 -4 -5 6 -7 -8 9 -10 11 12 -13 -14 -15 16 -17 -18 19 20 21 -22 23 -24 -25 -26 -27 -28 29 30 31 32 -33 34 35 36 37 38 -39 -40 41 42 -43 44 45 -46 47 48 49 50 0
uf50-0110 32739 -1 2 3 -4 -5 6 -7 -8 9 -10 11 12 -13 -14 -15 16 -17 18 19 20 21 -22 23 -24 -25 -26 -27 -28 29 30 31 32 -33 34 35 36 37 38 -39 -40 41 42 -43 44 45 -46 47 48 49 -50 0
uf50-0110 32161 -1 2 3 -4 -5 6 -7 -8 9 -10 11 12 -13 14 -15 16 -17 18 19 20 21 -22 23 -24 -25 -26 -27 -28 29 30 31 -32 -33 -34 35 36 37 38 39 -40 41 -42 -43 44 45 46 -47 48 49 -50 0
uf50-0110 32739 -1 2 3 -4 -5 6 -7 -8 9 -10 11 12 -13 -14 -15 16 -17 18 19 20 21 -22 23 -24 -25 -26 -27 -28 29 30 31 32 -33 34 35 36 37 38 -39 -40 41 42 -43 44 45 -46 47 48 49 -50 0
uf50-0110 32739 -1 2 3 -4 -5 6 -7 -8 9 -10 11 12 -13 -14 -15 16 -17 18 19 20 21 -22 23 -24 -25 -26 -27 -28 29 30 31 32 -33 34 35 36 37 38 -39 -40 41 42 -43 44 45 -46 47 48 49 -50 0
uf50-0110 32049 -1 2 3 -4 -5 6 -7 -8 9 -10 11 12 -13 -14 -15 16 -17 -18 19 20 -21 -22 23 -24 -25 -26 -27 -28 29 30 31 32 -33 34 35 36 37 38 -39 -40 41 -42 -43 44 45 -46 47 48 49 50 0
uf50-0110 33361 -1 2 3 -4 5 6 -7 -8 9 -10 11 12 -13 -14 -15 16 -17 -18 19 20 21 -22 23 -24 -25 -26 -27 -28 29 30 31 32 -33 34 35 36 37 38 -39 -40 41 42 -43 44 45 -46 47 48 49 50 0
