uf50-098 6756 1 -2 -3 -4 -5 -6 7 8 -9 10 -11 12 -13 -14 15 -16 17 -18 19 -20 -21 22 -23 24 -25 26 -27 28 -29 30 -31 -32 33 34 35 36 -37 38 -39 40 41 42 -43 -44 45 -46 47 48 49 -50 0
uf50-098 6756 1 -2 -3 -4 -5 -6 7 8 -9 10 -11 12 -13 -14 15 -16 17 -18 19 -20 -21 22 -23 24 -25 26 -27 28 -29 30 -31 -32 33 34 35 36 -37 38 -39 40 41 42 -43 -44 45 -46 47 48 49 -50 0
uf50-098 8202 -1 -2 3 4 5 -6 -7 8 -9 10 -11 12 -13 -14 15 -16 -17 -18 19 -20 21 22 23 24 -25 26 -27 28 -29 30 -31 -32 -33 34 -35 36 -37 38 39 -40 -41 42 -43 44 45 46 47 48 49 -50 0
uf50-098 7168 -1 -2 3 4 -5 -6 -7 8 -9 10 -11 12 -13 -14 15 -16 -17 -18 -19 -20 21 22 -23 -24 -25 26 -27 28 -29 -30 -31 -32 -33 34 -35 36 -37 38 39 -40 -41 42 -43 -44 45 46 47 48 49 -50 0
uf50-098 7904 -1 -2 3 4 5 -6 -7 8 -9 10 -11 12 -13 -14 15 -16 -17 -18 19 -20 21 22 23 -24 -25 26 -27 28 -29 -30 -31 -32 -33 34 -35 36 -37 38 39 -40 -41 42 -43 44 45 46 47 48 49 -50 0
uf50-098 6756 1 -2 -3 -4 -5 -6 7 8 -9 10 -11 12 -13 -14 15 -16 17 -18 19 -20 -21 22 -23 24 -25 26 -27 28 -29 30 -31 -32 33 34 35 36 -37 38 -39 40 41 42 -43 -44 45 -46 47 48 49 -50 0
uf50-098 8149 -1 -2 3 -4 5 -6 -7 8 -9 10 -11 12 -13 -14 15 -16 -17 -18 19 20 -21 22 23 24 25 26 -27 28 -29 30 -31 -32 -33 34 -35 36 -37 38 39 -40 -41 42 -43 44 45 46 47 48 49 -50 0
uf50-098 8202 -1 -2 3 4 5 -6 -7 8 -9 10 -11 12 -13 -14 15 -16 -17 -18 19 -20 21 22 23 24 -25 26 -27 28 -29 30 -31 -32 -33 34 -35 36 -37 38 39 -40 -41 42 -43 44 45 46 47 48 49 -50 0
uf50-098 8202 -1 -2 3 4 5 -6 -7 8 -9 10 -11 12 -13 -14 15 -16 -17 -18 19 -20 21 22 23 24 -25 26 -27 28 -29 30 -31 -32 -33 34 -35 36 -37 38 39 -40 -41 42 -43 44 45 46 47 48 49 -50 0
uf50-098 8202 -1 -2 3 4 5 -6 -7 8 -9 10 -11 12 -13 -14 15 -16 -17 -18 19 -20 21 22 23 24 -25 26 -27 28 -29 30 -31 -32 -33 34 -35 36 -37 38 39 -40 -41 42 -43 44 45 46 47 48 49 -50 0
uf50-098 8202 -1 -2 3 4 5 -6 -7 8 -9 10 -11 12 -13 -14 15 -16 -17 -18 19 -20 21 22 23 24 -25 26 -27 28 -29 30 -31 -32 -33 34 -35 36 -37 38 39 -40 -41 42 -43 44 45 46 47 48 49 -50 0
uf50-098 8149 -1 -2 3 -4 5 -6 -7 8 -9 10 -11 12 -13 -14 15 -16 -17 -18 19 20 -21 22 23 24 25 26 -27 28 -29 30 -31 -32 -33 34 -35 36 -37 38 39 -40 -41 42 -43 44 45 46 47 48 49 -50 0
uf50-098 8149 -1 -2 3 -4 5 -6 -7 8 -9 10 -11 12 -13 -14 15 -16 -17 -18 19 20 -21 22 23 24 25 26 -27 28 -29 30 -31 -32 -33 34 -35 36 -37 38 39 -40 -41 42 -43 44 45 46 47 48 49 -50 0
uf50-098 8202 -1 -2 3 4 5 -6 -7 8 -9 10 -11 12 -13 -14 15 -16 -17 -18 19 -20 21 22 23 24 -25 26 -27 28 -29 30 -31 -32 -33 34 -35 36 -37 38 39 -40 -41 42 -43 44 45 46 47 48 49 -50 0
uf50-098 7948 1 -2 3 4 5 -6 -7 8 -9 -10 -11 12 -13 -14 15 -16 -17 -18 19 -20 -21 22 23 24 -25 26 -27 28 -29 30 -31 -32 -33 34 35 36 -37 38 39 -40 -41 42 -43 44 45 46 47 48 49 -50 0
uf50-098 8202 -1 -2 3 4 5 -6 -7 8 -9 10 -11 12 -13 -14 15 -16 -17 -18 19 -20 21 22 23 24 -25 26 -27 28 -29 30 -31 -32 -33 34 -35 36 -37 38 39 -40 -41 42 -43 44 45 46 47 48 49 -50 0
uf50-098 8202 -1 -2 3 4 5 -6 -7 8 -9 10 -11 12 -13 -14 15 -16 -17 -18 19 -20 21 22 23 24 -25 26 -27 28 -29 30 -31 -32 -33 34 -35 36 -37 38 39 -40 -41 42 -43 44 45 46 47 48 49 -50 0
uf50-098 8202 -1 -2 3 4 5 -6 -7 8 -9 10 -11 12 -13 -14 15 -16 -17 -18 19 -20 21 22 23 24 -25 26 -27 28 -29 30 -31 -32 -33 34 -35 36 -37 38 39 -40 -41 42 -43 44 45 46 47 48 49 -50 0
uf50-098 8202 -1 -2 3 4 5 -6 -7 8 -9 10 -11 12 -13 -14 15 -16 -17 -18 19 -20 21 22 23 24 -25 26 -27 28 -29 30 -31 -32 -33 34 -35 36 -37 38 39 -40 -41 42 -43 44 45 46 47 48 49 -50 0
uf50-098 8057 1 -2 3 4 5 -6 -7 8 -9 -10 -11 12 -13 -14 15 -16 -17 -18 19 -20 21 22 23 24 -25 26 -27 28 -29 30 -31 -32 -33 34 35 36 -37 38 39 -40 -41 42 -43 44 45 46 47 48 49 -50 0
uf50-098 6756 1 -2 -3 -4 -5 -6 7 8 -9 10 -11 12 -13 -14 15 -16 17 -18 19 -20 -21 22 -23 24 -25 26 -27 28 -29 30 -31 -32 33 34 35 36 -37 38 -39 40 41 42 -43 -44 45 -46 47 48 49 -50 0
uf50-098 8202 -1 -2 3 4 5 -6 -7 8 -9 10 -11 12 -13 -14 15 -16 -17 -18 19 -20 21 22 23 24 -25 26 -27 28 -29 30 -31 -32 -33 34 -35 36 -37 38 39 -40 -41 42 -43 44 45 46 47 48 49 -50 0
uf50-098 8057 1 -2 3 4 5 -6 -7 8 -9 -10 -11 12 -13 -14 15 -16 -17 -18 19 -20 21 22 23 24 -25 26 -27 28 -29 30 -31 -32 -33 34 35 36 -37 38 39 -40 -41 42 -43 44 45 46 47 48 49 -50 0
uf50-098 6756 1 -2 -3 -4 -5 -6 7 8 -9 10 -11 12 -13 -14 15 -16 17 -18 19 -20 -21 22 -23 24 -25 26 -27 28 -29 30 -31 -32 33 34 35 36 -37 38 -39 40 41 42 -43 -44 45 -46 47 48 49 -50 0
uf50-098 8202 -1 -2 3 4 5 -6 -7 8 -9 10 -11 12 -13 -14 15 -16 -17 -18 19 -20 21 22 23 24 -25 26 -27 28 -29 30 -31 -32 -33 34 -35 36 -37 38 39 -40 -41 42 -43 44 45 46 47 48 49 -50 0
uf50-098 7402 1 -2 3 -4 -5 -6 -7 8 -9 -10 -11 12 -13 -14 15 -16 -17 -18 19 -20 -21 22 23 24 -25 26 -27 28 -29 30 -31 -32 -33 34 35 36 -37 38 39 -40 -41 42 -43 44 45 46 47 -48 49 -50 0
uf50-098 8057 1 -2 3 4 5 -6 -7 8 -9 -10 -11 12 -13 -14 15 -16 -17 -18 19 -20 21 22 23 24 -25 26 -27 28 -29 30 -31 -32 -33 34 35 36 -37 38 39 -40 -41 42 -43 44 45 46 47 48 49 -50 0
uf50-098 8202 -1 -2 3 4 5 -6 -7 8 -9 10 -11 12 -13 -14 15 -16 -17 -18 19 -20 21 22 23 24 -25 26 -27 28 -29 30 -31 -32 -33 34 -35 36 -37 38 39 -40 -41 42 -43 44 45 46 47 48 49 -50 0
uf50-098 8202 -1 -2 3 4 5 -6 -7 8 -9 10 -11 12 -13 -14 15 -16 -17 -18 19 -20 21 22 23 24 -25 26 -27 28 -29 30 -31 -32 -33 34 -35 36 -37 38 39 -40 -41 42 -43 44 45 46 47 48 49 -50 0
uf50-098 8149 -1 -2 3 -4 5 -6 -7 8 -9 10 -11 12 -13 -14 15 -16 -17 -18 19 20 -21 22 23 24 25 26 -27 28 -29 30 -31 -32 -33 34 -35 36 -37 38 39 -40 -41 42 -43 44 45 46 47 48 49 -50 0
uf50-098 8103 -1 -2 3 -4 5 -6 -7 8 -9 10 -11 12 -13 -14 15 -16 -17 -18 19 -20 -21 22 23 24 25 26 -27 28 -29 30 -31 -32 -33 34 -35 36 -37 38 39 -40 -41 42 -43 44 45 46 47 48 49 -50 0
uf50-098 8202 -1 -2 3 4 5 -6 -7 8 -9 10 -11 12 -13 -14 15 -16 -17 -18 19 -20 21 22 23 24 -25 26 -27 28 -29 30 -31 -32 -33 34 -35 36 -37 38 39 -40 -41 42 -43 44 45 46 47 48 49 -50 0
uf50-098 6756 1 -2 -3 -4 -5 -6 7 8 -9 10 -11 12 -13 -14 15 -16 17 -18 19 -20 -21 22 -23 24 -25 26 -27 28 -29 30 -31 -32 33 34 35 36 -37 38 -39 40 41 42 -43 -44 45 -46 47 48 49 -50 0
uf50-098 8202 -1 -2 3 4 5 -6 -7 8 -9 10 -11 12 -13 -14 15 -16 -17 -18 19 -20 21 22 23 24 -25 26 -27 28 -29 30 -31 -32 -33 34 -35 36 -37 38 39 -40 -41 42 -43 44 45 46 47 48 49 -50 0
uf50-098 8202 -1 -2 3 4 5 -6 -7 8 -9 10 -11 12 -13 -14 15 -16 -17 -18 19 -20 21 22 23 24 -25 26 -27 28 -29 30 -31 -32 -33 34 -35 36 -37 38 39 -40 -41 42 -43 44 45 46 47 48 49 -50 0
uf50-098 8149 -1 -2 3 -4 5 -6 -7 8 -9 10 -11 12 -13 -14 15 -16 -17 -18 19 20 -21 22 23 24 25 26 -27 28 -29 30 -31 -32 -33 34 -35 36 -37 38 39 -40 -41 42 -43 44 45 46 47 48 49 -50 0
uf50-098 7934 -1 -2 3 -4 5 -6 -7 8 -9 -10 -11 12 -13 -14 15 -16 -17 -18 19 20 -21 22 23 24 25 26 -27 28 -29 30 -31 -32 -33 34 35 36 -37 38 39 -40 -41 42 -43 44 45 46 47 48 49 -50 0
uf50-098 7874 -1 -2 3 4 5 -6 -7 8 -9 -10 -11 12 -13 -14 15 -16 -17 -18 19 -20 21 22 23 24 -25 26 -27 28 -29 30 -31 -32 -33 34 -35 36 -37 38 39 -40 -41 42 -43 44 45 46 47 48 49 -50 0
uf50-098 8149 -1 -2 3 -4 5 -6 -7 8 -9 10 -11 12 -13 -14 15 -16 -17 -18 19 20 -21 22 23 24 25 26 -27 28 -29 30 -31 -32 -33 34 -35 36 -37 38 39 -40 -41 42 -43 44 45 46 47 48 49 -50 0
uf50-098 8149 -1 -2 3 -4 5 -6 -7 8 -9 10 -11 12 -13 -14 15 -16 -17 -18 19 20 -21 22 23 24 25 26 -27 28 -29 30 -31 -32 -33 34 -35 36 -37 38 39 -40 -41 42 -43 44 45 46 47 48 49 -50 0
uf50-098 6756 1 -2 -3 -4 -5 -6 7 8 -9 10 -11 12 -13 -14 15 -16 17 -18 19 -20 -21 22 -23 24 -25 26 -27 28 -29 30 -31 -32 33 34 35 36 -37 38 -39 40 41 42 -43 -44 45 -46 47 48 49 -50 0
uf50-098 6756 1 -2 -3 -4 -5 -6 7 8 -9 10 -11 12 -13 -14 15 -16 17 -18 19 -20 -21 22 -23 24 -25 26 -27 28 -29 30 -31 -32 33 34 35 36 -37 38 -39 40 41 42 -43 -44 45 -46 47 48 49 -50 0
uf50-098 7636 1 -2 3 4 -5 -6 -7 8 -9 -10 -11 12 -13 -14 15 -16 -17 -18 19 -20 21 -22 23 24 25 26 -27 28 -29 30 -31 -32 -33 34 -35 36 -37 38 39 -40 -41 42 -43 44 45 46 47 48 49 -50 0
uf50-098 8202 -1 -2 3 4 5 -6 -7 8 -9 10 -11 12 -13 -14 15 -16 -17 -18 19 -20 21 22 23 24 -25 26 -27 28 -29 30 -31 -32 -33 34 -35 36 -37 38 39 -40 -41 42 -43 44 45 46 47 48 49 -50 0
uf50-098 8202 -1 -2 3 4 5 -6 -7 8 -9 10 -11 12 -13 -14 15 -16 -17 -18 19 -20 21 22 23 24 -25 26 -27 28 -29 30 -31 -32 -33 34 -35 36 -37 38 39 -40 -41 42 -43 44 45 46 47 48 49 -50 0
uf50-098 6756 1 -2 -3 -4 -5 -6 7 8 -9 10 -11 12 -13 -14 15 -16 17 -18 19 -20 -21 22 -23 24 -25 26 -27 28 -29 30 -31 -32 33 34 35 36 -37 38 -39 40 41 42 -43 -44 45 -46 47 48 49 -50 0
uf50-098 8149 -1 -2 3 -4 5 -6 -7 8 -9 10 -11 12 -13 -14 15 -16 -17 -18 19 20 -21 22 23 24 25 26 -27 28 -29 30 -31 -32 -33 34 -35 36 -37 38 39 -40 -41 42 -43 44 45 46 47 48 49 -50 0
uf50-098 8202 -1 -2 3 4 5 -6 -7 8 -9 10 -11 12 -13 -14 15 -16 -17 -18 19 -20 21 22 23 24 -25 26 -27 28 -29 30 -31 -32 -33 34 -35 36 -37 38 39 -40 -41 42 -43 44 45 46 47 48 49 -50 0
uf50-098 8057 1 -2 3 4 5 -6 -7 8 -9 -10 -11 12 -13 -14 15 -16 -17 -18 19 -20 21 22 23 24 -25 26 -27 28 -29 30 -31 -32 -33 34 35 36 -37 38 39 -40 -41 42 -43 44 45 46 47 48 49 -50 0
uf50-098 8202 -1 -2 3 4 5 -6 -7 8 -9 10 -11 12 -13 -14 15 -16 -17 -18 19 -20 21 22 23 24 -25 26 -27 28 -29 30 -31 -32 -33 34 -35 36 -37 38 39 -40 -41 42 -43 44 45 46 47 48 49 -50 0
uf50-098 8202 -1 -2 3 4 5 -6 -7 8 -9 10 -11 12 -13 -14 15 -16 -17 -18 19 -20 21 22 23 24 -25 26 -27 28 -29 30 -31 -32 -33 34 -35 36 -37 38 39 -40 -41 42 -43 44 45 46 47 48 49 -50 0
uf50-098 7546 1 -2 3 4 -5 -6 -7 8 -9 -10 -11 12 -13 -14 15 -16 -17 -18 19 -20 21 22 23 24 -25 26 -27 28 -29 30 -31 -32 -33 34 -35 36 -37 38 39 -40 -41 42 -43 44 45 46 47 -48 49 -50 0
uf50-098 8149 -1 -2 3 -4 5 -6 -7 8 -9 10 -11 12 -13 -14 15 -16 -17 -18 19 20 -21 22 23 24 25 26 -27 28 -29 30 -31 -32 -33 34 -35 36 -37 38 39 -40 -41 42 -43 44 45 46 47 48 49 -50 0
uf50-098 8202 -1 -2 3 4 5 -6 -7 8 -9 10 -11 12 -13 -14 15 -16 -17 -18 19 -20 21 22 23 24 -25 26 -27 28 -29 30 -31 -32 -33 34 -35 36 -37 38 39 -40 -41 42 -43 44 45 46 47 48 49 -50 0
uf50-098 8202 -1 -2 3 4 5 -6 -7 8 -9 10 -11 12 -13 -14 15 -16 -17 -18 19 -20 21 22 23 24 -25 26 -27 28 -29 30 -31 -32 -33 34 -35 36 -37 38 39 -40 -41 42 -43 44 45 46 47 48 49 -50 0
uf50-098 8202 -1 -2 3 4 5 -6 -7 8 -9 10 -11 12 -13 -14 15 -16 -17 -18 19 -20 21 22 23 24 -25 26 -27 28 -29 30 -31 -32 -33 34 -35 36 -37 38 39 -40 -41 42 -43 44 45 46 47 48 49 -50 0
uf50-098 8202 -1 -2 3 4 5 -6 -7 8 -9 10 -11 12 -13 -14 15 -16 -17 -18 19 -20 21 22 23 24 -25 26 -27 28 -29 30 -31 -32 -33 34 -35 36 -37 38 39 -40 -41 42 -43 44 45 46 47 48 49 -50 0
uf50-098 8202 -1 -2 3 4 5 -6 -7 8 -9 10 -11 12 -13 -14 15 -16 -17 -18 19 -20 21 22 23 24 -25 26 -27 28 -29 30 -31 -32 -33 34 -35 36 -37 38 39 -40 -41 42 -43 44 45 46 47 48 49 -50 0
uf50-098 7705 -1 -2 3 -4 -5 -6 -7 8 -9 10 -11 12 -13 -14 15 -16 -17 -18 19 -20 -21 22 23 24 25 26 -27 28 -29 30 -31 -32 -33 34 -35 36 -37 38 39 -40 -41 42 -43 44 45 46 47 -48 49 -50 0
uf50-098 8149 -1 -2 3 -4 5 -6 -7 8 -9 10 -11 12 -13 -14 15 -16 -17 -18 19 20 -21 22 23 24 25 26 -27 28 -29 30 -31 -32 -33 34 -35 36 -37 38 39 -40 -41 42 -43 44 45 46 47 48 49 -50 0
uf50-098 7170 -1 -2 3 -4 -5 -6 -7 8 -9 10 -11 12 -13 -14 15 -16 -17 18 -19 20 -21 22 -23 -24 -25 26 27 28 -29 -30 31 -32 -33 34 -35 36 -37 38 39 -40 -41 42 -43 -44 45 46 47 48 49 -50 0
uf50-098 7894 -1 -2 3 4 -5 -6 -7 8 -9 10 -11 12 -13 -14 15 -16 -17 -18 19 -20 21 -22 23 24 25 26 -27 28 -29 30 -31 -32 -33 34 -35 36 -37 38 39 -40 -41 42 -43 44 45 46 47 48 49 -50 0
uf50-098 8149 -1 -2 3 -4 5 -6 -7 8 -9 10 -11 12 -13 -14 15 -16 -17 -18 19 20 -21 22 23 24 25 26 -27 28 -29 30 -31 -32 -33 34 -35 36 -37 38 39 -40 -41 42 -43 44 45 46 47 48 49 -50 0
uf50-098 8202 -1 -2 3 4 5 -6 -7 8 -9 10 -11 12 -13 -14 15 -16 -17 -18 19 -20 21 22 23 24 -25 26 -27 28 -29 30 -31 -32 -33 34 -35 36 -37 38 39 -40 -41 42 -43 44 45 46 47 48 49 -50 0
uf50-098 6756 1 -2 -3 -4 -5 -6 7 8 -9 10 -11 12 -13 -14 15 -16 17 -18 19 -20 -21 22 -23 24 -25 26 -27 28 -29 30 -31 -32 33 34 35 36 -37 38 -39 40 41 42 -43 -44 45 -46 47 48 49 -50 0
uf50-098 7987 -1 -2 3 4 5 -6 -7 8 -9 -10 -11 12 -13 -14 15 -16 -17 -18 19 -20 21 22 23 24 -25 26 -27 28 -29 30 -31 -32 -33 34 35 36 -37 38 39 -40 -41 42 -43 44 45 46 47 48 49 -50 0
uf50-098 6756 1 -2 -3 -4 -5 -6 7 8 -9 10 -11 12 -13 -14 15 -16 17 -18 19 -20 -21 22 -23 24 -25 26 -27 28 -29 30 -31 -32 33 34 35 36 -37 38 -39 40 41 42 -43 -44 45 -46 47 48 49 -50 0
uf50-098 8149 -1 -2 3 -4 5 -6 -7 8 -9 10 -11 12 -13 -14 15 -16 -17 -18 19 20 -21 22 23 24 25 26 -27 28 -29 30 -31 -32 -33 34 -35 36 -37 38 39 -40 -41 42 -43 44 45 46 47 48 49 -50 0
uf50-098 6756 1 -2 -3 -4 -5 -6 7 8 -9 10 -11 12 -13 -14 15 -16 17 -18 19 -20 -21 22 -23 24 -25 26 -27 28 -29 30 -31 -32 33 34 35 36 -37 38 -39 40 41 42 -43 -44 45 -46 47 48 49 -50 0
uf50-098 7482 1 -2 3 4 -5 -6 -7 8 -9 -10 -11 12 -13 -14 15 -16 -17 -18 19 -20 -21 -22 23 24 -25 26 -27 28 -29 30 -31 -32 -33 34 35 36 -37 38 39 -40 -41 42 -43 44 45 46 47 48 49 -50 0
uf50-098 7821 -1 -2 3 -4 5 -6 -7 8 -9 -10 -11 12 -13 -14 15 -16 -17 -18 19 20 -21 22 23 24 25 26 -27 28 -29 30 -31 -32 -33 34 -35 36 -37 38 39 -40 -41 42 -43 44 45 46 47 48 49 -50 0
uf50-098 7213 -1 -2 3 4 -5 -6 -7 8 -9 10 -11 12 -13 14 15 -16 -17 -18 -19 -20 21 22 -23 -24 -25 26 -27 28 -29 -30 -31 -32 -33 34 -35 36 -37 38 39 -40 -41 42 -43 -44 45 46 47 48 49 -50 0
uf50-098 8202 -1 -2 3 4 5 -6 -7 8 -9 10 -11 12 -13 -14 15 -16 -17 -18 19 -20 21 22 23 24 -25 26 -27 28 -29 30 -31 -32 -33 34 -35 36 -37 38 39 -40 -41 42 -43 44 45 46 47 48 49 -50 0
uf50-098 6756 1 -2 -3 -4 -5 -6 7 8 -9 10 -11 12 -13 -14 15 -16 17 -18 19 -20 -21 22 -23 24 -25 26 -27 28 -29 30 -31 -32 33 34 35 36 -37 38 -39 40 41 42 -43 -44 45 -46 47 48 49 -50 0
uf50-098 8149 -1 -2 3 -4 5 -6 -7 8 -9 10 -11 12 -13 -14 15 -16 -17 -18 19 20 -21 22 23 24 25 26 -27 28 -29 30 -31 -32 -33 34 -35 36 -37 38 39 -40 -41 42 -43 44 45 46 47 48 49 -50 0
uf50-098 8202 -1 -2 3 4 5 -6 -7 8 -9 10 -11 12 -13 -14 15 -16 -17 -18 19 -20 21 22 23 24 -25 26 -27 28 -29 30 -31 -32 -33 34 -35 36 -37 38 39 -40 -41 42 -43 44 45 46 47 48 49 -50 0
uf50-098 8202 -1 -2 3 4 5 -6 -7 8 -9 10 -11 12 -13 -14 15 -16 -17 -18 19 -20 21 22 23 24 -25 26 -27 28 -29 30 -31 -32 -33 34 -35 36 -37 38 39 -40 -41 42 -43 44 45 46 47 48 49 -50 0
uf50-098 8202 -1 -2 3 4 5 -6 -7 8 -9 10 -11 12 -13 -14 15 -16 -17 -18 19 -20 21 22 23 24 -25 26 -27 28 -29 30 -31 -32 -33 34 -35 36 -37 38 39 -40 -41 42 -43 44 45 46 47 48 49 -50 0
uf50-098 8202 -1 -2 3 4 5 -6 -7 8 -9 10 -11 12 -13 -14 15 -16 -17 -18 19 -20 21 22 23 24 -25 26 -27 28 -29 30 -31 -32 -33 34 -35 36 -37 38 39 -40 -41 42 -43 44 45 46 47 48 49 -50 0
uf50-098 7865 -1 -2 3 4 -5 -6 -7 8 -9 -10 -11 12 -13 -14 15 -16 -17 -18 19 -20 21 22 23 24 -25 26 -27 28 -29 30 -31 -32 -33 34 35 36 -37 38 39 -40 -41 42 -43 44 45 46 47 48 49 -50 0
uf50-098 8057 1 -2 3 4 5 -6 -7 8 -9 -10 -11 12 -13 -14 15 -16 -17 -18 19 -20 21 22 23 24 -25 26 -27 28 -29 30 -31 -32 -33 34 35 36 -37 38 39 -40 -41 42 -43 44 45 46 47 48 49 -50 0
uf50-098 8202 -1 -2 3 4 5 -6 -7 8 -9 10 -11 12 -13 -14 15 -16 -17 -18 19 -20 21 22 23 24 -25 26 -27 28 -29 30 -31 -32 -33 34 -35 36 -37 38 39 -40 -41 42 -43 44 45 46 47 48 49 -50 0
uf50-098 8057 1 -2 3 4 5 -6 -7 8 -9 -10 -11 12 -13 -14 15 -16 -17 -18 19 -20 21 22 23 24 -25 26 -27 28 -29 30 -31 -32 -33 34 35 36 -37 38 39 -40 -41 42 -43 44 45 46 47 48 49 -50 0
uf50-098 8149 -1 -2 3 -4 5 -6 -7 8 -9 10 -11 12 -13 -14 15 -16 -17 -18 19 20 -21 22 23 24 25 26 -27 28 -29 30 -31 -32 -33 34 -35 36 -37 38 39 -40 -41 42 -43 44 45 46 47 48 49 -50 0
uf50-098 8202 -1 -2 3 4 5 -6 -7 8 -9 10 -11 12 -13 -14 15 -16 -17 -18 19 -20 21 22 23 24 -25 26 -27 28 -29 30 -31 -32 -33 34 -35 36 -37 38 39 -40 -41 42 -43 44 45 46 47 48 49 -50 0
uf50-098 7602 -1 -2 3 4 5 -6 -7 8 -9 -10 -11 12 -13 -14 15 -16 -17 -18 19 -20 -21 22 23 24 -25 26 -27 28 -29 30 -31 -32 -33 34 35 36 -37 38 39 -40 -41 42 -43 44 45 46 47 -48 49 -50 0
uf50-098 8202 -1 -2 3 4 5 -6 -7 8 -9 10 -11 12 -13 -14 15 -16 -17 -18 19 -20 21 22 23 24 -25 26 -27 28 -29 30 -31 -32 -33 34 -35 36 -37 38 39 -40 -41 42 -43 44 45 46 47 48 49 -50 0
uf50-098 8149 -1 -2 3 -4 5 -6 -7 8 -9 10 -11 12 -13 -14 15 -16 -17 -18 19 20 -21 22 23 24 25 26 -27 28 -29 30 -31 -32 -33 34 -35 36 -37 38 39 -40 -41 42 -43 44 45 46 47 48 49 -50 0
uf50-098 8149 -1 -2 3 -4 5 -6 -7 8 -9 10 -11 12 -13 -14 15 -16 -17 -18 19 20 -21 22 23 24 25 26 -27 28 -29 30 -31 -32 -33 34 -35 36 -37 38 39 -40 -41 42 -43 44 45 46 47 48 49 -50 0
uf50-098 8202 -1 -2 3 4 5 -6 -7 8 -9 10 -11 12 -13 -14 15 -16 -17 -18 19 -20 21 22 23 24 -25 26 -27 28 -29 30 -31 -32 -33 34 -35 36 -37 38 39 -40 -41 42 -43 44 45 46 47 48 49 -50 0
uf50-098 7944 1 -2 3 4 5 -6 -7 8 -9 -10 -11 12 -13 -14 15 -16 -17 -18 19 -20 21 22 23 24 -25 26 -27 28 -29 30 -31 -32 -33 34 -35 36 -37 38 39 -40 -41 42 -43 44 45 46 47 48 49 -50 0
uf50-098 8202 -1 -2 3 4 5 -6 -7 8 -9 10 -11 12 -13 -14 15 -16 -17 -18 19 -20 21 22 23 24 -25 26 -27 28 -29 30 -31 -32 -33 34 -35 36 -37 38 39 -40 -41 42 -43 44 45 46 47 48 49 -50 0
uf50-098 7334 1 -2 3 -4 -5 -6 -7 8 -9 -10 -11 12 -13 -14 15 -16 -17 -18 19 -20 -21 -22 23 24 -25 26 -27 28 -29 30 -31 -32 -33 34 35 36 -37 38 39 -40 -41 42 -43 44 45 46 47 48 49 -50 0
uf50-098 6756 1 -2 -3 -4 -5 -6 7 8 -9 10 -11 12 -13 -14 15 -16 17 -18 19 -20 -21 22 -23 24 -25 26 -27 28 -29 30 -31 -32 33 34 35 36 -37 38 -39 40 41 42 -43 -44 45 -46 47 48 49 -50 0
uf50-098 7170 -1 -2 3 -4 -5 -6 -7 8 -9 10 -11 12 -13 -14 15 -16 -17 18 -19 20 -21 22 -23 -24 -25 26 27 28 -29 -30 31 -32 -33 34 -35 36 -37 38 39 -40 -41 42 -43 -44 45 46 47 48 49 -50 0
uf50-098 8149 -1 -2 3 -4 5 -6 -7 8 -9 10 -11 12 -13 -14 15 -16 -17 -18 19 20 -21 22 23 24 25 26 -27 28 -29 30 -31 -32 -33 34 -35 36 -37 38 39 -40 -41 42 -43 44 45 46 47 48 49 -50 0
uf50-098 8202 -1 -2 3 4 5 -6 -7 8 -9 10 -11 12 -13 -14 15 -16 -17 -18 19 -20 21 22 23 24 -25 26 -27 28 -29 30 -31 -32 -33 34 -35 36 -37 38 39 -40 -41 42 -43 44 45 46 47 48 49 -50 0
uf50-098 8202 -1 -2 3 4 5 -6 -7 8 -9 10 -11 12 -13 -14 15 -16 -17 -18 19 -20 21 22 23 24 -25 26 -27 28 -29 30 -31 -32 -33 34 -35 36 -37 38 39 -40 -41 42 -43 44 45 46 47 48 49 -50 0
uf50-098 8202 -1 -2 3 4 5 -6 -7 8 -9 10 -11 12 -13 -14 15 -16 -17 -18 19 -20 21 22 23 24 -25 26 -27 28 -29 30 -31 -32 -33 34 -35 36 -37 38 39 -40 -41 42 -43 44 45 46 47 48 49 -50 0
uf50-098 8202 -1 -2 3 4 5 -6 -7 8 -9 10 -11 12 -13 -14 15 -16 -17 -18 19 -20 21 22 23 24 -25 26 -27 28 -29 30 -31 -32 -33 34 -35 36 -37 38 39 -40 -41 42 -43 44 45 46 47 48 49 -50 0
