uf50-0472 99834 1 -2 -3 -4 5 6 7 8 -9 10 -11 12 -13 -14 15 -16 17 -18 19 -20 21 -22 23 -24 25 -26 -27 28 29 -30 31 32 -33 -34 -35 -36 37 -38 -39 -40 41 42 43 44 45 -46 47 48 -49 -50 0
uf50-0472 104630 1 2 -3 -4 5 -6 7 8 -9 10 -11 12 -13 -14 15 -16 -17 18 -19 20 21 22 23 -24 25 -26 -27 28 29 -30 31 32 -33 -34 -35 -36 37 -38 -39 -40 41 42 43 44 45 46 47 -48 -49 -50 0
uf50-0472 97120 1 -2 -3 -4 5 -6 7 8 -9 10 -11 12 -13 -14 15 -16 17 18 -19 20 21 -22 23 -24 -25 -26 -27 28 29 30 31 32 -33 -34 -35 -36 37 -38 -39 -40 41 42 43 44 -45 -46 -47 -48 -49 -50 0
uf50-0472 217 0
uf50-0472 96929 1 -2 -3 -4 5 6 7 8 -9 10 -11 12 -13 -14 15 -16 17 -18 19 -20 21 -22 23 -24 25 -26 -27 28 29 -30 31 32 -33 -34 -35 -36 37 -38 -39 -40 41 42 43 44 -45 -46 47 48 -49 -50 0
uf50-0472 217 0
uf50-0472 217 0
uf50-0472 217 0
uf50-0472 217 0
uf50-0472 111029 1 2 -3 -4 5 6 7 8 -9 10 11 12 -13 -14 15 -16 17 18 -19 20 21 22 23 -24 25 -26 -27 28 29 -30 31 32 -33 -34 -35 -36 37 -38 39 -40 41 42 -43 44 45 -46 47 48 -49 -50 0
uf50-0472 107104 1 2 -3 -4 5 6 7 8 -9 10 -11 12 -13 -14 15 -16 17 -18 -19 20 21 22 23 -24 25 -26 -27 28 29 -30 31 32 -33 -34 -35 -36 37 -38 39 -40 41 42 -43 44 -45 46 47 48 -49 -50 0
uf50-0472 94877 1 -2 -3 -4 5 -6 7 8 -9 10 -11 12 -13 -14 15 -16 17 -18 -19 20 21 -22 23 -24 -25 -26 -27 28 29 -30 31 32 -33 -34 -35 36 37 38 -39 -40 41 42 43 44 -45 -46 -47 -48 -49 -50 0
uf50-0472 217 0
uf50-0472 113021 1 2 -3 -4 5 6 7 8 -9 10 11 12 -13 -14 15 -16 17 18 -19 20 21 22 23 -24 25 -26 -27 28 29 -30 31 32 -33 -34 -35 -36 37 -38 -39 -40 41 42 43 44 45 46 47 48 -49 -50 0
uf50-0472 217 0
uf50-0472 95265 1 -2 -3 -4 5 6 7 8 -9 10 -11 12 -13 -14 15 -16 17 18 19 -20 21 -22 -23 -24 25 -26 -27 28 29 -30 31 32 -33 -34 -35 -36 37 -38 39 40 41 42 -43 44 -45 -46 47 48 -49 -50 0
uf50-0472 111195 1 2 -3 -4 5 6 7 8 -9 10 11 12 -13 -14 15 -16 17 18 -19 20 21 22 23 -24 25 -26 -27 28 29 -30 31 32 -33 -34 -35 -36 37 -38 -39 -40 41 42 -43 44 45 46 47 48 -49 -50 0
uf50-0472 105735 1 2 -3 -4 5 -6 7 8 -9 10 11 12 -13 -14 15 -16 17 -18 -19 20 21 22 23 -24 -25 -26 -27 28 29 30 31 32 -33 -34 -35 -36 37 38 -39 -40 41 42 43 44 45 -46 -47 -48 -49 -50 0
uf50-0472 217 0
uf50-0472 111753 1 2 -3 -4 5 -6 7 8 -9 10 11 12 -13 -14 15 -16 17 18 -19 20 21 22 23 -24 25 -26 -27 28 29 -30 31 32 -33 -34 -35 -36 37 -38 -39 -40 41 42 43 44 45 46 47 48 -49 -50 0
uf50-0472 100811 1 -2 -3 -4 5 -6 7 8 -9 10 -11 12 -13 -14 15 -16 17 18 -19 20 21 -22 -23 -24 -25 -26 -27 28 29 30 31 32 -33 -34 -35 -36 37 -38 -39 -40 41 42 43 44 45 46 47 -48 -49 -50 0
uf50-0472 97747 1 -2 -3 -4 5 6 7 8 -9 10 -11 12 -13 -14 15 -16 17 -18 19 -20 21 -22 -23 -24 25 -26 -27 28 29 -30 31 32 -33 -34 -35 -36 37 -38 39 -40 41 42 -43 44 45 46 47 48 -49 -50 0
uf50-0472 102847 1 -2 -3 -4 5 6 7 8 -9 10 -11 12 -13 -14 15 -16 17 -18 -19 20 21 -22 23 -24 25 -26 -27 28 29 -30 31 32 -33 -34 -35 -36 37 -38 -39 -40 41 42 43 44 45 -46 47 48 -49 -50 0
uf50-0472 216 0
uf50-0472 217 0
uf50-0472 105015 1 2 -3 -4 5 -6 7 8 -9 10 -11 12 -13 -14 15 -16 17 18 -19 20 21 22 23 -24 25 -26 -27 28 29 30 31 32 -33 -34 -35 36 37 -38 39 -40 41 42 -43 44 -45 -46 -47 -48 -49 -50 0
uf50-0472 217 0
uf50-0472 100157 1 -2 -3 4 5 -6 7 8 -9 10 -11 12 13 -14 15 -16 17 18 -19 -20 21 -22 23 -24 25 -26 -27 28 29 30 31 32 -33 -34 -35 -36 37 -38 -39 -40 41 42 43 44 -45 46 47 -48 49 -50 0
uf50-0472 217 0
uf50-0472 72991 1 -2 3 -4 -5 6 7 8 -9 10 -11 12 13 -14 15 -16 17 18 19 -20 -21 -22 23 -24 25 -26 -27 28 -29 -30 31 -32 -33 -34 -35 -36 37 -38 39 -40 41 42 43 -44 -45 -46 -47 48 49 50 0
uf50-0472 104286 1 2 -3 4 5 -6 7 8 -9 10 -11 12 13 -14 15 -16 17 -18 -19 -20 21 -22 23 -24 25 -26 -27 28 29 30 31 32 -33 -34 -35 -36 37 -38 -39 -40 41 42 43 44 45 46 47 -48 49 -50 0
uf50-0472 217 0
uf50-0472 100014 1 2 -3 -4 5 -6 7 8 -9 10 -11 12 -13 -14 15 -16 17 -18 -19 -20 21 22 23 -24 -25 -26 -27 28 29 30 31 32 -33 -34 -35 -36 37 -38 39 -40 41 42 -43 44 45 -46 -47 -48 -49 -50 0
uf50-0472 217 0
uf50-0472 104597 1 -2 -3 -4 5 6 7 8 -9 10 -11 12 -13 -14 15 -16 17 -18 -19 20 21 -22 23 -24 25 -26 -27 28 29 -30 31 32 -33 -34 -35 -36 37 -38 -39 -40 41 42 43 44 45 46 47 48 -49 -50 0
uf50-0472 216 0
uf50-0472 217 0
uf50-0472 217 0
uf50-0472 104432 1 2 -3 -4 5 6 7 8 -9 10 -11 12 -13 -14 15 -16 17 -18 -19 20 21 22 -23 -24 -25 -26 -27 28 29 -30 31 32 -33 -34 -35 -36 37 38 -39 -40 41 42 43 44 45 -46 47 48 -49 -50 0
uf50-0472 217 0
uf50-0472 217 0
uf50-0472 111511 1 2 -3 -4 5 -6 7 8 -9 10 11 12 -13 -14 15 -16 17 18 -19 20 21 22 23 -24 25 -26 -27 28 29 -30 31 32 -33 -34 -35 -36 37 -38 39 -40 41 42 -43 44 45 46 47 48 -49 -50 0
uf50-0472 106576 1 2 -3 4 5 -6 7 8 -9 10 11 12 -13 -14 15 -16 17 18 -19 -20 21 22 23 -24 25 -26 -27 28 29 30 31 32 -33 -34 -35 -36 37 -38 -39 -40 41 42 43 44 -45 46 47 -48 49 -50 0
uf50-0472 217 0
uf50-0472 217 0
uf50-0472 217 0
uf50-0472 217 0
uf50-0472 216 0
uf50-0472 102250 1 2 -3 -4 5 -6 7 8 -9 10 -11 12 -13 -14 15 -16 17 -18 -19 20 21 22 23 -24 25 -26 -27 28 29 30 31 32 -33 -34 -35 -36 37 -38 39 -40 41 42 -43 44 -45 -46 -47 -48 -49 -50 0
uf50-0472 99457 1 -2 -3 -4 5 6 7 8 -9 10 -11 12 -13 -14 15 -16 17 -18 -19 20 21 -22 23 -24 -25 -26 -27 28 29 -30 31 32 33 -34 -35 -36 37 38 39 -40 41 42 -43 44 -45 -46 47 48 -49 -50 0
