uf50-0971 132957 1 -2 3 -4 5 6 7 8 -9 10 11 12 13 -14 15 -16 17 18 -19 20 -21 22 -23 -24 -25 26 27 -28 29 30 31 -32 33 -34 35 36 37 -38 39 40 -41 -42 43 -44 45 46 -47 48 49 50 0
uf50-0971 217 0
uf50-0971 217 0
uf50-0971 217 0
uf50-0971 217 0
uf50-0971 217 0
uf50-0971 217 0
uf50-0971 131171 -1 -2 3 -4 5 6 7 8 -9 10 11 12 13 -14 15 -16 17 -18 -19 20 -21 22 -23 -24 -25 26 27 -28 29 30 31 -32 33 -34 35 36 37 -38 39 40 -41 -42 43 -44 45 46 -47 48 49 50 0
uf50-0971 217 0
uf50-0971 217 0
uf50-0971 129309 1 -2 3 -4 -5 6 7 8 -9 10 11 12 13 -14 15 -16 17 18 -19 20 -21 22 -23 -24 -25 26 27 -28 -29 30 31 -32 33 -34 35 36 37 -38 39 40 -41 -42 43 -44 45 46 -47 48 49 50 0
uf50-0971 217 0
uf50-0971 217 0
uf50-0971 217 0
uf50-0971 217 0
uf50-0971 217 0
uf50-0971 119649 1 -2 3 -4 5 6 7 8 -9 10 11 12 13 -14 15 -16 17 18 -19 20 -21 22 23 -24 -25 26 27 -28 29 30 31 32 33 34 35 36 -37 -38 39 40 -41 -42 -43 -44 45 46 47 -48 49 50 0
uf50-0971 217 0
uf50-0971 217 0
uf50-0971 217 0
uf50-0971 217 0
uf50-0971 217 0
uf50-0971 119649 1 -2 3 -4 5 6 7 8 -9 10 11 12 13 -14 15 -16 17 18 -19 20 -21 22 23 -24 -25 26 27 -28 29 30 31 32 33 34 35 36 -37 -38 39 40 -41 -42 -43 -44 45 46 47 -48 49 50 0
uf50-0971 130122 -1 -2 3 4 5 6 7 -8 -9 10 11 12 13 -14 15 -16 17 -18 -19 20 -21 22 -23 -24 -25 26 27 -28 -29 30 31 -32 33 -34 35 36 37 -38 39 40 -41 -42 43 -44 45 46 -47 48 49 50 0
uf50-0971 119649 1 -2 3 -4 5 6 7 8 -9 10 11 12 13 -14 15 -16 17 18 -19 20 -21 22 23 -24 -25 26 27 -28 29 30 31 32 33 34 35 36 -37 -38 39 40 -41 -42 -43 -44 45 46 47 -48 49 50 0
uf50-0971 217 0
uf50-0971 119649 1 -2 3 -4 5 6 7 8 -9 10 11 12 13 -14 15 -16 17 18 -19 20 -21 22 23 -24 -25 26 27 -28 29 30 31 32 33 34 35 36 -37 -38 39 40 -41 -42 -43 -44 45 46 47 -48 49 50 0
uf50-0971 217 0
uf50-0971 217 0
uf50-0971 217 0
uf50-0971 217 0
uf50-0971 217 0
uf50-0971 131751 -1 -2 3 4 -5 6 7 8 -9 10 11 12 13 -14 15 -16 17 -18 -19 20 -21 22 -23 -24 -25 26 27 28 -29 30 31 -32 33 -34 35 36 37 -38 39 40 -41 -42 43 -44 45 46 -47 48 49 50 0
uf50-0971 119649 1 -2 3 -4 5 6 7 8 -9 10 11 12 13 -14 15 -16 17 18 -19 20 -21 22 23 -24 -25 26 27 -28 29 30 31 32 33 34 35 36 -37 -38 39 40 -41 -42 -43 -44 45 46 47 -48 49 50 0
uf50-0971 132346 1 -2 3 -4 5 6 7 8 -9 10 11 12 13 -14 15 -16 17 18 -19 20 -21 22 -23 -24 -25 26 27 -28 -29 30 31 -32 33 -34 35 36 37 -38 39 40 -41 -42 43 -44 45 46 -47 48 49 50 0
uf50-0971 217 0
uf50-0971 115563 1 -2 3 -4 5 6 7 8 -9 10 11 12 13 -14 15 -16 17 18 -19 20 -21 22 23 -24 -25 -26 27 -28 29 30 31 32 33 34 35 36 -37 -38 39 40 -41 -42 -43 -44 45 46 47 -48 49 50 0
uf50-0971 217 0
uf50-0971 217 0
uf50-0971 132957 1 -2 3 -4 5 6 7 8 -9 10 11 12 13 -14 15 -16 17 18 -19 20 -21 22 -23 -24 -25 26 27 -28 29 30 31 -32 33 -34 35 36 37 -38 39 40 -41 -42 43 -44 45 46 -47 48 49 50 0
uf50-0971 217 0
uf50-0971 131030 -1 -2 3 4 5 6 7 -8 -9 10 11 12 13 -14 15 -16 17 -18 -19 20 -21 22 -23 -24 25 26 27 -28 -29 30 31 -32 33 -34 35 36 37 -38 39 40 -41 -42 43 -44 45 46 -47 48 49 50 0
uf50-0971 130122 -1 -2 3 4 5 6 7 -8 -9 10 11 12 13 -14 15 -16 17 -18 -19 20 -21 22 -23 -24 -25 26 27 -28 -29 30 31 -32 33 -34 35 36 37 -38 39 40 -41 -42 43 -44 45 46 -47 48 49 50 0
uf50-0971 135446 1 -2 3 4 5 6 7 8 9 10 11 12 13 -14 15 -16 17 -18 -19 20 -21 22 -23 -24 -25 26 27 28 -29 30 31 -32 33 -34 35 36 37 -38 39 40 -41 -42 43 -44 45 46 -47 48 -49 50 0
uf50-0971 119649 1 -2 3 -4 5 6 7 8 -9 10 11 12 13 -14 15 -16 17 18 -19 20 -21 22 23 -24 -25 26 27 -28 29 30 31 32 33 34 35 36 -37 -38 39 40 -41 -42 -43 -44 45 46 47 -48 49 50 0
uf50-0971 110414 -1 -2 -3 -4 -5 6 7 8 9 10 11 -12 13 14 15 16 17 -18 19 20 -21 22 23 -24 -25 -26 27 -28 -29 30 31 -32 -33 -34 35 -36 37 -38 39 40 -41 -42 43 44 45 46 -47 48 49 50 0
uf50-0971 217 0
uf50-0971 114218 -1 -2 -3 -4 -5 6 7 8 9 10 11 -12 13 14 15 16 17 -18 -19 20 -21 22 23 -24 -25 26 27 -28 -29 30 31 -32 -33 -34 35 -36 37 -38 39 40 -41 -42 43 44 45 46 -47 48 49 50 0
uf50-0971 126382 1 -2 3 -4 -5 6 7 8 -9 10 11 12 13 -14 15 -16 17 18 -19 20 -21 22 -23 -24 -25 26 27 -28 29 30 31 -32 -33 -34 35 36 37 -38 39 40 -41 -42 43 -44 45 46 -47 48 49 50 0
uf50-0971 217 0
