uf50-0472 113021 1 2 -3 -4 5 6 7 8 -9 10 11 12 -13 -14 15 -16 17 18 -19 20 21 22 23 -24 25 -26 -27 28 29 -30 31 32 -33 -34 -35 -36 37 -38 -39 -40 41 42 43 44 45 46 47 48 -49 -50 0
uf50-0472 113021 1 2 -3 -4 5 6 7 8 -9 10 11 12 -13 -14 15 -16 17 18 -19 20 21 22 23 -24 25 -26 -27 28 29 -30 31 32 -33 -34 -35 -36 37 -38 -39 -40 41 42 43 44 45 46 47 48 -49 -50 0
uf50-0472 112306 1 2 -3 -4 5 -6 7 8 -9 10 11 12 -13 -14 15 -16 17 18 -19 20 21 22 23 -24 25 -26 -27 28 29 30 31 32 -33 -34 -35 -36 37 -38 39 -40 41 42 -43 44 45 46 47 -48 -49 -50 0
uf50-0472 112548 1 2 -3 -4 5 -6 7 8 -9 10 11 12 -13 -14 15 -16 17 18 -19 20 21 22 23 -24 25 -26 -27 28 29 30 31 32 -33 -34 -35 -36 37 -38 -39 -40 41 42 43 44 45 46 47 -48 -49 -50 0
uf50-0472 112306 1 2 -3 -4 5 -6 7 8 -9 10 11 12 -13 -14 15 -16 17 18 -19 20 21 22 23 -24 25 -26 -27 28 29 30 31 32 -33 -34 -35 -36 37 -38 39 -40 41 42 -43 44 45 46 47 -48 -49 -50 0
uf50-0472 112548 1 2 -3 -4 5 -6 7 8 -9 10 11 12 -13 -14 15 -16 17 18 -19 20 21 22 23 -24 25 -26 -27 28 29 30 31 32 -33 -34 -35 -36 37 -38 -39 -40 41 42 43 44 45 46 47 -48 -49 -50 0
uf50-0472 110630 1 2 -3 -4 5 -6 7 8 -9 10 11 12 -13 -14 15 -16 17 18 -19 20 21 22 23 -24 -25 -26 -27 28 29 30 31 32 -33 -34 -35 -36 37 -38 39 -40 41 42 -43 44 45 46 47 -48 -49 -50 0
uf50-0472 111967 1 2 -3 -4 5 6 7 8 -9 10 -11 12 -13 -14 15 -16 17 18 -19 20 21 22 23 -24 25 -26 -27 28 29 -30 31 32 -33 -34 -35 -36 37 -38 39 -40 41 42 -43 44 45 46 47 48 -49 -50 0
uf50-0472 113021 1 2 -3 -4 5 6 7 8 -9 10 11 12 -13 -14 15 -16 17 18 -19 20 21 22 23 -24 25 -26 -27 28 29 -30 31 32 -33 -34 -35 -36 37 -38 -39 -40 41 42 43 44 45 46 47 48 -49 -50 0
uf50-0472 109083 1 2 -3 -4 5 -6 7 8 -9 10 11 12 -13 -14 15 -16 17 18 -19 -20 21 22 23 -24 25 -26 -27 28 29 30 31 32 -33 -34 -35 -36 37 -38 -39 -40 41 42 43 44 45 46 47 -48 -49 -50 0
uf50-0472 105557 1 2 -3 -4 5 -6 7 8 -9 10 -11 12 -13 -14 15 -16 17 18 -19 -20 21 -22 23 -24 25 -26 -27 28 29 30 31 32 -33 -34 -35 -36 37 -38 39 -40 41 42 -43 44 45 46 47 -48 -49 -50 0
uf50-0472 110821 1 2 -3 -4 5 6 7 8 -9 10 11 12 -13 -14 15 -16 17 -18 -19 20 21 22 23 -24 25 -26 -27 28 29 -30 31 32 -33 -34 -35 -36 37 -38 39 -40 41 42 -43 44 45 46 47 48 -49 -50 0
uf50-0472 113021 1 2 -3 -4 5 6 7 8 -9 10 11 12 -13 -14 15 -16 17 18 -19 20 21 22 23 -24 25 -26 -27 28 29 -30 31 32 -33 -34 -35 -36 37 -38 -39 -40 41 42 43 44 45 46 47 48 -49 -50 0
uf50-0472 112306 1 2 -3 -4 5 -6 7 8 -9 10 11 12 -13 -14 15 -16 17 18 -19 20 21 22 23 -24 25 -26 -27 28 29 30 31 32 -33 -34 -35 -36 37 -38 39 -40 41 42 -43 44 45 46 47 -48 -49 -50 0
uf50-0472 110821 1 2 -3 -4 5 6 7 8 -9 10 11 12 -13 -14 15 -16 17 -18 -19 20 21 22 23 -24 25 -26 -27 28 29 -30 31 32 -33 -34 -35 -36 37 -38 39 -40 41 42 -43 44 45 46 47 48 -49 -50 0
uf50-0472 112306 1 2 -3 -4 5 -6 7 8 -9 10 11 12 -13 -14 15 -16 17 18 -19 20 21 22 23 -24 25 -26 -27 28 29 30 31 32 -33 -34 -35 -36 37 -38 39 -40 41 42 -43 44 45 46 47 -48 -49 -50 0
uf50-0472 113021 1 2 -3 -4 5 6 7 8 -9 10 11 12 -13 -14 15 -16 17 18 -19 20 21 22 23 -24 25 -26 -27 28 29 -30 31 32 -33 -34 -35 -36 37 -38 -39 -40 41 42 43 44 45 46 47 48 -49 -50 0
uf50-0472 109401 1 2 -3 -4 5 -6 7 8 -9 10 11 12 -13 -14 15 -16 17 18 -19 20 21 22 23 -24 25 -26 -27 28 29 30 31 32 -33 -34 -35 -36 37 -38 39 -40 41 42 -43 44 -45 46 47 -48 -49 -50 0
uf50-0472 113021 1 2 -3 -4 5 6 7 8 -9 10 11 12 -13 -14 15 -16 17 18 -19 20 21 22 23 -24 25 -26 -27 28 29 -30 31 32 -33 -34 -35 -36 37 -38 -39 -40 41 42 43 44 45 46 47 48 -49 -50 0
uf50-0472 111736 1 2 -3 -4 5 -6 7 8 -9 10 -11 12 -13 -14 15 -16 17 18 -19 20 21 22 23 -24 25 -26 -27 28 29 30 31 32 -33 -34 -35 -36 37 -38 -39 -40 41 42 43 44 45 46 47 -48 -49 -50 0
uf50-0472 113021 1 2 -3 -4 5 6 7 8 -9 10 11 12 -13 -14 15 -16 17 18 -19 20 21 22 23 -24 25 -26 -27 28 29 -30 31 32 -33 -34 -35 -36 37 -38 -39 -40 41 42 43 44 45 46 47 48 -49 -50 0
uf50-0472 112548 1 2 -3 -4 5 -6 7 8 -9 10 11 12 -13 -14 15 -16 17 18 -19 20 21 22 23 -24 25 -26 -27 28 29 30 31 32 -33 -34 -35 -36 37 -38 -39 -40 41 42 43 44 45 46 47 -48 -49 -50 0
uf50-0472 112779 1 2 -3 -4 5 6 7 8 -9 10 11 12 -13 -14 15 -16 17 18 -19 20 21 22 23 -24 25 -26 -27 28 29 -30 31 32 -33 -34 -35 -36 37 -38 39 -40 41 42 -43 44 45 46 47 48 -49 -50 0
uf50-0472 108716 1 2 -3 4 5 -6 7 8 -9 10 -11 12 13 -14 15 -16 17 18 -19 -20 21 22 23 -24 25 -26 -27 28 29 30 31 32 -33 -34 -35 -36 37 -38 -39 -40 41 42 43 44 45 46 47 -48 49 -50 0
uf50-0472 112306 1 2 -3 -4 5 -6 7 8 -9 10 11 12 -13 -14 15 -16 17 18 -19 20 21 22 23 -24 25 -26 -27 28 29 30 31 32 -33 -34 -35 -36 37 -38 39 -40 41 42 -43 44 45 46 47 -48 -49 -50 0
uf50-0472 107312 1 2 -3 -4 5 6 7 8 -9 10 -11 12 -13 -14 15 -16 17 18 -19 20 21 22 23 -24 25 -26 -27 28 29 -30 31 32 -33 -34 -35 -36 37 -38 39 -40 41 42 -43 44 -45 -46 47 48 -49 -50 0
uf50-0472 108029 1 2 -3 -4 5 -6 7 8 -9 10 -11 12 -13 -14 15 -16 17 18 -19 -20 21 22 23 -24 25 -26 -27 28 29 30 31 32 -33 -34 -35 -36 37 -38 39 -40 41 42 -43 44 45 46 47 -48 -49 -50 0
uf50-0472 110590 1 2 -3 -4 5 -6 7 8 -9 10 11 12 -13 -14 15 -16 17 -18 -19 20 21 22 23 -24 25 -26 -27 28 29 30 31 32 -33 -34 -35 -36 37 -38 -39 -40 41 42 43 44 45 46 47 -48 -49 -50 0
uf50-0472 107925 1 2 -3 -4 5 -6 7 8 -9 10 11 12 -13 -14 15 -16 17 18 -19 20 21 22 23 -24 25 -26 -27 28 29 30 31 32 -33 -34 -35 -36 37 -38 39 -40 41 42 -43 44 45 -46 -47 -48 -49 -50 0
uf50-0472 113021 1 2 -3 -4 5 6 7 8 -9 10 11 12 -13 -14 15 -16 17 18 -19 20 21 22 23 -24 25 -26 -27 28 29 -30 31 32 -33 -34 -35 -36 37 -38 -39 -40 41 42 43 44 45 46 47 48 -49 -50 0
uf50-0472 110348 1 2 -3 -4 5 -6 7 8 -9 10 11 12 -13 -14 15 -16 17 -18 -19 20 21 22 23 -24 25 -26 -27 28 29 30 31 32 -33 -34 -35 -36 37 -38 39 -40 41 42 -43 44 45 46 47 -48 -49 -50 0
uf50-0472 112779 1 2 -3 -4 5 6 7 8 -9 10 11 12 -13 -14 15 -16 17 18 -19 20 21 22 23 -24 25 -26 -27 28 29 -30 31 32 -33 -34 -35 -36 37 -38 39 -40 41 42 -43 44 45 46 47 48 -49 -50 0
uf50-0472 112779 1 2 -3 -4 5 6 7 8 -9 10 11 12 -13 -14 15 -16 17 18 -19 20 21 22 23 -24 25 -26 -27 28 29 -30 31 32 -33 -34 -35 -36 37 -38 39 -40 41 42 -43 44 45 46 47 48 -49 -50 0
uf50-0472 111967 1 2 -3 -4 5 6 7 8 -9 10 -11 12 -13 -14 15 -16 17 18 -19 20 21 22 23 -24 25 -26 -27 28 29 -30 31 32 -33 -34 -35 -36 37 -38 39 -40 41 42 -43 44 45 46 47 48 -49 -50 0
uf50-0472 112548 1 2 -3 -4 5 -6 7 8 -9 10 11 12 -13 -14 15 -16 17 18 -19 20 21 22 23 -24 25 -26 -27 28 29 30 31 32 -33 -34 -35 -36 37 -38 -39 -40 41 42 43 44 45 46 47 -48 -49 -50 0
uf50-0472 109304 1 2 -3 -4 5 6 7 8 -9 10 -11 12 -13 -14 15 -16 17 18 -19 20 21 22 23 -24 25 -26 -27 28 29 -30 31 32 -33 -34 -35 -36 37 -38 -39 -40 41 42 43 44 -45 46 47 48 -49 -50 0
uf50-0472 113021 1 2 -3 -4 5 6 7 8 -9 10 11 12 -13 -14 15 -16 17 18 -19 20 21 22 23 -24 25 -26 -27 28 29 -30 31 32 -33 -34 -35 -36 37 -38 -39 -40 41 42 43 44 45 46 47 48 -49 -50 0
uf50-0472 112306 1 2 -3 -4 5 -6 7 8 -9 10 11 12 -13 -14 15 -16 17 18 -19 20 21 22 23 -24 25 -26 -27 28 29 30 31 32 -33 -34 -35 -36 37 -38 39 -40 41 42 -43 44 45 46 47 -48 -49 -50 0
uf50-0472 108848 1 2 -3 -4 5 -6 7 8 -9 10 11 12 -13 -14 15 -16 17 18 -19 20 21 22 23 -24 25 -26 -27 28 29 -30 31 32 -33 -34 -35 -36 37 -38 -39 -40 41 42 43 44 -45 46 47 48 -49 -50 0
uf50-0472 111967 1 2 -3 -4 5 6 7 8 -9 10 -11 12 -13 -14 15 -16 17 18 -19 20 21 22 23 -24 25 -26 -27 28 29 -30 31 32 -33 -34 -35 -36 37 -38 39 -40 41 42 -43 44 45 46 47 48 -49 -50 0
uf50-0472 112548 1 2 -3 -4 5 -6 7 8 -9 10 11 12 -13 -14 15 -16 17 18 -19 20 21 22 23 -24 25 -26 -27 28 29 30 31 32 -33 -34 -35 -36 37 -38 -39 -40 41 42 43 44 45 46 47 -48 -49 -50 0
uf50-0472 113021 1 2 -3 -4 5 6 7 8 -9 10 11 12 -13 -14 15 -16 17 18 -19 20 21 22 23 -24 25 -26 -27 28 29 -30 31 32 -33 -34 -35 -36 37 -38 -39 -40 41 42 43 44 45 46 47 48 -49 -50 0
uf50-0472 113021 1 2 -3 -4 5 6 7 8 -9 10 11 12 -13 -14 15 -16 17 18 -19 20 21 22 23 -24 25 -26 -27 28 29 -30 31 32 -33 -34 -35 -36 37 -38 -39 -40 41 42 43 44 45 46 47 48 -49 -50 0
uf50-0472 110217 1 2 -3 -4 5 6 7 8 -9 10 -11 12 -13 -14 15 -16 17 18 -19 20 21 22 23 -24 25 -26 -27 28 29 -30 31 32 -33 -34 -35 -36 37 -38 39 -40 41 42 -43 44 45 -46 47 48 -49 -50 0
uf50-0472 109874 1 2 -3 -4 5 6 7 8 -9 10 11 12 -13 -14 15 -16 17 18 -19 20 21 22 23 -24 25 -26 -27 28 29 -30 31 32 -33 -34 -35 -36 37 -38 39 -40 41 42 -43 44 -45 46 47 48 -49 -50 0
uf50-0472 113021 1 2 -3 -4 5 6 7 8 -9 10 11 12 -13 -14 15 -16 17 18 -19 20 21 22 23 -24 25 -26 -27 28 29 -30 31 32 -33 -34 -35 -36 37 -38 -39 -40 41 42 43 44 45 46 47 48 -49 -50 0
uf50-0472 110590 1 2 -3 -4 5 -6 7 8 -9 10 11 12 -13 -14 15 -16 17 -18 -19 20 21 22 23 -24 25 -26 -27 28 29 30 31 32 -33 -34 -35 -36 37 -38 -39 -40 41 42 43 44 45 46 47 -48 -49 -50 0
uf50-0472 112779 1 2 -3 -4 5 6 7 8 -9 10 11 12 -13 -14 15 -16 17 18 -19 20 21 22 23 -24 25 -26 -27 28 29 -30 31 32 -33 -34 -35 -36 37 -38 39 -40 41 42 -43 44 45 46 47 48 -49 -50 0
uf50-0472 112548 1 2 -3 -4 5 -6 7 8 -9 10 11 12 -13 -14 15 -16 17 18 -19 20 21 22 23 -24 25 -26 -27 28 29 30 31 32 -33 -34 -35 -36 37 -38 -39 -40 41 42 43 44 45 46 47 -48 -49 -50 0
uf50-0472 110872 1 2 -3 -4 5 -6 7 8 -9 10 11 12 -13 -14 15 -16 17 18 -19 20 21 22 23 -24 -25 -26 -27 28 29 30 31 32 -33 -34 -35 -36 37 -38 -39 -40 41 42 43 44 45 46 47 -48 -49 -50 0
uf50-0799 126135 -1 2 3 4 -5 6 -7 8 9 10 -11 -12 -13 14 15 16 -17 -18 19 -20 -21 22 23 24 25 26 27 -28 -29 30 -31 -32 -33 -34 35 36 -37 38 39 -40 41 42 -43 -44 45 -46 47 48 -49 -50 0
uf50-0799 217 0
uf50-0799 128347 -1 2 3 4 -5 6 -7 8 9 10 -11 -12 -13 14 15 16 -17 -18 19 -20 -21 22 23 24 25 26 27 -28 -29 30 31 -32 -33 -34 35 36 -37 38 39 -40 41 42 -43 -44 45 -46 -47 48 -49 -50 0
uf50-0799 129454 -1 2 3 4 -5 6 -7 8 9 10 -11 -12 -13 14 15 16 -17 -18 19 -20 -21 22 23 24 25 26 27 -28 -29 30 31 -32 -33 -34 35 36 -37 38 39 -40 41 42 -43 -44 45 -46 47 48 -49 -50 0
uf50-0799 217 0
uf50-0799 129454 -1 2 3 4 -5 6 -7 8 9 10 -11 -12 -13 14 15 16 -17 -18 19 -20 -21 22 23 24 25 26 27 -28 -29 30 31 -32 -33 -34 35 36 -37 38 39 -40 41 42 -43 -44 45 -46 47 48 -49 -50 0
uf50-0799 129454 -1 2 3 4 -5 6 -7 8 9 10 -11 -12 -13 14 15 16 -17 -18 19 -20 -21 22 23 24 25 26 27 -28 -29 30 31 -32 -33 -34 35 36 -37 38 39 -40 41 42 -43 -44 45 -46 47 48 -49 -50 0
uf50-0799 126135 -1 2 3 4 -5 6 -7 8 9 10 -11 -12 -13 14 15 16 -17 -18 19 -20 -21 22 23 24 25 26 27 -28 -29 30 -31 -32 -33 -34 35 36 -37 38 39 -40 41 42 -43 -44 45 -46 47 48 -49 -50 0
uf50-0799 129454 -1 2 3 4 -5 6 -7 8 9 10 -11 -12 -13 14 15 16 -17 -18 19 -20 -21 22 23 24 25 26 27 -28 -29 30 31 -32 -33 -34 35 36 -37 38 39 -40 41 42 -43 -44 45 -46 47 48 -49 -50 0
uf50-0799 126135 -1 2 3 4 -5 6 -7 8 9 10 -11 -12 -13 14 15 16 -17 -18 19 -20 -21 22 23 24 25 26 27 -28 -29 30 -31 -32 -33 -34 35 36 -37 38 39 -40 41 42 -43 -44 45 -46 47 48 -49 -50 0
uf50-0799 126135 -1 2 3 4 -5 6 -7 8 9 10 -11 -12 -13 14 15 16 -17 -18 19 -20 -21 22 23 24 25 26 27 -28 -29 30 -31 -32 -33 -34 35 36 -37 38 39 -40 41 42 -43 -44 45 -46 47 48 -49 -50 0
uf50-0799 217 0
uf50-0799 217 0
uf50-0799 217 0
uf50-0799 217 0
uf50-0799 217 0
uf50-0799 129454 -1 2 3 4 -5 6 -7 8 9 10 -11 -12 -13 14 15 16 -17 -18 19 -20 -21 22 23 24 25 26 27 -28 -29 30 31 -32 -33 -34 35 36 -37 38 39 -40 41 42 -43 -44 45 -46 47 48 -49 -50 0
uf50-0799 129454 -1 2 3 4 -5 6 -7 8 9 10 -11 -12 -13 14 15 16 -17 -18 19 -20 -21 22 23 24 25 26 27 -28 -29 30 31 -32 -33 -34 35 36 -37 38 39 -40 41 42 -43 -44 45 -46 47 48 -49 -50 0
uf50-0799 126135 -1 2 3 4 -5 6 -7 8 9 10 -11 -12 -13 14 15 16 -17 -18 19 -20 -21 22 23 24 25 26 27 -28 -29 30 -31 -32 -33 -34 35 36 -37 38 39 -40 41 42 -43 -44 45 -46 47 48 -49 -50 0
uf50-0799 217 0
uf50-0799 126135 -1 2 3 4 -5 6 -7 8 9 10 -11 -12 -13 14 15 16 -17 -18 19 -20 -21 22 23 24 25 26 27 -28 -29 30 -31 -32 -33 -34 35 36 -37 38 39 -40 41 42 -43 -44 45 -46 47 48 -49 -50 0
uf50-0799 126135 -1 2 3 4 -5 6 -7 8 9 10 -11 -12 -13 14 15 16 -17 -18 19 -20 -21 22 23 24 25 26 27 -28 -29 30 -31 -32 -33 -34 35 36 -37 38 39 -40 41 42 -43 -44 45 -46 47 48 -49 -50 0
uf50-0799 129454 -1 2 3 4 -5 6 -7 8 9 10 -11 -12 -13 14 15 16 -17 -18 19 -20 -21 22 23 24 25 26 27 -28 -29 30 31 -32 -33 -34 35 36 -37 38 39 -40 41 42 -43 -44 45 -46 47 48 -49 -50 0
uf50-0799 217 0
uf50-0799 217 0
uf50-0799 217 0
uf50-0799 217 0
uf50-0799 217 0
uf50-0799 217 0
uf50-0799 129454 -1 2 3 4 -5 6 -7 8 9 10 -11 -12 -13 14 15 16 -17 -18 19 -20 -21 22 23 24 25 26 27 -28 -29 30 31 -32 -33 -34 35 36 -37 38 39 -40 41 42 -43 -44 45 -46 47 48 -49 -50 0
uf50-0799 129454 -1 2 3 4 -5 6 -7 8 9 10 -11 -12 -13 14 15 16 -17 -18 19 -20 -21 22 23 24 25 26 27 -28 -29 30 31 -32 -33 -34 35 36 -37 38 39 -40 41 42 -43 -44 45 -46 47 48 -49 -50 0
uf50-0799 126135 -1 2 3 4 -5 6 -7 8 9 10 -11 -12 -13 14 15 16 -17 -18 19 -20 -21 22 23 24 25 26 27 -28 -29 30 -31 -32 -33 -34 35 36 -37 38 39 -40 41 42 -43 -44 45 -46 47 48 -49 -50 0
uf50-0799 217 0
uf50-0799 217 0
uf50-0799 217 0
uf50-0799 217 0
uf50-0799 129454 -1 2 3 4 -5 6 -7 8 9 10 -11 -12 -13 14 15 16 -17 -18 19 -20 -21 22 23 24 25 26 27 -28 -29 30 31 -32 -33 -34 35 36 -37 38 39 -40 41 42 -43 -44 45 -46 47 48 -49 -50 0
uf50-0799 129454 -1 2 3 4 -5 6 -7 8 9 10 -11 -12 -13 14 15 16 -17 -18 19 -20 -21 22 23 24 25 26 27 -28 -29 30 31 -32 -33 -34 35 36 -37 38 39 -40 41 42 -43 -44 45 -46 47 48 -49 -50 0
uf50-0799 217 0
uf50-0799 217 0
uf50-0799 217 0
uf50-0799 217 0
uf50-0799 217 0
uf50-0799 129454 -1 2 3 4 -5 6 -7 8 9 10 -11 -12 -13 14 15 16 -17 -18 19 -20 -21 22 23 24 25 26 27 -28 -29 30 31 -32 -33 -34 35 36 -37 38 39 -40 41 42 -43 -44 45 -46 47 48 -49 -50 0
uf50-0799 217 0
uf50-0799 217 0
uf50-0799 217 0
uf50-0799 126135 -1 2 3 4 -5 6 -7 8 9 10 -11 -12 -13 14 15 16 -17 -18 19 -20 -21 22 23 24 25 26 27 -28 -29 30 -31 -32 -33 -34 35 36 -37 38 39 -40 41 42 -43 -44 45 -46 47 48 -49 -50 0
uf50-0799 128347 -1 2 3 4 -5 6 -7 8 9 10 -11 -12 -13 14 15 16 -17 -18 19 -20 -21 22 23 24 25 26 27 -28 -29 30 31 -32 -33 -34 35 36 -37 38 39 -40 41 42 -43 -44 45 -46 -47 48 -49 -50 0
uf50-0799 217 0
uf50-0863 217 0
uf50-0863 217 0
uf50-0863 217 0
uf50-0863 217 0
uf50-0863 217 0
uf50-0863 109539 -1 -2 -3 -4 -5 6 7 -8 9 -10 11 12 13 -14 15 -16 -17 -18 19 -20 -21 22 -23 -24 25 26 27 28 29 30 -31 32 33 -34 -35 -36 -37 -38 39 40 -41 42 43 44 -45 -46 47 -48 -49 -50 0
uf50-0863 217 0
uf50-0863 217 0
uf50-0863 217 0
uf50-0863 217 0
uf50-0863 217 0
uf50-0863 217 0
uf50-0863 217 0
uf50-0863 217 0
uf50-0863 217 0
uf50-0863 217 0
uf50-0863 217 0
uf50-0863 217 0
uf50-0863 217 0
uf50-0863 217 0
uf50-0863 217 0
uf50-0863 217 0
uf50-0863 217 0
uf50-0863 217 0
uf50-0863 217 0
uf50-0863 217 0
uf50-0863 217 0
uf50-0863 217 0
uf50-0863 217 0
uf50-0863 217 0
uf50-0863 217 0
uf50-0863 217 0
uf50-0863 217 0
uf50-0863 217 0
uf50-0863 217 0
uf50-0863 217 0
uf50-0863 217 0
uf50-0863 217 0
uf50-0863 217 0
uf50-0863 217 0
uf50-0863 217 0
uf50-0863 217 0
uf50-0863 217 0
uf50-0863 217 0
uf50-0863 107049 -1 -2 -3 -4 -5 6 -7 -8 9 -10 11 12 13 -14 15 -16 -17 -18 19 -20 -21 22 -23 -24 25 26 27 28 29 30 -31 32 33 -34 -35 -36 -37 -38 39 40 -41 42 43 44 -45 -46 47 -48 -49 -50 0
uf50-0863 217 0
uf50-0863 217 0
uf50-0863 217 0
uf50-0863 109539 -1 -2 -3 -4 -5 6 7 -8 9 -10 11 12 13 -14 15 -16 -17 -18 19 -20 -21 22 -23 -24 25 26 27 28 29 30 -31 32 33 -34 -35 -36 -37 -38 39 40 -41 42 43 44 -45 -46 47 -48 -49 -50 0
uf50-0863 217 0
uf50-0549 125257 1 2 3 4 5 6 7 -8 9 10 -11 12 13 -14 15 -16 -17 18 19 -20 21 -22 -23 -24 25 -26 -27 28 -29 -30 31 32 33 34 35 36 37 38 -39 -40 41 42 43 44 45 46 -47 -48 49 -50 0
uf50-0549 125257 1 2 3 4 5 6 7 -8 9 10 -11 12 13 -14 15 -16 -17 18 19 -20 21 -22 -23 -24 25 -26 -27 28 -29 -30 31 32 33 34 35 36 37 38 -39 -40 41 42 43 44 45 46 -47 -48 49 -50 0
uf50-0549 125257 1 2 3 4 5 6 7 -8 9 10 -11 12 13 -14 15 -16 -17 18 19 -20 21 -22 -23 -24 25 -26 -27 28 -29 -30 31 32 33 34 35 36 37 38 -39 -40 41 42 43 44 45 46 -47 -48 49 -50 0
uf50-0549 125257 1 2 3 4 5 6 7 -8 9 10 -11 12 13 -14 15 -16 -17 18 19 -20 21 -22 -23 -24 25 -26 -27 28 -29 -30 31 32 33 34 35 36 37 38 -39 -40 41 42 43 44 45 46 -47 -48 49 -50 0
uf50-0549 125257 1 2 3 4 5 6 7 -8 9 10 -11 12 13 -14 15 -16 -17 18 19 -20 21 -22 -23 -24 25 -26 -27 28 -29 -30 31 32 33 34 35 36 37 38 -39 -40 41 42 43 44 45 46 -47 -48 49 -50 0
uf50-0549 124061 1 2 3 4 5 6 7 -8 9 -10 -11 12 13 -14 15 -16 -17 18 -19 20 21 -22 -23 -24 25 -26 -27 28 -29 -30 31 32 33 34 35 36 37 38 -39 -40 41 42 43 -44 45 46 -47 48 49 50 0
uf50-0549 125257 1 2 3 4 5 6 7 -8 9 10 -11 12 13 -14 15 -16 -17 18 19 -20 21 -22 -23 -24 25 -26 -27 28 -29 -30 31 32 33 34 35 36 37 38 -39 -40 41 42 43 44 45 46 -47 -48 49 -50 0
uf50-0549 125257 1 2 3 4 5 6 7 -8 9 10 -11 12 13 -14 15 -16 -17 18 19 -20 21 -22 -23 -24 25 -26 -27 28 -29 -30 31 32 33 34 35 36 37 38 -39 -40 41 42 43 44 45 46 -47 -48 49 -50 0
uf50-0549 125257 1 2 3 4 5 6 7 -8 9 10 -11 12 13 -14 15 -16 -17 18 19 -20 21 -22 -23 -24 25 -26 -27 28 -29 -30 31 32 33 34 35 36 37 38 -39 -40 41 42 43 44 45 46 -47 -48 49 -50 0
uf50-0549 125257 1 2 3 4 5 6 7 -8 9 10 -11 12 13 -14 15 -16 -17 18 19 -20 21 -22 -23 -24 25 -26 -27 28 -29 -30 31 32 33 34 35 36 37 38 -39 -40 41 42 43 44 45 46 -47 -48 49 -50 0
uf50-0549 125257 1 2 3 4 5 6 7 -8 9 10 -11 12 13 -14 15 -16 -17 18 19 -20 21 -22 -23 -24 25 -26 -27 28 -29 -30 31 32 33 34 35 36 37 38 -39 -40 41 42 43 44 45 46 -47 -48 49 -50 0
uf50-0549 124061 1 2 3 4 5 6 7 -8 9 -10 -11 12 13 -14 15 -16 -17 18 -19 20 21 -22 -23 -24 25 -26 -27 28 -29 -30 31 32 33 34 35 36 37 38 -39 -40 41 42 43 -44 45 46 -47 48 49 50 0
uf50-0549 125257 1 2 3 4 5 6 7 -8 9 10 -11 12 13 -14 15 -16 -17 18 19 -20 21 -22 -23 -24 25 -26 -27 28 -29 -30 31 32 33 34 35 36 37 38 -39 -40 41 42 43 44 45 46 -47 -48 49 -50 0
uf50-0549 125257 1 2 3 4 5 6 7 -8 9 10 -11 12 13 -14 15 -16 -17 18 19 -20 21 -22 -23 -24 25 -26 -27 28 -29 -30 31 32 33 34 35 36 37 38 -39 -40 41 42 43 44 45 46 -47 -48 49 -50 0
uf50-0549 125257 1 2 3 4 5 6 7 -8 9 10 -11 12 13 -14 15 -16 -17 18 19 -20 21 -22 -23 -24 25 -26 -27 28 -29 -30 31 32 33 34 35 36 37 38 -39 -40 41 42 43 44 45 46 -47 -48 49 -50 0
uf50-0549 125257 1 2 3 4 5 6 7 -8 9 10 -11 12 13 -14 15 -16 -17 18 19 -20 21 -22 -23 -24 25 -26 -27 28 -29 -30 31 32 33 34 35 36 37 38 -39 -40 41 42 43 44 45 46 -47 -48 49 -50 0
uf50-0549 124061 1 2 3 4 5 6 7 -8 9 -10 -11 12 13 -14 15 -16 -17 18 -19 20 21 -22 -23 -24 25 -26 -27 28 -29 -30 31 32 33 34 35 36 37 38 -39 -40 41 42 43 -44 45 46 -47 48 49 50 0
uf50-0549 125257 1 2 3 4 5 6 7 -8 9 10 -11 12 13 -14 15 -16 -17 18 19 -20 21 -22 -23 -24 25 -26 -27 28 -29 -30 31 32 33 34 35 36 37 38 -39 -40 41 42 43 44 45 46 -47 -48 49 -50 0
uf50-0549 123458 1 2 3 4 5 6 7 -8 9 -10 -11 12 13 -14 15 -16 -17 18 -19 20 21 -22 -23 -24 25 -26 -27 28 -29 -30 31 32 33 34 35 36 37 38 -39 -40 41 42 43 -44 45 46 -47 48 49 -50 0
uf50-0549 125257 1 2 3 4 5 6 7 -8 9 10 -11 12 13 -14 15 -16 -17 18 19 -20 21 -22 -23 -24 25 -26 -27 28 -29 -30 31 32 33 34 35 36 37 38 -39 -40 41 42 43 44 45 46 -47 -48 49 -50 0
uf50-0549 124061 1 2 3 4 5 6 7 -8 9 -10 -11 12 13 -14 15 -16 -17 18 -19 20 21 -22 -23 -24 25 -26 -27 28 -29 -30 31 32 33 34 35 36 37 38 -39 -40 41 42 43 -44 45 46 -47 48 49 50 0
uf50-0549 125257 1 2 3 4 5 6 7 -8 9 10 -11 12 13 -14 15 -16 -17 18 19 -20 21 -22 -23 -24 25 -26 -27 28 -29 -30 31 32 33 34 35 36 37 38 -39 -40 41 42 43 44 45 46 -47 -48 49 -50 0
uf50-0549 125257 1 2 3 4 5 6 7 -8 9 10 -11 12 13 -14 15 -16 -17 18 19 -20 21 -22 -23 -24 25 -26 -27 28 -29 -30 31 32 33 34 35 36 37 38 -39 -40 41 42 43 44 45 46 -47 -48 49 -50 0
uf50-0549 123679 1 2 3 4 -5 6 7 -8 9 10 -11 12 13 -14 15 -16 -17 18 19 -20 21 -22 -23 -24 25 -26 -27 28 -29 -30 31 32 33 34 35 36 37 38 -39 -40 41 42 43 44 45 46 47 -48 49 -50 0
uf50-0549 125257 1 2 3 4 5 6 7 -8 9 10 -11 12 13 -14 15 -16 -17 18 19 -20 21 -22 -23 -24 25 -26 -27 28 -29 -30 31 32 33 34 35 36 37 38 -39 -40 41 42 43 44 45 46 -47 -48 49 -50 0
uf50-0549 125257 1 2 3 4 5 6 7 -8 9 10 -11 12 13 -14 15 -16 -17 18 19 -20 21 -22 -23 -24 25 -26 -27 28 -29 -30 31 32 33 34 35 36 37 38 -39 -40 41 42 43 44 45 46 -47 -48 49 -50 0
uf50-0549 124061 1 2 3 4 5 6 7 -8 9 -10 -11 12 13 -14 15 -16 -17 18 -19 20 21 -22 -23 -24 25 -26 -27 28 -29 -30 31 32 33 34 35 36 37 38 -39 -40 41 42 43 -44 45 46 -47 48 49 50 0
uf50-0549 125257 1 2 3 4 5 6 7 -8 9 10 -11 12 13 -14 15 -16 -17 18 19 -20 21 -22 -23 -24 25 -26 -27 28 -29 -30 31 32 33 34 35 36 37 38 -39 -40 41 42 43 44 45 46 -47 -48 49 -50 0
uf50-0549 125257 1 2 3 4 5 6 7 -8 9 10 -11 12 13 -14 15 -16 -17 18 19 -20 21 -22 -23 -24 25 -26 -27 28 -29 -30 31 32 33 34 35 36 37 38 -39 -40 41 42 43 44 45 46 -47 -48 49 -50 0
uf50-0549 125257 1 2 3 4 5 6 7 -8 9 10 -11 12 13 -14 15 -16 -17 18 19 -20 21 -22 -23 -24 25 -26 -27 28 -29 -30 31 32 33 34 35 36 37 38 -39 -40 41 42 43 44 45 46 -47 -48 49 -50 0
uf50-0549 125257 1 2 3 4 5 6 7 -8 9 10 -11 12 13 -14 15 -16 -17 18 19 -20 21 -22 -23 -24 25 -26 -27 28 -29 -30 31 32 33 34 35 36 37 38 -39 -40 41 42 43 44 45 46 -47 -48 49 -50 0
uf50-0549 124061 1 2 3 4 5 6 7 -8 9 -10 -11 12 13 -14 15 -16 -17 18 -19 20 21 -22 -23 -24 25 -26 -27 28 -29 -30 31 32 33 34 35 36 37 38 -39 -40 41 42 43 -44 45 46 -47 48 49 50 0
uf50-0549 125257 1 2 3 4 5 6 7 -8 9 10 -11 12 13 -14 15 -16 -17 18 19 -20 21 -22 -23 -24 25 -26 -27 28 -29 -30 31 32 33 34 35 36 37 38 -39 -40 41 42 43 44 45 46 -47 -48 49 -50 0
uf50-0549 124590 1 2 3 4 5 6 7 -8 9 10 -11 12 13 -14 15 -16 -17 18 -19 -20 21 -22 -23 -24 25 -26 -27 28 -29 -30 31 32 33 34 35 36 37 38 -39 -40 41 42 43 44 45 46 -47 -48 49 -50 0
uf50-0549 125257 1 2 3 4 5 6 7 -8 9 10 -11 12 13 -14 15 -16 -17 18 19 -20 21 -22 -23 -24 25 -26 -27 28 -29 -30 31 32 33 34 35 36 37 38 -39 -40 41 42 43 44 45 46 -47 -48 49 -50 0
uf50-0549 125257 1 2 3 4 5 6 7 -8 9 10 -11 12 13 -14 15 -16 -17 18 19 -20 21 -22 -23 -24 25 -26 -27 28 -29 -30 31 32 33 34 35 36 37 38 -39 -40 41 42 43 44 45 46 -47 -48 49 -50 0
uf50-0549 125257 1 2 3 4 5 6 7 -8 9 10 -11 12 13 -14 15 -16 -17 18 19 -20 21 -22 -23 -24 25 -26 -27 28 -29 -30 31 32 33 34 35 36 37 38 -39 -40 41 42 43 44 45 46 -47 -48 49 -50 0
uf50-0549 125257 1 2 3 4 5 6 7 -8 9 10 -11 12 13 -14 15 -16 -17 18 19 -20 21 -22 -23 -24 25 -26 -27 28 -29 -30 31 32 33 34 35 36 37 38 -39 -40 41 42 43 44 45 46 -47 -48 49 -50 0
uf50-0549 124590 1 2 3 4 5 6 7 -8 9 10 -11 12 13 -14 15 -16 -17 18 -19 -20 21 -22 -23 -24 25 -26 -27 28 -29 -30 31 32 33 34 35 36 37 38 -39 -40 41 42 43 44 45 46 -47 -48 49 -50 0
uf50-0549 125257 1 2 3 4 5 6 7 -8 9 10 -11 12 13 -14 15 -16 -17 18 19 -20 21 -22 -23 -24 25 -26 -27 28 -29 -30 31 32 33 34 35 36 37 38 -39 -40 41 42 43 44 45 46 -47 -48 49 -50 0
uf50-0549 124061 1 2 3 4 5 6 7 -8 9 -10 -11 12 13 -14 15 -16 -17 18 -19 20 21 -22 -23 -24 25 -26 -27 28 -29 -30 31 32 33 34 35 36 37 38 -39 -40 41 42 43 -44 45 46 -47 48 49 50 0
uf50-0549 125257 1 2 3 4 5 6 7 -8 9 10 -11 12 13 -14 15 -16 -17 18 19 -20 21 -22 -23 -24 25 -26 -27 28 -29 -30 31 32 33 34 35 36 37 38 -39 -40 41 42 43 44 45 46 -47 -48 49 -50 0
uf50-0549 125257 1 2 3 4 5 6 7 -8 9 10 -11 12 13 -14 15 -16 -17 18 19 -20 21 -22 -23 -24 25 -26 -27 28 -29 -30 31 32 33 34 35 36 37 38 -39 -40 41 42 43 44 45 46 -47 -48 49 -50 0
uf50-0549 125257 1 2 3 4 5 6 7 -8 9 10 -11 12 13 -14 15 -16 -17 18 19 -20 21 -22 -23 -24 25 -26 -27 28 -29 -30 31 32 33 34 35 36 37 38 -39 -40 41 42 43 44 45 46 -47 -48 49 -50 0
uf50-0549 125257 1 2 3 4 5 6 7 -8 9 10 -11 12 13 -14 15 -16 -17 18 19 -20 21 -22 -23 -24 25 -26 -27 28 -29 -30 31 32 33 34 35 36 37 38 -39 -40 41 42 43 44 45 46 -47 -48 49 -50 0
uf50-0549 125257 1 2 3 4 5 6 7 -8 9 10 -11 12 13 -14 15 -16 -17 18 19 -20 21 -22 -23 -24 25 -26 -27 28 -29 -30 31 32 33 34 35 36 37 38 -39 -40 41 42 43 44 45 46 -47 -48 49 -50 0
uf50-0549 124590 1 2 3 4 5 6 7 -8 9 10 -11 12 13 -14 15 -16 -17 18 -19 -20 21 -22 -23 -24 25 -26 -27 28 -29 -30 31 32 33 34 35 36 37 38 -39 -40 41 42 43 44 45 46 -47 -48 49 -50 0
uf50-0549 125257 1 2 3 4 5 6 7 -8 9 10 -11 12 13 -14 15 -16 -17 18 19 -20 21 -22 -23 -24 25 -26 -27 28 -29 -30 31 32 33 34 35 36 37 38 -39 -40 41 42 43 44 45 46 -47 -48 49 -50 0
uf50-0549 124061 1 2 3 4 5 6 7 -8 9 -10 -11 12 13 -14 15 -16 -17 18 -19 20 21 -22 -23 -24 25 -26 -27 28 -29 -30 31 32 33 34 35 36 37 38 -39 -40 41 42 43 -44 45 46 -47 48 49 50 0
uf50-0549 124061 1 2 3 4 5 6 7 -8 9 -10 -11 12 13 -14 15 -16 -17 18 -19 20 21 -22 -23 -24 25 -26 -27 28 -29 -30 31 32 33 34 35 36 37 38 -39 -40 41 42 43 -44 45 46 -47 48 49 50 0
uf50-0242 119794 1 -2 3 4 -5 -6 7 -8 9 -10 11 -12 -13 14 15 -16 17 18 19 20 21 22 23 24 -25 26 27 28 -29 -30 31 -32 33 34 35 36 -37 38 -39 -40 -41 42 43 44 45 46 47 -48 -49 50 0
uf50-0242 117348 1 -2 3 4 -5 -6 7 -8 -9 -10 11 -12 -13 14 15 -16 17 18 19 20 21 22 23 24 -25 26 27 28 -29 -30 31 -32 33 34 35 36 -37 38 -39 -40 -41 42 43 44 45 46 47 -48 -49 50 0
uf50-0242 115350 1 -2 3 4 -5 -6 7 -8 -9 -10 11 -12 -13 14 15 -16 17 18 19 20 21 22 23 24 -25 26 27 28 -29 -30 31 -32 33 34 35 36 -37 38 -39 -40 -41 -42 43 44 45 46 47 -48 -49 50 0
uf50-0242 119794 1 -2 3 4 -5 -6 7 -8 9 -10 11 -12 -13 14 15 -16 17 18 19 20 21 22 23 24 -25 26 27 28 -29 -30 31 -32 33 34 35 36 -37 38 -39 -40 -41 42 43 44 45 46 47 -48 -49 50 0
uf50-0242 117200 1 -2 3 4 -5 -6 7 -8 9 -10 11 -12 -13 14 15 -16 17 18 19 20 21 22 23 24 -25 26 27 28 -29 -30 31 -32 33 34 35 36 -37 38 -39 -40 -41 42 43 44 45 46 -47 -48 -49 50 0
uf50-0242 116853 1 -2 3 4 -5 -6 7 -8 9 -10 11 -12 -13 14 15 -16 17 18 19 20 21 22 23 24 -25 -26 27 28 -29 -30 31 -32 33 34 35 36 -37 38 39 -40 -41 42 43 44 45 46 47 -48 -49 50 0
uf50-0242 117348 1 -2 3 4 -5 -6 7 -8 -9 -10 11 -12 -13 14 15 -16 17 18 19 20 21 22 23 24 -25 26 27 28 -29 -30 31 -32 33 34 35 36 -37 38 -39 -40 -41 42 43 44 45 46 47 -48 -49 50 0
uf50-0242 117348 1 -2 3 4 -5 -6 7 -8 -9 -10 11 -12 -13 14 15 -16 17 18 19 20 21 22 23 24 -25 26 27 28 -29 -30 31 -32 33 34 35 36 -37 38 -39 -40 -41 42 43 44 45 46 47 -48 -49 50 0
uf50-0242 119794 1 -2 3 4 -5 -6 7 -8 9 -10 11 -12 -13 14 15 -16 17 18 19 20 21 22 23 24 -25 26 27 28 -29 -30 31 -32 33 34 35 36 -37 38 -39 -40 -41 42 43 44 45 46 47 -48 -49 50 0
uf50-0242 112418 1 2 3 -4 -5 -6 -7 -8 -9 -10 -11 -12 -13 14 15 16 17 18 19 20 21 22 23 24 -25 26 27 28 -29 -30 -31 -32 33 34 35 36 -37 38 39 -40 -41 42 43 44 45 46 47 -48 -49 50 0
uf50-0242 115507 1 -2 3 4 -5 -6 7 -8 9 -10 -11 -12 -13 14 15 -16 17 18 19 20 21 22 23 24 -25 26 27 28 -29 -30 31 -32 33 34 35 36 -37 38 -39 -40 -41 -42 43 44 45 46 47 -48 -49 50 0
uf50-0242 117405 1 -2 3 4 -5 -6 -7 -8 9 -10 -11 -12 -13 14 15 16 17 18 19 20 21 22 23 24 -25 26 27 28 -29 -30 31 -32 33 34 35 36 -37 38 -39 -40 -41 42 43 44 45 46 47 -48 -49 50 0
uf50-0242 114855 1 2 3 4 -5 -6 -7 -8 -9 -10 -11 -12 -13 14 15 16 17 18 19 20 21 22 23 24 -25 26 27 28 -29 -30 -31 -32 33 34 35 36 -37 38 39 -40 -41 42 43 44 45 46 47 -48 -49 50 0
uf50-0242 113423 1 2 3 4 -5 -6 -7 -8 -9 -10 -11 -12 -13 14 15 16 17 18 19 20 21 22 23 24 -25 26 27 28 -29 -30 -31 -32 33 34 35 36 -37 38 -39 -40 -41 42 43 44 45 46 47 -48 -49 50 0
uf50-0242 117440 1 -2 3 4 -5 -6 7 -8 9 -10 11 -12 -13 14 15 -16 17 18 19 20 21 22 23 -24 -25 26 27 28 -29 -30 31 -32 33 34 35 36 -37 38 -39 -40 -41 42 43 44 45 46 47 -48 -49 50 0
uf50-0242 119794 1 -2 3 4 -5 -6 7 -8 9 -10 11 -12 -13 14 15 -16 17 18 19 20 21 22 23 24 -25 26 27 28 -29 -30 31 -32 33 34 35 36 -37 38 -39 -40 -41 42 43 44 45 46 47 -48 -49 50 0
uf50-0242 119794 1 -2 3 4 -5 -6 7 -8 9 -10 11 -12 -13 14 15 -16 17 18 19 20 21 22 23 24 -25 26 27 28 -29 -30 31 -32 33 34 35 36 -37 38 -39 -40 -41 42 43 44 45 46 47 -48 -49 50 0
uf50-0242 114811 1 -2 3 4 -5 -6 -7 -8 9 -10 -11 -12 -13 14 15 16 17 18 19 20 21 22 23 24 -25 26 27 28 -29 -30 31 -32 33 34 35 36 -37 38 -39 -40 -41 42 43 44 45 46 -47 -48 -49 50 0
uf50-0242 119794 1 -2 3 4 -5 -6 7 -8 9 -10 11 -12 -13 14 15 -16 17 18 19 20 21 22 23 24 -25 26 27 28 -29 -30 31 -32 33 34 35 36 -37 38 -39 -40 -41 42 43 44 45 46 47 -48 -49 50 0
uf50-0242 119794 1 -2 3 4 -5 -6 7 -8 9 -10 11 -12 -13 14 15 -16 17 18 19 20 21 22 23 24 -25 26 27 28 -29 -30 31 -32 33 34 35 36 -37 38 -39 -40 -41 42 43 44 45 46 47 -48 -49 50 0
uf50-0242 116853 1 -2 3 4 -5 -6 7 -8 9 -10 11 -12 -13 14 15 -16 17 18 19 20 21 22 23 24 -25 -26 27 28 -29 -30 31 -32 33 34 35 36 -37 38 39 -40 -41 42 43 44 45 46 47 -48 -49 50 0
uf50-0242 117796 1 -2 3 4 -5 -6 7 -8 9 -10 11 -12 -13 14 15 -16 17 18 19 20 21 22 23 24 -25 26 27 28 -29 -30 31 -32 33 34 35 36 -37 38 -39 -40 -41 -42 43 44 45 46 47 -48 -49 50 0
uf50-0242 117796 1 -2 3 4 -5 -6 7 -8 9 -10 11 -12 -13 14 15 -16 17 18 19 20 21 22 23 24 -25 26 27 28 -29 -30 31 -32 33 34 35 36 -37 38 -39 -40 -41 -42 43 44 45 46 47 -48 -49 50 0
uf50-0242 119794 1 -2 3 4 -5 -6 7 -8 9 -10 11 -12 -13 14 15 -16 17 18 19 20 21 22 23 24 -25 26 27 28 -29 -30 31 -32 33 34 35 36 -37 38 -39 -40 -41 42 43 44 45 46 47 -48 -49 50 0
uf50-0242 116853 1 -2 3 4 -5 -6 7 -8 9 -10 11 -12 -13 14 15 -16 17 18 19 20 21 22 23 24 -25 -26 27 28 -29 -30 31 -32 33 34 35 36 -37 38 39 -40 -41 42 43 44 45 46 47 -48 -49 50 0
uf50-0242 117505 1 -2 3 4 -5 -6 7 -8 9 -10 -11 -12 -13 14 15 -16 17 18 19 20 21 22 23 24 -25 26 27 28 -29 -30 31 -32 33 34 35 36 -37 38 -39 -40 -41 42 43 44 45 46 47 -48 -49 50 0
uf50-0242 115442 1 -2 3 4 -5 -6 7 -8 9 -10 11 -12 -13 14 15 -16 17 18 19 20 21 22 23 -24 -25 26 27 28 -29 -30 31 -32 33 34 35 36 -37 38 -39 -40 -41 -42 43 44 45 46 47 -48 -49 50 0
uf50-0242 117348 1 -2 3 4 -5 -6 7 -8 -9 -10 11 -12 -13 14 15 -16 17 18 19 20 21 22 23 24 -25 26 27 28 -29 -30 31 -32 33 34 35 36 -37 38 -39 -40 -41 42 43 44 45 46 47 -48 -49 50 0
uf50-0242 117348 1 -2 3 4 -5 -6 7 -8 -9 -10 11 -12 -13 14 15 -16 17 18 19 20 21 22 23 24 -25 26 27 28 -29 -30 31 -32 33 34 35 36 -37 38 -39 -40 -41 42 43 44 45 46 47 -48 -49 50 0
uf50-0242 119794 1 -2 3 4 -5 -6 7 -8 9 -10 11 -12 -13 14 15 -16 17 18 19 20 21 22 23 24 -25 26 27 28 -29 -30 31 -32 33 34 35 36 -37 38 -39 -40 -41 42 43 44 45 46 47 -48 -49 50 0
uf50-0242 117200 1 -2 3 4 -5 -6 7 -8 9 -10 11 -12 -13 14 15 -16 17 18 19 20 21 22 23 24 -25 26 27 28 -29 -30 31 -32 33 34 35 36 -37 38 -39 -40 -41 42 43 44 45 46 -47 -48 -49 50 0
uf50-0242 119794 1 -2 3 4 -5 -6 7 -8 9 -10 11 -12 -13 14 15 -16 17 18 19 20 21 22 23 24 -25 26 27 28 -29 -30 31 -32 33 34 35 36 -37 38 -39 -40 -41 42 43 44 45 46 47 -48 -49 50 0
uf50-0242 109928 1 -2 3 4 -5 6 7 -8 9 -10 11 -12 13 14 15 -16 17 18 19 20 21 -22 -23 -24 -25 26 27 28 -29 -30 31 -32 33 34 -35 36 -37 38 -39 40 -41 -42 43 44 45 46 47 -48 -49 50 0
uf50-0242 116853 1 -2 3 4 -5 -6 7 -8 9 -10 11 -12 -13 14 15 -16 17 18 19 20 21 22 23 24 -25 -26 27 28 -29 -30 31 -32 33 34 35 36 -37 38 39 -40 -41 42 43 44 45 46 47 -48 -49 50 0
uf50-0242 115202 1 -2 3 4 -5 -6 7 -8 9 -10 11 -12 -13 14 15 -16 17 18 19 20 21 22 23 24 -25 26 27 28 -29 -30 31 -32 33 34 35 36 -37 38 -39 -40 -41 -42 43 44 45 46 -47 -48 -49 50 0
uf50-0242 116853 1 -2 3 4 -5 -6 7 -8 9 -10 11 -12 -13 14 15 -16 17 18 19 20 21 22 23 24 -25 -26 27 28 -29 -30 31 -32 33 34 35 36 -37 38 39 -40 -41 42 43 44 45 46 47 -48 -49 50 0
uf50-0242 119794 1 -2 3 4 -5 -6 7 -8 9 -10 11 -12 -13 14 15 -16 17 18 19 20 21 22 23 24 -25 26 27 28 -29 -30 31 -32 33 34 35 36 -37 38 -39 -40 -41 42 43 44 45 46 47 -48 -49 50 0
uf50-0242 115421 1 -2 3 4 -5 -6 7 -8 9 -10 11 -12 -13 14 15 -16 17 18 19 20 21 22 23 24 -25 -26 27 28 -29 -30 31 -32 33 34 35 36 -37 38 -39 -40 -41 42 43 44 45 46 47 -48 -49 50 0
uf50-0242 119794 1 -2 3 4 -5 -6 7 -8 9 -10 11 -12 -13 14 15 -16 17 18 19 20 21 22 23 24 -25 26 27 28 -29 -30 31 -32 33 34 35 36 -37 38 -39 -40 -41 42 43 44 45 46 47 -48 -49 50 0
uf50-0242 117348 1 -2 3 4 -5 -6 7 -8 -9 -10 11 -12 -13 14 15 -16 17 18 19 20 21 22 23 24 -25 26 27 28 -29 -30 31 -32 33 34 35 36 -37 38 -39 -40 -41 42 43 44 45 46 47 -48 -49 50 0
uf50-0242 119794 1 -2 3 4 -5 -6 7 -8 9 -10 11 -12 -13 14 15 -16 17 18 19 20 21 22 23 24 -25 26 27 28 -29 -30 31 -32 33 34 35 36 -37 38 -39 -40 -41 42 43 44 45 46 47 -48 -49 50 0
uf50-0242 117200 1 -2 3 4 -5 -6 7 -8 9 -10 11 -12 -13 14 15 -16 17 18 19 20 21 22 23 24 -25 26 27 28 -29 -30 31 -32 33 34 35 36 -37 38 -39 -40 -41 42 43 44 45 46 -47 -48 -49 50 0
uf50-0242 117405 1 -2 3 4 -5 -6 -7 -8 9 -10 -11 -12 -13 14 15 16 17 18 19 20 21 22 23 24 -25 26 27 28 -29 -30 31 -32 33 34 35 36 -37 38 -39 -40 -41 42 43 44 45 46 47 -48 -49 50 0
uf50-0242 115442 1 -2 3 4 -5 -6 7 -8 9 -10 11 -12 -13 14 15 -16 17 18 19 20 21 22 23 -24 -25 26 27 28 -29 -30 31 -32 33 34 35 36 -37 38 -39 -40 -41 -42 43 44 45 46 47 -48 -49 50 0
uf50-0242 115442 1 -2 3 4 -5 -6 7 -8 9 -10 11 -12 -13 14 15 -16 17 18 19 20 21 22 23 -24 -25 26 27 28 -29 -30 31 -32 33 34 35 36 -37 38 -39 -40 -41 -42 43 44 45 46 47 -48 -49 50 0
uf50-0242 119794 1 -2 3 4 -5 -6 7 -8 9 -10 11 -12 -13 14 15 -16 17 18 19 20 21 22 23 24 -25 26 27 28 -29 -30 31 -32 33 34 35 36 -37 38 -39 -40 -41 42 43 44 45 46 47 -48 -49 50 0
uf50-0242 114259 1 -2 3 4 -5 -6 7 -8 9 -10 11 -12 -13 14 15 -16 17 18 19 20 21 22 23 24 -25 -26 27 28 -29 -30 31 -32 33 34 35 36 -37 38 39 -40 -41 42 43 44 45 46 -47 -48 -49 50 0
uf50-0242 117440 1 -2 3 4 -5 -6 7 -8 9 -10 11 -12 -13 14 15 -16 17 18 19 20 21 22 23 -24 -25 26 27 28 -29 -30 31 -32 33 34 35 36 -37 38 -39 -40 -41 42 43 44 45 46 47 -48 -49 50 0
uf50-0242 119794 1 -2 3 4 -5 -6 7 -8 9 -10 11 -12 -13 14 15 -16 17 18 19 20 21 22 23 24 -25 26 27 28 -29 -30 31 -32 33 34 35 36 -37 38 -39 -40 -41 42 43 44 45 46 47 -48 -49 50 0
uf50-0242 112118 1 -2 3 4 -5 -6 7 -8 -9 -10 -11 -12 -13 14 15 -16 17 18 19 20 21 22 23 24 -25 -26 27 28 -29 -30 31 -32 33 34 35 36 -37 38 39 -40 -41 42 43 44 45 46 47 -48 -49 50 0
uf50-0690 216 0
uf50-0690 217 0
uf50-0690 217 0
uf50-0690 216 0
uf50-0690 217 0
uf50-0690 216 0
uf50-0690 217 0
uf50-0690 217 0
uf50-0690 216 0
uf50-0690 217 0
uf50-0690 216 0
uf50-0690 217 0
uf50-0690 217 0
uf50-0690 217 0
uf50-0690 217 0
uf50-0690 217 0
uf50-0690 217 0
uf50-0690 217 0
uf50-0690 216 0
uf50-0690 217 0
uf50-0690 217 0
uf50-0690 216 0
uf50-0690 217 0
uf50-0690 217 0
uf50-0690 217 0
uf50-0690 217 0
uf50-0690 217 0
uf50-0690 216 0
uf50-0690 217 0
uf50-0690 216 0
uf50-0690 217 0
uf50-0690 217 0
uf50-0690 217 0
uf50-0690 216 0
uf50-0690 216 0
uf50-0690 217 0
uf50-0690 217 0
uf50-0690 217 0
uf50-0690 217 0
uf50-0690 216 0
uf50-0690 216 0
uf50-0690 217 0
uf50-0690 217 0
uf50-0690 216 0
uf50-0690 217 0
uf50-0690 217 0
uf50-0690 217 0
uf50-0690 216 0
uf50-0690 216 0
uf50-0690 216 0
uf50-063 216 0
uf50-063 216 0
uf50-063 216 0
uf50-063 216 0
uf50-063 215 0
uf50-063 216 0
uf50-063 216 0
uf50-063 216 0
uf50-063 217 0
uf50-063 216 0
uf50-063 216 0
uf50-063 216 0
uf50-063 216 0
uf50-063 217 0
uf50-063 216 0
uf50-063 217 0
uf50-063 216 0
uf50-063 216 0
uf50-063 94601 -1 -2 -3 -4 5 -6 7 8 9 10 -11 12 -13 -14 15 -16 -17 18 -19 -20 -21 22 -23 -24 -25 26 27 28 29 -30 31 -32 33 -34 -35 36 37 38 -39 -40 -41 -42 -43 44 -45 46 47 -48 -49 -50 0
uf50-063 216 0
uf50-063 216 0
uf50-063 216 0
uf50-063 216 0
uf50-063 217 0
uf50-063 217 0
uf50-063 216 0
uf50-063 216 0
uf50-063 216 0
uf50-063 216 0
uf50-063 216 0
uf50-063 216 0
uf50-063 216 0
uf50-063 216 0
uf50-063 216 0
uf50-063 216 0
uf50-063 216 0
uf50-063 216 0
uf50-063 216 0
uf50-063 216 0
uf50-063 216 0
uf50-063 216 0
uf50-063 216 0
uf50-063 217 0
uf50-063 217 0
uf50-063 216 0
uf50-063 96537 -1 -2 -3 -4 5 -6 7 8 9 10 -11 12 -13 -14 15 -16 -17 18 -19 -20 -21 22 -23 -24 -25 26 27 28 29 -30 31 -32 33 34 -35 36 37 38 -39 -40 -41 -42 -43 44 -45 46 47 -48 -49 -50 0
uf50-063 217 0
uf50-063 216 0
uf50-063 216 0
uf50-063 216 0
uf50-0971 133191 -1 -2 3 4 5 6 7 -8 9 10 11 12 13 -14 15 -16 17 -18 -19 20 -21 22 -23 -24 25 26 27 -28 -29 30 31 -32 33 -34 35 36 37 -38 39 40 -41 -42 43 -44 45 46 -47 48 49 50 0
uf50-0971 136949 -1 -2 3 4 5 6 7 8 9 10 11 12 13 -14 15 -16 17 -18 -19 20 -21 22 -23 -24 -25 26 27 28 -29 30 31 -32 33 -34 35 36 37 -38 39 40 -41 -42 43 -44 45 46 -47 48 49 50 0
uf50-0971 135524 -1 -2 3 4 5 6 7 -8 9 10 11 12 13 -14 15 -16 17 -18 -19 20 -21 22 -23 -24 25 26 27 28 -29 30 31 -32 33 -34 35 36 37 -38 39 40 -41 -42 43 -44 45 46 -47 48 49 50 0
uf50-0971 135446 1 -2 3 4 5 6 7 8 9 10 11 12 13 -14 15 -16 17 -18 -19 20 -21 22 -23 -24 -25 26 27 28 -29 30 31 -32 33 -34 35 36 37 -38 39 40 -41 -42 43 -44 45 46 -47 48 -49 50 0
uf50-0971 136949 -1 -2 3 4 5 6 7 8 9 10 11 12 13 -14 15 -16 17 -18 -19 20 -21 22 -23 -24 -25 26 27 28 -29 30 31 -32 33 -34 35 36 37 -38 39 40 -41 -42 43 -44 45 46 -47 48 49 50 0
uf50-0971 136949 -1 -2 3 4 5 6 7 8 9 10 11 12 13 -14 15 -16 17 -18 -19 20 -21 22 -23 -24 -25 26 27 28 -29 30 31 -32 33 -34 35 36 37 -38 39 40 -41 -42 43 -44 45 46 -47 48 49 50 0
uf50-0971 136949 -1 -2 3 4 5 6 7 8 9 10 11 12 13 -14 15 -16 17 -18 -19 20 -21 22 -23 -24 -25 26 27 28 -29 30 31 -32 33 -34 35 36 37 -38 39 40 -41 -42 43 -44 45 46 -47 48 49 50 0
uf50-0971 135524 -1 -2 3 4 5 6 7 -8 9 10 11 12 13 -14 15 -16 17 -18 -19 20 -21 22 -23 -24 25 26 27 28 -29 30 31 -32 33 -34 35 36 37 -38 39 40 -41 -42 43 -44 45 46 -47 48 49 50 0
uf50-0971 136949 -1 -2 3 4 5 6 7 8 9 10 11 12 13 -14 15 -16 17 -18 -19 20 -21 22 -23 -24 -25 26 27 28 -29 30 31 -32 33 -34 35 36 37 -38 39 40 -41 -42 43 -44 45 46 -47 48 49 50 0
uf50-0971 136949 -1 -2 3 4 5 6 7 8 9 10 11 12 13 -14 15 -16 17 -18 -19 20 -21 22 -23 -24 -25 26 27 28 -29 30 31 -32 33 -34 35 36 37 -38 39 40 -41 -42 43 -44 45 46 -47 48 49 50 0
uf50-0971 136949 -1 -2 3 4 5 6 7 8 9 10 11 12 13 -14 15 -16 17 -18 -19 20 -21 22 -23 -24 -25 26 27 28 -29 30 31 -32 33 -34 35 36 37 -38 39 40 -41 -42 43 -44 45 46 -47 48 49 50 0
uf50-0971 135446 1 -2 3 4 5 6 7 8 9 10 11 12 13 -14 15 -16 17 -18 -19 20 -21 22 -23 -24 -25 26 27 28 -29 30 31 -32 33 -34 35 36 37 -38 39 40 -41 -42 43 -44 45 46 -47 48 -49 50 0
uf50-0971 129793 1 -2 3 -4 5 6 7 -8 9 10 11 12 13 -14 15 -16 17 -18 -19 20 -21 22 -23 -24 25 26 27 -28 -29 30 31 -32 33 -34 35 36 37 -38 39 40 -41 -42 43 -44 45 46 -47 48 -49 50 0
uf50-0971 135446 1 -2 3 4 5 6 7 8 9 10 11 12 13 -14 15 -16 17 -18 -19 20 -21 22 -23 -24 -25 26 27 28 -29 30 31 -32 33 -34 35 36 37 -38 39 40 -41 -42 43 -44 45 46 -47 48 -49 50 0
uf50-0971 133504 -1 -2 3 -4 5 6 7 8 -9 10 11 12 13 -14 15 -16 17 -18 -19 20 -21 22 -23 -24 -25 26 27 28 29 30 31 -32 33 -34 35 36 37 -38 39 40 -41 -42 43 -44 45 46 -47 48 49 50 0
uf50-0971 134788 -1 -2 3 4 5 6 7 8 -9 10 11 12 13 -14 15 -16 17 -18 -19 20 -21 22 -23 -24 -25 26 27 28 -29 30 31 -32 33 -34 35 36 37 -38 39 40 -41 -42 43 -44 45 46 -47 48 49 50 0
uf50-0971 131171 -1 -2 3 -4 5 6 7 8 -9 10 11 12 13 -14 15 -16 17 -18 -19 20 -21 22 -23 -24 -25 26 27 -28 29 30 31 -32 33 -34 35 36 37 -38 39 40 -41 -42 43 -44 45 46 -47 48 49 50 0
uf50-0971 135524 -1 -2 3 4 5 6 7 -8 9 10 11 12 13 -14 15 -16 17 -18 -19 20 -21 22 -23 -24 25 26 27 28 -29 30 31 -32 33 -34 35 36 37 -38 39 40 -41 -42 43 -44 45 46 -47 48 49 50 0
uf50-0971 133504 -1 -2 3 -4 5 6 7 8 -9 10 11 12 13 -14 15 -16 17 -18 -19 20 -21 22 -23 -24 -25 26 27 28 29 30 31 -32 33 -34 35 36 37 -38 39 40 -41 -42 43 -44 45 46 -47 48 49 50 0
uf50-0971 134616 -1 -2 3 4 5 6 7 8 9 10 11 12 13 -14 15 -16 17 -18 -19 20 -21 22 -23 -24 -25 26 27 -28 -29 30 31 -32 33 -34 35 36 37 -38 39 40 -41 -42 43 -44 45 46 -47 48 49 50 0
uf50-0971 136949 -1 -2 3 4 5 6 7 8 9 10 11 12 13 -14 15 -16 17 -18 -19 20 -21 22 -23 -24 -25 26 27 28 -29 30 31 -32 33 -34 35 36 37 -38 39 40 -41 -42 43 -44 45 46 -47 48 49 50 0
uf50-0971 132957 1 -2 3 -4 5 6 7 8 -9 10 11 12 13 -14 15 -16 17 18 -19 20 -21 22 -23 -24 -25 26 27 -28 29 30 31 -32 33 -34 35 36 37 -38 39 40 -41 -42 43 -44 45 46 -47 48 49 50 0
uf50-0971 133912 -1 -2 3 4 -5 6 7 8 9 10 11 12 13 -14 15 -16 17 -18 -19 20 -21 22 -23 -24 -25 26 27 28 -29 30 31 -32 33 -34 35 36 37 -38 39 40 -41 -42 43 -44 45 46 -47 48 49 50 0
uf50-0971 134616 -1 -2 3 4 5 6 7 8 9 10 11 12 13 -14 15 -16 17 -18 -19 20 -21 22 -23 -24 -25 26 27 -28 -29 30 31 -32 33 -34 35 36 37 -38 39 40 -41 -42 43 -44 45 46 -47 48 49 50 0
uf50-0971 132957 1 -2 3 -4 5 6 7 8 -9 10 11 12 13 -14 15 -16 17 18 -19 20 -21 22 -23 -24 -25 26 27 -28 29 30 31 -32 33 -34 35 36 37 -38 39 40 -41 -42 43 -44 45 46 -47 48 49 50 0
uf50-0971 133363 -1 -2 3 4 5 6 7 -8 -9 10 11 12 13 -14 15 -16 17 -18 -19 20 -21 22 -23 -24 25 26 27 28 -29 30 31 -32 33 -34 35 36 37 -38 39 40 -41 -42 43 -44 45 46 -47 48 49 50 0
uf50-0971 131030 -1 -2 3 4 5 6 7 -8 -9 10 11 12 13 -14 15 -16 17 -18 -19 20 -21 22 -23 -24 25 26 27 -28 -29 30 31 -32 33 -34 35 36 37 -38 39 40 -41 -42 43 -44 45 46 -47 48 49 50 0
uf50-0971 133551 1 -2 3 -4 5 6 7 8 9 10 11 12 13 -14 15 -16 17 -18 -19 20 -21 22 -23 -24 -25 26 27 28 -29 30 31 -32 33 -34 35 36 37 -38 39 40 -41 -42 43 -44 45 46 -47 48 -49 50 0
uf50-0971 136949 -1 -2 3 4 5 6 7 8 9 10 11 12 13 -14 15 -16 17 -18 -19 20 -21 22 -23 -24 -25 26 27 28 -29 30 31 -32 33 -34 35 36 37 -38 39 40 -41 -42 43 -44 45 46 -47 48 49 50 0
uf50-0971 136949 -1 -2 3 4 5 6 7 8 9 10 11 12 13 -14 15 -16 17 -18 -19 20 -21 22 -23 -24 -25 26 27 28 -29 30 31 -32 33 -34 35 36 37 -38 39 40 -41 -42 43 -44 45 46 -47 48 49 50 0
uf50-0971 131030 -1 -2 3 4 5 6 7 -8 -9 10 11 12 13 -14 15 -16 17 -18 -19 20 -21 22 -23 -24 25 26 27 -28 -29 30 31 -32 33 -34 35 36 37 -38 39 40 -41 -42 43 -44 45 46 -47 48 49 50 0
uf50-0971 133113 1 -2 3 4 5 6 7 8 9 10 11 12 13 -14 15 -16 17 -18 -19 20 -21 22 -23 -24 -25 26 27 -28 -29 30 31 -32 33 -34 35 36 37 -38 39 40 -41 -42 43 -44 45 46 -47 48 -49 50 0
uf50-0971 136949 -1 -2 3 4 5 6 7 8 9 10 11 12 13 -14 15 -16 17 -18 -19 20 -21 22 -23 -24 -25 26 27 28 -29 30 31 -32 33 -34 35 36 37 -38 39 40 -41 -42 43 -44 45 46 -47 48 49 50 0
uf50-0971 133504 -1 -2 3 -4 5 6 7 8 -9 10 11 12 13 -14 15 -16 17 -18 -19 20 -21 22 -23 -24 -25 26 27 28 29 30 31 -32 33 -34 35 36 37 -38 39 40 -41 -42 43 -44 45 46 -47 48 49 50 0
uf50-0971 136949 -1 -2 3 4 5 6 7 8 9 10 11 12 13 -14 15 -16 17 -18 -19 20 -21 22 -23 -24 -25 26 27 28 -29 30 31 -32 33 -34 35 36 37 -38 39 40 -41 -42 43 -44 45 46 -47 48 49 50 0
uf50-0971 136949 -1 -2 3 4 5 6 7 8 9 10 11 12 13 -14 15 -16 17 -18 -19 20 -21 22 -23 -24 -25 26 27 28 -29 30 31 -32 33 -34 35 36 37 -38 39 40 -41 -42 43 -44 45 46 -47 48 49 50 0
uf50-0971 136949 -1 -2 3 4 5 6 7 8 9 10 11 12 13 -14 15 -16 17 -18 -19 20 -21 22 -23 -24 -25 26 27 28 -29 30 31 -32 33 -34 35 36 37 -38 39 40 -41 -42 43 -44 45 46 -47 48 49 50 0
uf50-0971 133191 -1 -2 3 4 5 6 7 -8 9 10 11 12 13 -14 15 -16 17 -18 -19 20 -21 22 -23 -24 25 26 27 -28 -29 30 31 -32 33 -34 35 36 37 -38 39 40 -41 -42 43 -44 45 46 -47 48 49 50 0
uf50-0971 136949 -1 -2 3 4 5 6 7 8 9 10 11 12 13 -14 15 -16 17 -18 -19 20 -21 22 -23 -24 -25 26 27 28 -29 30 31 -32 33 -34 35 36 37 -38 39 40 -41 -42 43 -44 45 46 -47 48 49 50 0
uf50-0971 134616 -1 -2 3 4 5 6 7 8 9 10 11 12 13 -14 15 -16 17 -18 -19 20 -21 22 -23 -24 -25 26 27 -28 -29 30 31 -32 33 -34 35 36 37 -38 39 40 -41 -42 43 -44 45 46 -47 48 49 50 0
uf50-0971 136949 -1 -2 3 4 5 6 7 8 9 10 11 12 13 -14 15 -16 17 -18 -19 20 -21 22 -23 -24 -25 26 27 28 -29 30 31 -32 33 -34 35 36 37 -38 39 40 -41 -42 43 -44 45 46 -47 48 49 50 0
uf50-0971 132957 1 -2 3 -4 5 6 7 8 -9 10 11 12 13 -14 15 -16 17 18 -19 20 -21 22 -23 -24 -25 26 27 -28 29 30 31 -32 33 -34 35 36 37 -38 39 40 -41 -42 43 -44 45 46 -47 48 49 50 0
uf50-0971 131766 -1 -2 3 4 5 6 7 8 9 10 11 12 13 -14 15 -16 17 -18 -19 20 -21 22 -23 -24 -25 26 27 -28 -29 30 31 -32 33 -34 35 36 37 -38 39 40 -41 -42 43 -44 45 46 -47 48 -49 50 0
uf50-0971 136949 -1 -2 3 4 5 6 7 8 9 10 11 12 13 -14 15 -16 17 -18 -19 20 -21 22 -23 -24 -25 26 27 28 -29 30 31 -32 33 -34 35 36 37 -38 39 40 -41 -42 43 -44 45 46 -47 48 49 50 0
uf50-0971 136949 -1 -2 3 4 5 6 7 8 9 10 11 12 13 -14 15 -16 17 -18 -19 20 -21 22 -23 -24 -25 26 27 28 -29 30 31 -32 33 -34 35 36 37 -38 39 40 -41 -42 43 -44 45 46 -47 48 49 50 0
uf50-0971 131610 -1 -2 3 -4 5 6 7 8 -9 10 11 12 13 -14 15 -16 17 18 -19 20 -21 22 -23 -24 -25 26 27 -28 29 30 31 -32 33 -34 35 36 37 -38 39 40 -41 -42 43 -44 45 46 -47 48 49 50 0
uf50-0971 132957 1 -2 3 -4 5 6 7 8 -9 10 11 12 13 -14 15 -16 17 18 -19 20 -21 22 -23 -24 -25 26 27 -28 29 30 31 -32 33 -34 35 36 37 -38 39 40 -41 -42 43 -44 45 46 -47 48 49 50 0
uf50-0971 136949 -1 -2 3 4 5 6 7 8 9 10 11 12 13 -14 15 -16 17 -18 -19 20 -21 22 -23 -24 -25 26 27 28 -29 30 31 -32 33 -34 35 36 37 -38 39 40 -41 -42 43 -44 45 46 -47 48 49 50 0
uf50-0971 133504 -1 -2 3 -4 5 6 7 8 -9 10 11 12 13 -14 15 -16 17 -18 -19 20 -21 22 -23 -24 -25 26 27 28 29 30 31 -32 33 -34 35 36 37 -38 39 40 -41 -42 43 -44 45 46 -47 48 49 50 0
uf50-0971 136949 -1 -2 3 4 5 6 7 8 9 10 11 12 13 -14 15 -16 17 -18 -19 20 -21 22 -23 -24 -25 26 27 28 -29 30 31 -32 33 -34 35 36 37 -38 39 40 -41 -42 43 -44 45 46 -47 48 49 50 0
uf50-0151 217 0
uf50-0151 217 0
uf50-0151 217 0
uf50-0151 128061 -1 2 -3 4 -5 -6 -7 -8 -9 -10 -11 -12 13 -14 15 16 17 18 19 20 -21 22 -23 -24 25 26 -27 28 29 30 31 32 -33 34 -35 36 37 -38 39 -40 41 -42 -43 -44 45 46 47 -48 49 50 0
uf50-0151 217 0
uf50-0151 216 0
uf50-0151 217 0
uf50-0151 217 0
uf50-0151 217 0
uf50-0151 216 0
uf50-0151 217 0
uf50-0151 217 0
uf50-0151 217 0
uf50-0151 126805 -1 2 -3 4 -5 -6 -7 -8 -9 -10 -11 -12 13 -14 15 16 17 18 19 20 -21 22 -23 -24 25 26 -27 28 29 30 31 32 -33 34 -35 -36 37 -38 39 -40 41 -42 -43 -44 45 46 47 -48 49 50 0
uf50-0151 217 0
uf50-0151 216 0
uf50-0151 217 0
uf50-0151 216 0
uf50-0151 216 0
uf50-0151 217 0
uf50-0151 217 0
uf50-0151 217 0
uf50-0151 217 0
uf50-0151 217 0
uf50-0151 217 0
uf50-0151 217 0
uf50-0151 217 0
uf50-0151 217 0
uf50-0151 128061 -1 2 -3 4 -5 -6 -7 -8 -9 -10 -11 -12 13 -14 15 16 17 18 19 20 -21 22 -23 -24 25 26 -27 28 29 30 31 32 -33 34 -35 36 37 -38 39 -40 41 -42 -43 -44 45 46 47 -48 49 50 0
uf50-0151 216 0
uf50-0151 217 0
uf50-0151 217 0
uf50-0151 217 0
uf50-0151 217 0
uf50-0151 217 0
uf50-0151 217 0
uf50-0151 216 0
uf50-0151 217 0
uf50-0151 128061 -1 2 -3 4 -5 -6 -7 -8 -9 -10 -11 -12 13 -14 15 16 17 18 19 20 -21 22 -23 -24 25 26 -27 28 29 30 31 32 -33 34 -35 36 37 -38 39 -40 41 -42 -43 -44 45 46 47 -48 49 50 0
uf50-0151 216 0
uf50-0151 217 0
uf50-0151 216 0
uf50-0151 217 0
uf50-0151 217 0
uf50-0151 217 0
uf50-0151 217 0
uf50-0151 217 0
uf50-0151 128061 -1 2 -3 4 -5 -6 -7 -8 -9 -10 -11 -12 13 -14 15 16 17 18 19 20 -21 22 -23 -24 25 26 -27 28 29 30 31 32 -33 34 -35 36 37 -38 39 -40 41 -42 -43 -44 45 46 47 -48 49 50 0
uf50-0151 128061 -1 2 -3 4 -5 -6 -7 -8 -9 -10 -11 -12 13 -14 15 16 17 18 19 20 -21 22 -23 -24 25 26 -27 28 29 30 31 32 -33 34 -35 36 37 -38 39 -40 41 -42 -43 -44 45 46 47 -48 49 50 0
uf50-0151 217 0
uf50-0355 216 0
uf50-0355 216 0
uf50-0355 110484 -1 2 -3 -4 -5 6 -7 -8 -9 10 11 -12 13 14 -15 -16 -17 -18 -19 20 21 -22 -23 24 25 26 27 -28 -29 -30 -31 32 -33 34 35 36 -37 -38 -39 40 -41 42 43 -44 45 46 47 -48 -49 50 0
uf50-0355 216 0
uf50-0355 217 0
uf50-0355 215 0
uf50-0355 216 0
uf50-0355 215 0
uf50-0355 216 0
uf50-0355 110484 -1 2 -3 -4 -5 6 -7 -8 -9 10 11 -12 13 14 -15 -16 -17 -18 -19 20 21 -22 -23 24 25 26 27 -28 -29 -30 -31 32 -33 34 35 36 -37 -38 -39 40 -41 42 43 -44 45 46 47 -48 -49 50 0
uf50-0355 217 0
uf50-0355 216 0
uf50-0355 217 0
uf50-0355 216 0
uf50-0355 216 0
uf50-0355 216 0
uf50-0355 216 0
uf50-0355 216 0
uf50-0355 215 0
uf50-0355 111740 -1 2 -3 -4 -5 6 -7 -8 -9 10 11 12 13 14 -15 -16 -17 -18 -19 20 21 -22 -23 24 25 26 27 -28 -29 -30 -31 32 -33 34 35 36 -37 -38 -39 40 -41 42 43 -44 45 46 47 -48 -49 50 0
uf50-0355 216 0
uf50-0355 216 0
uf50-0355 217 0
uf50-0355 216 0
uf50-0355 216 0
uf50-0355 109229 -1 2 -3 -4 -5 6 -7 -8 -9 10 -11 -12 13 14 -15 -16 -17 -18 -19 20 21 -22 -23 24 25 26 27 -28 -29 -30 31 32 -33 34 35 36 -37 -38 -39 40 -41 42 43 -44 45 46 47 -48 -49 50 0
uf50-0355 216 0
uf50-0355 216 0
uf50-0355 217 0
uf50-0355 217 0
uf50-0355 217 0
uf50-0355 109229 -1 2 -3 -4 -5 6 -7 -8 -9 10 -11 -12 13 14 -15 -16 -17 -18 -19 20 21 -22 -23 24 25 26 27 -28 -29 -30 31 32 -33 34 35 36 -37 -38 -39 40 -41 42 43 -44 45 46 47 -48 -49 50 0
uf50-0355 109229 -1 2 -3 -4 -5 6 -7 -8 -9 10 -11 -12 13 14 -15 -16 -17 -18 -19 20 21 -22 -23 24 25 26 27 -28 -29 -30 31 32 -33 34 35 36 -37 -38 -39 40 -41 42 43 -44 45 46 47 -48 -49 50 0
uf50-0355 109229 -1 2 -3 -4 -5 6 -7 -8 -9 10 -11 -12 13 14 -15 -16 -17 -18 -19 20 21 -22 -23 24 25 26 27 -28 -29 -30 31 32 -33 34 35 36 -37 -38 -39 40 -41 42 43 -44 45 46 47 -48 -49 50 0
uf50-0355 216 0
uf50-0355 110484 -1 2 -3 -4 -5 6 -7 -8 -9 10 11 -12 13 14 -15 -16 -17 -18 -19 20 21 -22 -23 24 25 26 27 -28 -29 -30 -31 32 -33 34 35 36 -37 -38 -39 40 -41 42 43 -44 45 46 47 -48 -49 50 0
uf50-0355 217 0
uf50-0355 217 0
uf50-0355 216 0
uf50-0355 111740 -1 2 -3 -4 -5 6 -7 -8 -9 10 11 12 13 14 -15 -16 -17 -18 -19 20 21 -22 -23 24 25 26 27 -28 -29 -30 -31 32 -33 34 35 36 -37 -38 -39 40 -41 42 43 -44 45 46 47 -48 -49 50 0
uf50-0355 217 0
uf50-0355 216 0
uf50-0355 215 0
uf50-0355 216 0
uf50-0355 216 0
uf50-0355 215 0
uf50-0355 217 0
uf50-0355 215 0
uf50-0355 217 0
uf50-0355 217 0
