uf50-0537 10055 -1 -2 3 4 -5 6 7 -8 9 -10 11 12 -13 14 15 16 17 18 19 -20 21 22 -23 24 -25 -26 27 28 29 -30 31 -32 -33 -34 35 36 -37 -38 -39 -40 -41 42 43 44 -45 46 47 -48 49 -50 0
uf50-0537 9803 -1 2 3 -4 -5 6 7 -8 -9 10 11 12 -13 -14 15 16 17 18 19 -20 21 22 -23 24 -25 -26 27 28 29 30 31 -32 -33 34 35 36 37 38 -39 40 -41 42 -43 44 -45 -46 47 -48 -49 -50 0
uf50-0537 9948 -1 2 3 4 -5 6 7 8 -9 -10 11 12 -13 14 15 16 17 18 19 -20 -21 22 -23 24 -25 -26 27 28 29 -30 31 -32 -33 -34 35 36 -37 -38 -39 -40 -41 42 43 44 -45 -46 47 -48 49 -50 0
uf50-0537 9803 -1 2 3 -4 -5 6 7 -8 -9 10 11 12 -13 -14 15 16 17 18 19 -20 21 22 -23 24 -25 -26 27 28 29 30 31 -32 -33 34 35 36 37 38 -39 40 -41 42 -43 44 -45 -46 47 -48 -49 -50 0
uf50-0537 10179 -1 2 3 4 -5 6 7 8 -9 -10 11 12 -13 14 15 16 17 18 19 -20 21 22 -23 24 -25 -26 27 28 29 -30 31 -32 -33 -34 35 36 -37 -38 -39 -40 -41 42 43 44 -45 -46 47 -48 49 -50 0
uf50-0537 9803 -1 2 3 -4 -5 6 7 -8 -9 10 11 12 -13 -14 15 16 17 18 19 -20 21 22 -23 24 -25 -26 27 28 29 30 31 -32 -33 34 35 36 37 38 -39 40 -41 42 -43 44 -45 -46 47 -48 -49 -50 0
uf50-0537 10173 -1 2 3 4 -5 6 7 -8 9 -10 11 12 -13 14 15 16 17 18 19 -20 21 22 -23 24 -25 -26 27 28 29 -30 31 -32 -33 -34 35 36 -37 -38 -39 -40 -41 42 43 44 -45 -46 47 -48 49 -50 0
uf50-0537 9803 -1 2 3 -4 -5 6 7 -8 -9 10 11 12 -13 -14 15 16 17 18 19 -20 21 22 -23 24 -25 -26 27 28 29 30 31 -32 -33 34 35 36 37 38 -39 40 -41 42 -43 44 -45 -46 47 -48 -49 -50 0
uf50-0537 9803 -1 2 3 -4 -5 6 7 -8 -9 10 11 12 -13 -14 15 16 17 18 19 -20 21 22 -23 24 -25 -26 27 28 29 30 31 -32 -33 34 35 36 37 38 -39 40 -41 42 -43 44 -45 -46 47 -48 -49 -50 0
uf50-0537 10179 -1 2 3 4 -5 6 7 8 -9 -10 11 12 -13 14 15 16 17 18 19 -20 21 22 -23 24 -25 -26 27 28 29 -30 31 -32 -33 -34 35 36 -37 -38 -39 -40 -41 42 43 44 -45 -46 47 -48 49 -50 0
uf50-0537 9803 -1 2 3 -4 -5 6 7 -8 -9 10 11 12 -13 -14 15 16 17 18 19 -20 21 22 -23 24 -25 -26 27 28 29 30 31 -32 -33 34 35 36 37 38 -39 40 -41 42 -43 44 -45 -46 47 -48 -49 -50 0
uf50-0537 9803 -1 2 3 -4 -5 6 7 -8 -9 10 11 12 -13 -14 15 16 17 18 19 -20 21 22 -23 24 -25 -26 27 28 29 30 31 -32 -33 34 35 36 37 38 -39 40 -41 42 -43 44 -45 -46 47 -48 -49 -50 0
uf50-0537 9998 -1 2 3 4 -5 6 7 -8 9 -10 11 12 -13 14 15 16 17 18 19 -20 21 22 -23 24 -25 -26 27 28 29 -30 31 -32 -33 -34 35 36 -37 -38 -39 -40 -41 42 43 44 -45 -46 47 -48 -49 -50 0
uf50-0537 9629 -1 2 3 -4 -5 6 7 8 -9 10 11 12 -13 -14 15 16 17 18 19 -20 21 22 -23 24 -25 -26 27 28 -29 30 31 -32 -33 34 35 36 37 38 -39 40 -41 42 -43 44 -45 -46 47 -48 -49 -50 0
uf50-0537 9803 -1 2 3 -4 -5 6 7 -8 -9 10 11 12 -13 -14 15 16 17 18 19 -20 21 22 -23 24 -25 -26 27 28 29 30 31 -32 -33 34 35 36 37 38 -39 40 -41 42 -43 44 -45 -46 47 -48 -49 -50 0
uf50-0537 10055 -1 -2 3 4 -5 6 7 -8 9 -10 11 12 -13 14 15 16 17 18 19 -20 21 22 -23 24 -25 -26 27 28 29 -30 31 -32 -33 -34 35 36 -37 -38 -39 -40 -41 42 43 44 -45 46 47 -48 49 -50 0
uf50-0537 10314 -1 2 3 4 -5 6 7 8 9 -10 11 12 -13 14 15 16 17 18 19 -20 21 22 -23 24 -25 -26 27 28 29 -30 31 -32 -33 -34 35 36 -37 -38 -39 -40 -41 42 43 44 -45 -46 47 -48 49 -50 0
uf50-0537 10314 -1 2 3 4 -5 6 7 8 9 -10 11 12 -13 14 15 16 17 18 19 -20 21 22 -23 24 -25 -26 27 28 29 -30 31 -32 -33 -34 35 36 -37 -38 -39 -40 -41 42 43 44 -45 -46 47 -48 49 -50 0
uf50-0537 9689 -1 -2 3 4 -5 6 7 -8 -9 -10 11 12 -13 14 15 16 17 18 19 -20 -21 22 -23 24 -25 -26 27 28 29 -30 31 -32 -33 -34 35 36 -37 -38 -39 -40 -41 42 43 44 -45 46 47 -48 49 -50 0
uf50-0537 9803 -1 2 3 -4 -5 6 7 -8 -9 10 11 12 -13 -14 15 16 17 18 19 -20 21 22 -23 24 -25 -26 27 28 29 30 31 -32 -33 34 35 36 37 38 -39 40 -41 42 -43 44 -45 -46 47 -48 -49 -50 0
uf50-0537 9803 -1 2 3 -4 -5 6 7 -8 -9 10 11 12 -13 -14 15 16 17 18 19 -20 21 22 -23 24 -25 -26 27 28 29 30 31 -32 -33 34 35 36 37 38 -39 40 -41 42 -43 44 -45 -46 47 -48 -49 -50 0
uf50-0537 9803 -1 2 3 -4 -5 6 7 -8 -9 10 11 12 -13 -14 15 16 17 18 19 -20 21 22 -23 24 -25 -26 27 28 29 30 31 -32 -33 34 35 36 37 38 -39 40 -41 42 -43 44 -45 -46 47 -48 -49 -50 0
uf50-0537 9803 -1 2 3 -4 -5 6 7 -8 -9 10 11 12 -13 -14 15 16 17 18 19 -20 21 22 -23 24 -25 -26 27 28 29 30 31 -32 -33 34 35 36 37 38 -39 40 -41 42 -43 44 -45 -46 47 -48 -49 -50 0
uf50-0537 9803 -1 2 3 -4 -5 6 7 -8 -9 10 11 12 -13 -14 15 16 17 18 19 -20 21 22 -23 24 -25 -26 27 28 29 30 31 -32 -33 34 35 36 37 38 -39 40 -41 42 -43 44 -45 -46 47 -48 -49 -50 0
uf50-0537 9803 -1 2 3 -4 -5 6 7 -8 -9 10 11 12 -13 -14 15 16 17 18 19 -20 21 22 -23 24 -25 -26 27 28 29 30 31 -32 -33 34 35 36 37 38 -39 40 -41 42 -43 44 -45 -46 47 -48 -49 -50 0
uf50-0537 10314 -1 2 3 4 -5 6 7 8 9 -10 11 12 -13 14 15 16 17 18 19 -20 21 22 -23 24 -25 -26 27 28 29 -30 31 -32 -33 -34 35 36 -37 -38 -39 -40 -41 42 43 44 -45 -46 47 -48 49 -50 0
uf50-0537 10314 -1 2 3 4 -5 6 7 8 9 -10 11 12 -13 14 15 16 17 18 19 -20 21 22 -23 24 -25 -26 27 28 29 -30 31 -32 -33 -34 35 36 -37 -38 -39 -40 -41 42 43 44 -45 -46 47 -48 49 -50 0
uf50-0537 10139 -1 2 3 4 -5 6 7 8 9 -10 11 12 -13 14 15 16 17 18 19 -20 21 22 -23 24 -25 -26 27 28 29 -30 31 -32 -33 -34 35 36 -37 -38 -39 -40 -41 42 43 44 -45 -46 47 -48 -49 -50 0
uf50-0537 9803 -1 2 3 -4 -5 6 7 -8 -9 10 11 12 -13 -14 15 16 17 18 19 -20 21 22 -23 24 -25 -26 27 28 29 30 31 -32 -33 34 35 36 37 38 -39 40 -41 42 -43 44 -45 -46 47 -48 -49 -50 0
uf50-0537 9803 -1 2 3 -4 -5 6 7 -8 -9 10 11 12 -13 -14 15 16 17 18 19 -20 21 22 -23 24 -25 -26 27 28 29 30 31 -32 -33 34 35 36 37 38 -39 40 -41 42 -43 44 -45 -46 47 -48 -49 -50 0
uf50-0537 9803 -1 2 3 -4 -5 6 7 -8 -9 10 11 12 -13 -14 15 16 17 18 19 -20 21 22 -23 24 -25 -26 27 28 29 30 31 -32 -33 34 35 36 37 38 -39 40 -41 42 -43 44 -45 -46 47 -48 -49 -50 0
uf50-0537 9629 -1 2 3 -4 -5 6 7 8 -9 10 11 12 -13 -14 15 16 17 18 19 -20 21 22 -23 24 -25 -26 27 28 -29 30 31 -32 -33 34 35 36 37 38 -39 40 -41 42 -43 44 -45 -46 47 -48 -49 -50 0
uf50-0537 9998 -1 2 3 4 -5 6 7 -8 9 -10 11 12 -13 14 15 16 17 18 19 -20 21 22 -23 24 -25 -26 27 28 29 -30 31 -32 -33 -34 35 36 -37 -38 -39 -40 -41 42 43 44 -45 -46 47 -48 -49 -50 0
uf50-0537 10139 -1 2 3 4 -5 6 7 8 9 -10 11 12 -13 14 15 16 17 18 19 -20 21 22 -23 24 -25 -26 27 28 29 -30 31 -32 -33 -34 35 36 -37 -38 -39 -40 -41 42 43 44 -45 -46 47 -48 -49 -50 0
uf50-0537 9803 -1 2 3 -4 -5 6 7 -8 -9 10 11 12 -13 -14 15 16 17 18 19 -20 21 22 -23 24 -25 -26 27 28 29 30 31 -32 -33 34 35 36 37 38 -39 40 -41 42 -43 44 -45 -46 47 -48 -49 -50 0
uf50-0537 10314 -1 2 3 4 -5 6 7 8 9 -10 11 12 -13 14 15 16 17 18 19 -20 21 22 -23 24 -25 -26 27 28 29 -30 31 -32 -33 -34 35 36 -37 -38 -39 -40 -41 42 43 44 -45 -46 47 -48 49 -50 0
uf50-0537 9803 -1 2 3 -4 -5 6 7 -8 -9 10 11 12 -13 -14 15 16 17 18 19 -20 21 22 -23 24 -25 -26 27 28 29 30 31 -32 -33 34 35 36 37 38 -39 40 -41 42 -43 44 -45 -46 47 -48 -49 -50 0
uf50-0537 9803 -1 2 3 -4 -5 6 7 -8 -9 10 11 12 -13 -14 15 16 17 18 19 -20 21 22 -23 24 -25 -26 27 28 29 30 31 -32 -33 34 35 36 37 38 -39 40 -41 42 -43 44 -45 -46 47 -48 -49 -50 0
uf50-0537 10314 -1 2 3 4 -5 6 7 8 9 -10 11 12 -13 14 15 16 17 18 19 -20 21 22 -23 24 -25 -26 27 28 29 -30 31 -32 -33 -34 35 36 -37 -38 -39 -40 -41 42 43 44 -45 -46 47 -48 49 -50 0
uf50-0537 10314 -1 2 3 4 -5 6 7 8 9 -10 11 12 -13 14 15 16 17 18 19 -20 21 22 -23 24 -25 -26 27 28 29 -30 31 -32 -33 -34 35 36 -37 -38 -39 -40 -41 42 43 44 -45 -46 47 -48 49 -50 0
uf50-0537 9803 -1 2 3 -4 -5 6 7 -8 -9 10 11 12 -13 -14 15 16 17 18 19 -20 21 22 -23 24 -25 -26 27 28 29 30 31 -32 -33 34 35 36 37 38 -39 40 -41 42 -43 44 -45 -46 47 -48 -49 -50 0
uf50-0537 9803 -1 2 3 -4 -5 6 7 -8 -9 10 11 12 -13 -14 15 16 17 18 19 -20 21 22 -23 24 -25 -26 27 28 29 30 31 -32 -33 34 35 36 37 38 -39 40 -41 42 -43 44 -45 -46 47 -48 -49 -50 0
uf50-0537 9803 -1 2 3 -4 -5 6 7 -8 -9 10 11 12 -13 -14 15 16 17 18 19 -20 21 22 -23 24 -25 -26 27 28 29 30 31 -32 -33 34 35 36 37 38 -39 40 -41 42 -43 44 -45 -46 47 -48 -49 -50 0
uf50-0537 9803 -1 2 3 -4 -5 6 7 -8 -9 10 11 12 -13 -14 15 16 17 18 19 -20 21 22 -23 24 -25 -26 27 28 29 30 31 -32 -33 34 35 36 37 38 -39 40 -41 42 -43 44 -45 -46 47 -48 -49 -50 0
uf50-0537 9803 -1 2 3 -4 -5 6 7 -8 -9 10 11 12 -13 -14 15 16 17 18 19 -20 21 22 -23 24 -25 -26 27 28 29 30 31 -32 -33 34 35 36 37 38 -39 40 -41 42 -43 44 -45 -46 47 -48 -49 -50 0
uf50-0537 10179 -1 2 3 4 -5 6 7 8 -9 -10 11 12 -13 14 15 16 17 18 19 -20 21 22 -23 24 -25 -26 27 28 29 -30 31 -32 -33 -34 35 36 -37 -38 -39 -40 -41 42 43 44 -45 -46 47 -48 49 -50 0
uf50-0537 9908 -1 2 3 4 -5 6 7 8 9 -10 11 12 -13 14 15 16 17 18 19 -20 -21 22 -23 24 -25 -26 27 28 29 -30 31 -32 -33 -34 35 36 -37 -38 -39 -40 -41 42 43 44 -45 -46 47 -48 -49 -50 0
uf50-0537 10173 -1 2 3 4 -5 6 7 -8 9 -10 11 12 -13 14 15 16 17 18 19 -20 21 22 -23 24 -25 -26 27 28 29 -30 31 -32 -33 -34 35 36 -37 -38 -39 -40 -41 42 43 44 -45 -46 47 -48 49 -50 0
uf50-0537 9942 -1 2 3 4 -5 6 7 -8 9 -10 11 12 -13 14 15 16 17 18 19 -20 -21 22 -23 24 -25 -26 27 28 29 -30 31 -32 -33 -34 35 36 -37 -38 -39 -40 -41 42 43 44 -45 -46 47 -48 49 -50 0
uf50-0537 9803 -1 2 3 -4 -5 6 7 -8 -9 10 11 12 -13 -14 15 16 17 18 19 -20 21 22 -23 24 -25 -26 27 28 29 30 31 -32 -33 34 35 36 37 38 -39 40 -41 42 -43 44 -45 -46 47 -48 -49 -50 0
uf50-0537 9629 -1 2 3 -4 -5 6 7 8 -9 10 11 12 -13 -14 15 16 17 18 19 -20 21 22 -23 24 -25 -26 27 28 -29 30 31 -32 -33 34 35 36 37 38 -39 40 -41 42 -43 44 -45 -46 47 -48 -49 -50 0
uf50-0537 9803 -1 2 3 -4 -5 6 7 -8 -9 10 11 12 -13 -14 15 16 17 18 19 -20 21 22 -23 24 -25 -26 27 28 29 30 31 -32 -33 34 35 36 37 38 -39 40 -41 42 -43 44 -45 -46 47 -48 -49 -50 0
uf50-0537 10055 -1 -2 3 4 -5 6 7 -8 9 -10 11 12 -13 14 15 16 17 18 19 -20 21 22 -23 24 -25 -26 27 28 29 -30 31 -32 -33 -34 35 36 -37 -38 -39 -40 -41 42 43 44 -45 46 47 -48 49 -50 0
uf50-0537 10314 -1 2 3 4 -5 6 7 8 9 -10 11 12 -13 14 15 16 17 18 19 -20 21 22 -23 24 -25 -26 27 28 29 -30 31 -32 -33 -34 35 36 -37 -38 -39 -40 -41 42 43 44 -45 -46 47 -48 49 -50 0
uf50-0537 9803 -1 2 3 -4 -5 6 7 -8 -9 10 11 12 -13 -14 15 16 17 18 19 -20 21 22 -23 24 -25 -26 27 28 29 30 31 -32 -33 34 35 36 37 38 -39 40 -41 42 -43 44 -45 -46 47 -48 -49 -50 0
uf50-0537 9803 -1 2 3 -4 -5 6 7 -8 -9 10 11 12 -13 -14 15 16 17 18 19 -20 21 22 -23 24 -25 -26 27 28 29 30 31 -32 -33 34 35 36 37 38 -39 40 -41 42 -43 44 -45 -46 47 -48 -49 -50 0
uf50-0537 10055 -1 -2 3 4 -5 6 7 -8 9 -10 11 12 -13 14 15 16 17 18 19 -20 21 22 -23 24 -25 -26 27 28 29 -30 31 -32 -33 -34 35 36 -37 -38 -39 -40 -41 42 43 44 -45 46 47 -48 49 -50 0
uf50-0537 9803 -1 2 3 -4 -5 6 7 -8 -9 10 11 12 -13 -14 15 16 17 18 19 -20 21 22 -23 24 -25 -26 27 28 29 30 31 -32 -33 34 35 36 37 38 -39 40 -41 42 -43 44 -45 -46 47 -48 -49 -50 0
uf50-0537 9803 -1 2 3 -4 -5 6 7 -8 -9 10 11 12 -13 -14 15 16 17 18 19 -20 21 22 -23 24 -25 -26 27 28 29 30 31 -32 -33 34 35 36 37 38 -39 40 -41 42 -43 44 -45 -46 47 -48 -49 -50 0
uf50-0537 9824 -1 -2 3 4 -5 6 7 -8 9 -10 11 12 -13 14 15 16 17 18 19 -20 -21 22 -23 24 -25 -26 27 28 29 -30 31 -32 -33 -34 35 36 -37 -38 -39 -40 -41 42 43 44 -45 46 47 -48 49 -50 0
uf50-0537 10004 -1 2 3 4 -5 6 7 8 -9 -10 11 12 -13 14 15 16 17 18 19 -20 21 22 -23 24 -25 -26 27 28 29 -30 31 -32 -33 -34 35 36 -37 -38 -39 -40 -41 42 43 44 -45 -46 47 -48 -49 -50 0
uf50-0537 9803 -1 2 3 -4 -5 6 7 -8 -9 10 11 12 -13 -14 15 16 17 18 19 -20 21 22 -23 24 -25 -26 27 28 29 30 31 -32 -33 34 35 36 37 38 -39 40 -41 42 -43 44 -45 -46 47 -48 -49 -50 0
uf50-0537 9803 -1 2 3 -4 -5 6 7 -8 -9 10 11 12 -13 -14 15 16 17 18 19 -20 21 22 -23 24 -25 -26 27 28 29 30 31 -32 -33 34 35 36 37 38 -39 40 -41 42 -43 44 -45 -46 47 -48 -49 -50 0
uf50-0537 9824 -1 -2 3 4 -5 6 7 -8 9 -10 11 12 -13 14 15 16 17 18 19 -20 -21 22 -23 24 -25 -26 27 28 29 -30 31 -32 -33 -34 35 36 -37 -38 -39 -40 -41 42 43 44 -45 46 47 -48 49 -50 0
uf50-0537 9803 -1 2 3 -4 -5 6 7 -8 -9 10 11 12 -13 -14 15 16 17 18 19 -20 21 22 -23 24 -25 -26 27 28 29 30 31 -32 -33 34 35 36 37 38 -39 40 -41 42 -43 44 -45 -46 47 -48 -49 -50 0
uf50-0537 10179 -1 2 3 4 -5 6 7 8 -9 -10 11 12 -13 14 15 16 17 18 19 -20 21 22 -23 24 -25 -26 27 28 29 -30 31 -32 -33 -34 35 36 -37 -38 -39 -40 -41 42 43 44 -45 -46 47 -48 49 -50 0
uf50-0537 9803 -1 2 3 -4 -5 6 7 -8 -9 10 11 12 -13 -14 15 16 17 18 19 -20 21 22 -23 24 -25 -26 27 28 29 30 31 -32 -33 34 35 36 37 38 -39 40 -41 42 -43 44 -45 -46 47 -48 -49 -50 0
uf50-0537 9629 -1 2 3 -4 -5 6 7 8 -9 10 11 12 -13 -14 15 16 17 18 19 -20 21 22 -23 24 -25 -26 27 28 -29 30 31 -32 -33 34 35 36 37 38 -39 40 -41 42 -43 44 -45 -46 47 -48 -49 -50 0
uf50-0537 9803 -1 2 3 -4 -5 6 7 -8 -9 10 11 12 -13 -14 15 16 17 18 19 -20 21 22 -23 24 -25 -26 27 28 29 30 31 -32 -33 34 35 36 37 38 -39 40 -41 42 -43 44 -45 -46 47 -48 -49 -50 0
uf50-0537 10314 -1 2 3 4 -5 6 7 8 9 -10 11 12 -13 14 15 16 17 18 19 -20 21 22 -23 24 -25 -26 27 28 29 -30 31 -32 -33 -34 35 36 -37 -38 -39 -40 -41 42 43 44 -45 -46 47 -48 49 -50 0
uf50-0537 10314 -1 2 3 4 -5 6 7 8 9 -10 11 12 -13 14 15 16 17 18 19 -20 21 22 -23 24 -25 -26 27 28 29 -30 31 -32 -33 -34 35 36 -37 -38 -39 -40 -41 42 43 44 -45 -46 47 -48 49 -50 0
uf50-0537 10004 -1 2 3 4 -5 6 7 8 -9 -10 11 12 -13 14 15 16 17 18 19 -20 21 22 -23 24 -25 -26 27 28 29 -30 31 -32 -33 -34 35 36 -37 -38 -39 -40 -41 42 43 44 -45 -46 47 -48 -49 -50 0
uf50-0537 10314 -1 2 3 4 -5 6 7 8 9 -10 11 12 -13 14 15 16 17 18 19 -20 21 22 -23 24 -25 -26 27 28 29 -30 31 -32 -33 -34 35 36 -37 -38 -39 -40 -41 42 43 44 -45 -46 47 -48 49 -50 0
uf50-0537 9803 -1 2 3 -4 -5 6 7 -8 -9 10 11 12 -13 -14 15 16 17 18 19 -20 21 22 -23 24 -25 -26 27 28 29 30 31 -32 -33 34 35 36 37 38 -39 40 -41 42 -43 44 -45 -46 47 -48 -49 -50 0
uf50-0537 9803 -1 2 3 -4 -5 6 7 -8 -9 10 11 12 -13 -14 15 16 17 18 19 -20 21 22 -23 24 -25 -26 27 28 29 30 31 -32 -33 34 35 36 37 38 -39 40 -41 42 -43 44 -45 -46 47 -48 -49 -50 0
uf50-0537 10314 -1 2 3 4 -5 6 7 8 9 -10 11 12 -13 14 15 16 17 18 19 -20 21 22 -23 24 -25 -26 27 28 29 -30 31 -32 -33 -34 35 36 -37 -38 -39 -40 -41 42 43 44 -45 -46 47 -48 49 -50 0
uf50-0537 10314 -1 2 3 4 -5 6 7 8 9 -10 11 12 -13 14 15 16 17 18 19 -20 21 22 -23 24 -25 -26 27 28 29 -30 31 -32 -33 -34 35 36 -37 -38 -39 -40 -41 42 43 44 -45 -46 47 -48 49 -50 0
uf50-0537 9803 -1 2 3 -4 -5 6 7 -8 -9 10 11 12 -13 -14 15 16 17 18 19 -20 21 22 -23 24 -25 -26 27 28 29 30 31 -32 -33 34 35 36 37 38 -39 40 -41 42 -43 44 -45 -46 47 -48 -49 -50 0
uf50-0537 9807 -1 2 3 4 -5 6 7 -8 -9 -10 11 12 -13 14 15 16 17 18 19 -20 -21 22 -23 24 -25 -26 27 28 29 -30 31 -32 -33 -34 35 36 -37 -38 -39 -40 -41 42 43 44 -45 -46 47 -48 49 -50 0
uf50-0537 9803 -1 2 3 -4 -5 6 7 -8 -9 10 11 12 -13 -14 15 16 17 18 19 -20 21 22 -23 24 -25 -26 27 28 29 30 31 -32 -33 34 35 36 37 38 -39 40 -41 42 -43 44 -45 -46 47 -48 -49 -50 0
uf50-0537 9880 -1 -2 3 4 -5 6 7 -8 9 -10 11 12 -13 14 15 16 17 18 19 -20 21 22 -23 24 -25 -26 27 28 29 -30 31 -32 -33 -34 35 36 -37 -38 -39 -40 -41 42 43 44 -45 46 47 -48 -49 -50 0
uf50-0537 10055 -1 -2 3 4 -5 6 7 -8 9 -10 11 12 -13 14 15 16 17 18 19 -20 21 22 -23 24 -25 -26 27 28 29 -30 31 -32 -33 -34 35 36 -37 -38 -39 -40 -41 42 43 44 -45 46 47 -48 49 -50 0
uf50-0537 10314 -1 2 3 4 -5 6 7 8 9 -10 11 12 -13 14 15 16 17 18 19 -20 21 22 -23 24 -25 -26 27 28 29 -30 31 -32 -33 -34 35 36 -37 -38 -39 -40 -41 42 43 44 -45 -46 47 -48 49 -50 0
uf50-0537 9803 -1 2 3 -4 -5 6 7 -8 -9 10 11 12 -13 -14 15 16 17 18 19 -20 21 22 -23 24 -25 -26 27 28 29 30 31 -32 -33 34 35 36 37 38 -39 40 -41 42 -43 44 -45 -46 47 -48 -49 -50 0
uf50-0537 10314 -1 2 3 4 -5 6 7 8 9 -10 11 12 -13 14 15 16 17 18 19 -20 21 22 -23 24 -25 -26 27 28 29 -30 31 -32 -33 -34 35 36 -37 -38 -39 -40 -41 42 43 44 -45 -46 47 -48 49 -50 0
uf50-0537 9803 -1 2 3 -4 -5 6 7 -8 -9 10 11 12 -13 -14 15 16 17 18 19 -20 21 22 -23 24 -25 -26 27 28 29 30 31 -32 -33 34 35 36 37 38 -39 40 -41 42 -43 44 -45 -46 47 -48 -49 -50 0
uf50-0537 10038 -1 2 3 4 -5 6 7 -8 -9 -10 11 12 -13 14 15 16 17 18 19 -20 21 22 -23 24 -25 -26 27 28 29 -30 31 -32 -33 -34 35 36 -37 -38 -39 -40 -41 42 43 44 -45 -46 47 -48 49 -50 0
uf50-0537 9803 -1 2 3 -4 -5 6 7 -8 -9 10 11 12 -13 -14 15 16 17 18 19 -20 21 22 -23 24 -25 -26 27 28 29 30 31 -32 -33 34 35 36 37 38 -39 40 -41 42 -43 44 -45 -46 47 -48 -49 -50 0
uf50-0537 10139 -1 2 3 4 -5 6 7 8 9 -10 11 12 -13 14 15 16 17 18 19 -20 21 22 -23 24 -25 -26 27 28 29 -30 31 -32 -33 -34 35 36 -37 -38 -39 -40 -41 42 43 44 -45 -46 47 -48 -49 -50 0
uf50-0537 9803 -1 2 3 -4 -5 6 7 -8 -9 10 11 12 -13 -14 15 16 17 18 19 -20 21 22 -23 24 -25 -26 27 28 29 30 31 -32 -33 34 35 36 37 38 -39 40 -41 42 -43 44 -45 -46 47 -48 -49 -50 0
uf50-0537 9803 -1 2 3 -4 -5 6 7 -8 -9 10 11 12 -13 -14 15 16 17 18 19 -20 21 22 -23 24 -25 -26 27 28 29 30 31 -32 -33 34 35 36 37 38 -39 40 -41 42 -43 44 -45 -46 47 -48 -49 -50 0
uf50-0537 9920 -1 -2 3 4 -5 6 7 -8 -9 -10 11 12 -13 14 15 16 17 18 19 -20 21 22 -23 24 -25 -26 27 28 29 -30 31 -32 -33 -34 35 36 -37 -38 -39 -40 -41 42 43 44 -45 46 47 -48 49 -50 0
uf50-0537 9803 -1 2 3 -4 -5 6 7 -8 -9 10 11 12 -13 -14 15 16 17 18 19 -20 21 22 -23 24 -25 -26 27 28 29 30 31 -32 -33 34 35 36 37 38 -39 40 -41 42 -43 44 -45 -46 47 -48 -49 -50 0
uf50-0537 10179 -1 2 3 4 -5 6 7 8 -9 -10 11 12 -13 14 15 16 17 18 19 -20 21 22 -23 24 -25 -26 27 28 29 -30 31 -32 -33 -34 35 36 -37 -38 -39 -40 -41 42 43 44 -45 -46 47 -48 49 -50 0
uf50-0537 9803 -1 2 3 -4 -5 6 7 -8 -9 10 11 12 -13 -14 15 16 17 18 19 -20 21 22 -23 24 -25 -26 27 28 29 30 31 -32 -33 34 35 36 37 38 -39 40 -41 42 -43 44 -45 -46 47 -48 -49 -50 0
uf50-0537 9803 -1 2 3 -4 -5 6 7 -8 -9 10 11 12 -13 -14 15 16 17 18 19 -20 21 22 -23 24 -25 -26 27 28 29 30 31 -32 -33 34 35 36 37 38 -39 40 -41 42 -43 44 -45 -46 47 -48 -49 -50 0
uf50-0537 9803 -1 2 3 -4 -5 6 7 -8 -9 10 11 12 -13 -14 15 16 17 18 19 -20 21 22 -23 24 -25 -26 27 28 29 30 31 -32 -33 34 35 36 37 38 -39 40 -41 42 -43 44 -45 -46 47 -48 -49 -50 0
uf50-0537 9880 -1 -2 3 4 -5 6 7 -8 9 -10 11 12 -13 14 15 16 17 18 19 -20 21 22 -23 24 -25 -26 27 28 29 -30 31 -32 -33 -34 35 36 -37 -38 -39 -40 -41 42 43 44 -45 46 47 -48 -49 -50 0
uf50-0537 9803 -1 2 3 -4 -5 6 7 -8 -9 10 11 12 -13 -14 15 16 17 18 19 -20 21 22 -23 24 -25 -26 27 28 29 30 31 -32 -33 34 35 36 37 38 -39 40 -41 42 -43 44 -45 -46 47 -48 -49 -50 0
uf50-0537 9803 -1 2 3 -4 -5 6 7 -8 -9 10 11 12 -13 -14 15 16 17 18 19 -20 21 22 -23 24 -25 -26 27 28 29 30 31 -32 -33 34 35 36 37 38 -39 40 -41 42 -43 44 -45 -46 47 -48 -49 -50 0
