uf50-0779 11141 1 2 -3 4 -5 6 7 8 9 -10 11 -12 13 14 15 -16 17 18 -19 20 21 -22 -23 24 -25 26 -27 -28 -29 30 31 -32 -33 34 -35 -36 37 38 -39 40 -41 42 43 44 45 46 -47 48 49 -50 0
uf50-0779 11141 1 2 -3 4 -5 6 7 8 9 -10 11 -12 13 14 15 -16 17 18 -19 20 21 -22 -23 24 -25 26 -27 -28 -29 30 31 -32 -33 34 -35 -36 37 38 -39 40 -41 42 43 44 45 46 -47 48 49 -50 0
uf50-0779 11141 1 2 -3 4 -5 6 7 8 9 -10 11 -12 13 14 15 -16 17 18 -19 20 21 -22 -23 24 -25 26 -27 -28 -29 30 31 -32 -33 34 -35 -36 37 38 -39 40 -41 42 43 44 45 46 -47 48 49 -50 0
uf50-0779 11141 1 2 -3 4 -5 6 7 8 9 -10 11 -12 13 14 15 -16 17 18 -19 20 21 -22 -23 24 -25 26 -27 -28 -29 30 31 -32 -33 34 -35 -36 37 38 -39 40 -41 42 43 44 45 46 -47 48 49 -50 0
uf50-0779 11141 1 2 -3 4 -5 6 7 8 9 -10 11 -12 13 14 15 -16 17 18 -19 20 21 -22 -23 24 -25 26 -27 -28 -29 30 31 -32 -33 34 -35 -36 37 38 -39 40 -41 42 43 44 45 46 -47 48 49 -50 0
uf50-0779 11141 1 2 -3 4 -5 6 7 8 9 -10 11 -12 13 14 15 -16 17 18 -19 20 21 -22 -23 24 -25 26 -27 -28 -29 30 31 -32 -33 34 -35 -36 37 38 -39 40 -41 42 43 44 45 46 -47 48 49 -50 0
uf50-0779 11141 1 2 -3 4 -5 6 7 8 9 -10 11 -12 13 14 15 -16 17 18 -19 20 21 -22 -23 24 -25 26 -27 -28 -29 30 31 -32 -33 34 -35 -36 37 38 -39 40 -41 42 43 44 45 46 -47 48 49 -50 0
uf50-0779 11141 1 2 -3 4 -5 6 7 8 9 -10 11 -12 13 14 15 -16 17 18 -19 20 21 -22 -23 24 -25 26 -27 -28 -29 30 31 -32 -33 34 -35 -36 37 38 -39 40 -41 42 43 44 45 46 -47 48 49 -50 0
uf50-0779 11141 1 2 -3 4 -5 6 7 8 9 -10 11 -12 13 14 15 -16 17 18 -19 20 21 -22 -23 24 -25 26 -27 -28 -29 30 31 -32 -33 34 -35 -36 37 38 -39 40 -41 42 43 44 45 46 -47 48 49 -50 0
uf50-0779 10924 1 2 -3 4 -5 6 7 8 9 -10 11 -12 13 14 15 -16 17 18 -19 20 21 -22 -23 24 -25 -26 -27 -28 -29 30 31 -32 -33 34 -35 -36 37 38 -39 40 -41 42 43 44 45 46 -47 48 49 -50 0
uf50-0779 11141 1 2 -3 4 -5 6 7 8 9 -10 11 -12 13 14 15 -16 17 18 -19 20 21 -22 -23 24 -25 26 -27 -28 -29 30 31 -32 -33 34 -35 -36 37 38 -39 40 -41 42 43 44 45 46 -47 48 49 -50 0
uf50-0779 11141 1 2 -3 4 -5 6 7 8 9 -10 11 -12 13 14 15 -16 17 18 -19 20 21 -22 -23 24 -25 26 -27 -28 -29 30 31 -32 -33 34 -35 -36 37 38 -39 40 -41 42 43 44 45 46 -47 48 49 -50 0
uf50-0779 10673 1 2 -3 4 -5 6 7 8 9 -10 -11 -12 13 14 15 -16 17 18 -19 20 21 -22 -23 24 -25 26 -27 -28 -29 30 31 -32 -33 34 -35 -36 37 -38 -39 40 -41 42 43 44 45 46 -47 48 49 -50 0
uf50-0779 11141 1 2 -3 4 -5 6 7 8 9 -10 11 -12 13 14 15 -16 17 18 -19 20 21 -22 -23 24 -25 26 -27 -28 -29 30 31 -32 -33 34 -35 -36 37 38 -39 40 -41 42 43 44 45 46 -47 48 49 -50 0
uf50-0779 11141 1 2 -3 4 -5 6 7 8 9 -10 11 -12 13 14 15 -16 17 18 -19 20 21 -22 -23 24 -25 26 -27 -28 -29 30 31 -32 -33 34 -35 -36 37 38 -39 40 -41 42 43 44 45 46 -47 48 49 -50 0
uf50-0779 10898 1 2 -3 4 -5 6 7 8 9 -10 11 -12 13 14 15 -16 17 18 -19 20 21 -22 -23 24 -25 26 -27 -28 -29 30 31 -32 -33 34 -35 -36 37 -38 -39 40 -41 42 43 44 45 46 -47 48 49 -50 0
uf50-0779 11141 1 2 -3 4 -5 6 7 8 9 -10 11 -12 13 14 15 -16 17 18 -19 20 21 -22 -23 24 -25 26 -27 -28 -29 30 31 -32 -33 34 -35 -36 37 38 -39 40 -41 42 43 44 45 46 -47 48 49 -50 0
uf50-0779 11141 1 2 -3 4 -5 6 7 8 9 -10 11 -12 13 14 15 -16 17 18 -19 20 21 -22 -23 24 -25 26 -27 -28 -29 30 31 -32 -33 34 -35 -36 37 38 -39 40 -41 42 43 44 45 46 -47 48 49 -50 0
uf50-0779 11141 1 2 -3 4 -5 6 7 8 9 -10 11 -12 13 14 15 -16 17 18 -19 20 21 -22 -23 24 -25 26 -27 -28 -29 30 31 -32 -33 34 -35 -36 37 38 -39 40 -41 42 43 44 45 46 -47 48 49 -50 0
uf50-0779 10997 1 2 -3 4 -5 6 7 8 9 -10 11 -12 13 -14 15 -16 17 18 -19 20 21 22 -23 24 -25 26 -27 -28 -29 30 31 -32 -33 34 -35 -36 37 38 -39 40 -41 42 43 44 45 46 -47 48 49 -50 0
uf50-0779 11141 1 2 -3 4 -5 6 7 8 9 -10 11 -12 13 14 15 -16 17 18 -19 20 21 -22 -23 24 -25 26 -27 -28 -29 30 31 -32 -33 34 -35 -36 37 38 -39 40 -41 42 43 44 45 46 -47 48 49 -50 0
uf50-0779 11141 1 2 -3 4 -5 6 7 8 9 -10 11 -12 13 14 15 -16 17 18 -19 20 21 -22 -23 24 -25 26 -27 -28 -29 30 31 -32 -33 34 -35 -36 37 38 -39 40 -41 42 43 44 45 46 -47 48 49 -50 0
uf50-0779 11141 1 2 -3 4 -5 6 7 8 9 -10 11 -12 13 14 15 -16 17 18 -19 20 21 -22 -23 24 -25 26 -27 -28 -29 30 31 -32 -33 34 -35 -36 37 38 -39 40 -41 42 43 44 45 46 -47 48 49 -50 0
uf50-0779 10924 1 2 -3 4 -5 6 7 8 9 -10 11 -12 13 14 15 -16 17 18 -19 20 21 -22 -23 24 -25 -26 -27 -28 -29 30 31 -32 -33 34 -35 -36 37 38 -39 40 -41 42 43 44 45 46 -47 48 49 -50 0
uf50-0779 11141 1 2 -3 4 -5 6 7 8 9 -10 11 -12 13 14 15 -16 17 18 -19 20 21 -22 -23 24 -25 26 -27 -28 -29 30 31 -32 -33 34 -35 -36 37 38 -39 40 -41 42 43 44 45 46 -47 48 49 -50 0
uf50-0779 11141 1 2 -3 4 -5 6 7 8 9 -10 11 -12 13 14 15 -16 17 18 -19 20 21 -22 -23 24 -25 26 -27 -28 -29 30 31 -32 -33 34 -35 -36 37 38 -39 40 -41 42 43 44 45 46 -47 48 49 -50 0
uf50-0779 11141 1 2 -3 4 -5 6 7 8 9 -10 11 -12 13 14 15 -16 17 18 -19 20 21 -22 -23 24 -25 26 -27 -28 -29 30 31 -32 -33 34 -35 -36 37 38 -39 40 -41 42 43 44 45 46 -47 48 49 -50 0
uf50-0779 11141 1 2 -3 4 -5 6 7 8 9 -10 11 -12 13 14 15 -16 17 18 -19 20 21 -22 -23 24 -25 26 -27 -28 -29 30 31 -32 -33 34 -35 -36 37 38 -39 40 -41 42 43 44 45 46 -47 48 49 -50 0
uf50-0779 10898 1 2 -3 4 -5 6 7 8 9 -10 11 -12 13 14 15 -16 17 18 -19 20 21 -22 -23 24 -25 26 -27 -28 -29 30 31 -32 -33 34 -35 -36 37 -38 -39 40 -41 42 43 44 45 46 -47 48 49 -50 0
uf50-0779 10916 1 2 -3 4 -5 6 7 8 9 -10 -11 -12 13 14 15 -16 17 18 -19 20 21 -22 -23 24 -25 26 -27 -28 -29 30 31 -32 -33 34 -35 -36 37 38 -39 40 -41 42 43 44 45 46 -47 48 49 -50 0
uf50-0779 11141 1 2 -3 4 -5 6 7 8 9 -10 11 -12 13 14 15 -16 17 18 -19 20 21 -22 -23 24 -25 26 -27 -28 -29 30 31 -32 -33 34 -35 -36 37 38 -39 40 -41 42 43 44 45 46 -47 48 49 -50 0
uf50-0779 11141 1 2 -3 4 -5 6 7 8 9 -10 11 -12 13 14 15 -16 17 18 -19 20 21 -22 -23 24 -25 26 -27 -28 -29 30 31 -32 -33 34 -35 -36 37 38 -39 40 -41 42 43 44 45 46 -47 48 49 -50 0
uf50-0779 11141 1 2 -3 4 -5 6 7 8 9 -10 11 -12 13 14 15 -16 17 18 -19 20 21 -22 -23 24 -25 26 -27 -28 -29 30 31 -32 -33 34 -35 -36 37 38 -39 40 -41 42 43 44 45 46 -47 48 49 -50 0
uf50-0779 11141 1 2 -3 4 -5 6 7 8 9 -10 11 -12 13 14 15 -16 17 18 -19 20 21 -22 -23 24 -25 26 -27 -28 -29 30 31 -32 -33 34 -35 -36 37 38 -39 40 -41 42 43 44 45 46 -47 48 49 -50 0
uf50-0779 11141 1 2 -3 4 -5 6 7 8 9 -10 11 -12 13 14 15 -16 17 18 -19 20 21 -22 -23 24 -25 26 -27 -28 -29 30 31 -32 -33 34 -35 -36 37 38 -39 40 -41 42 43 44 45 46 -47 48 49 -50 0
uf50-0779 11141 1 2 -3 4 -5 6 7 8 9 -10 11 -12 13 14 15 -16 17 18 -19 20 21 -22 -23 24 -25 26 -27 -28 -29 30 31 -32 -33 34 -35 -36 37 38 -39 40 -41 42 43 44 45 46 -47 48 49 -50 0
uf50-0779 10696 1 2 -3 4 -5 6 7 8 9 -10 11 -12 13 -14 15 -16 17 18 -19 20 21 22 -23 24 -25 26 -27 -28 -29 30 -31 -32 -33 34 -35 -36 37 38 -39 40 -41 42 43 44 45 46 -47 48 49 -50 0
uf50-0779 11141 1 2 -3 4 -5 6 7 8 9 -10 11 -12 13 14 15 -16 17 18 -19 20 21 -22 -23 24 -25 26 -27 -28 -29 30 31 -32 -33 34 -35 -36 37 38 -39 40 -41 42 43 44 45 46 -47 48 49 -50 0
uf50-0779 11141 1 2 -3 4 -5 6 7 8 9 -10 11 -12 13 14 15 -16 17 18 -19 20 21 -22 -23 24 -25 26 -27 -28 -29 30 31 -32 -33 34 -35 -36 37 38 -39 40 -41 42 43 44 45 46 -47 48 49 -50 0
uf50-0779 11141 1 2 -3 4 -5 6 7 8 9 -10 11 -12 13 14 15 -16 17 18 -19 20 21 -22 -23 24 -25 26 -27 -28 -29 30 31 -32 -33 34 -35 -36 37 38 -39 40 -41 42 43 44 45 46 -47 48 49 -50 0
uf50-0779 11141 1 2 -3 4 -5 6 7 8 9 -10 11 -12 13 14 15 -16 17 18 -19 20 21 -22 -23 24 -25 26 -27 -28 -29 30 31 -32 -33 34 -35 -36 37 38 -39 40 -41 42 43 44 45 46 -47 48 49 -50 0
uf50-0779 11141 1 2 -3 4 -5 6 7 8 9 -10 11 -12 13 14 15 -16 17 18 -19 20 21 -22 -23 24 -25 26 -27 -28 -29 30 31 -32 -33 34 -35 -36 37 38 -39 40 -41 42 43 44 45 46 -47 48 49 -50 0
uf50-0779 10916 1 2 -3 4 -5 6 7 8 9 -10 -11 -12 13 14 15 -16 17 18 -19 20 21 -22 -23 24 -25 26 -27 -28 -29 30 31 -32 -33 34 -35 -36 37 38 -39 40 -41 42 43 44 45 46 -47 48 49 -50 0
uf50-0779 11141 1 2 -3 4 -5 6 7 8 9 -10 11 -12 13 14 15 -16 17 18 -19 20 21 -22 -23 24 -25 26 -27 -28 -29 30 31 -32 -33 34 -35 -36 37 38 -39 40 -41 42 43 44 45 46 -47 48 49 -50 0
uf50-0779 11141 1 2 -3 4 -5 6 7 8 9 -10 11 -12 13 14 15 -16 17 18 -19 20 21 -22 -23 24 -25 26 -27 -28 -29 30 31 -32 -33 34 -35 -36 37 38 -39 40 -41 42 43 44 45 46 -47 48 49 -50 0
uf50-0779 11141 1 2 -3 4 -5 6 7 8 9 -10 11 -12 13 14 15 -16 17 18 -19 20 21 -22 -23 24 -25 26 -27 -28 -29 30 31 -32 -33 34 -35 -36 37 38 -39 40 -41 42 43 44 45 46 -47 48 49 -50 0
uf50-0779 11141 1 2 -3 4 -5 6 7 8 9 -10 11 -12 13 14 15 -16 17 18 -19 20 21 -22 -23 24 -25 26 -27 -28 -29 30 31 -32 -33 34 -35 -36 37 38 -39 40 -41 42 43 44 45 46 -47 48 49 -50 0
uf50-0779 11141 1 2 -3 4 -5 6 7 8 9 -10 11 -12 13 14 15 -16 17 18 -19 20 21 -22 -23 24 -25 26 -27 -28 -29 30 31 -32 -33 34 -35 -36 37 38 -39 40 -41 42 43 44 45 46 -47 48 49 -50 0
uf50-0779 10916 1 2 -3 4 -5 6 7 8 9 -10 -11 -12 13 14 15 -16 17 18 -19 20 21 -22 -23 24 -25 26 -27 -28 -29 30 31 -32 -33 34 -35 -36 37 38 -39 40 -41 42 43 44 45 46 -47 48 49 -50 0
uf50-0779 11141 1 2 -3 4 -5 6 7 8 9 -10 11 -12 13 14 15 -16 17 18 -19 20 21 -22 -23 24 -25 26 -27 -28 -29 30 31 -32 -33 34 -35 -36 37 38 -39 40 -41 42 43 44 45 46 -47 48 49 -50 0
uf50-0779 10898 1 2 -3 4 -5 6 7 8 9 -10 11 -12 13 14 15 -16 17 18 -19 20 21 -22 -23 24 -25 26 -27 -28 -29 30 31 -32 -33 34 -35 -36 37 -38 -39 40 -41 42 43 44 45 46 -47 48 49 -50 0
uf50-0779 11141 1 2 -3 4 -5 6 7 8 9 -10 11 -12 13 14 15 -16 17 18 -19 20 21 -22 -23 24 -25 26 -27 -28 -29 30 31 -32 -33 34 -35 -36 37 38 -39 40 -41 42 43 44 45 46 -47 48 49 -50 0
uf50-0779 11141 1 2 -3 4 -5 6 7 8 9 -10 11 -12 13 14 15 -16 17 18 -19 20 21 -22 -23 24 -25 26 -27 -28 -29 30 31 -32 -33 34 -35 -36 37 38 -39 40 -41 42 43 44 45 46 -47 48 49 -50 0
uf50-0779 10898 1 2 -3 4 -5 6 7 8 9 -10 11 -12 13 14 15 -16 17 18 -19 20 21 -22 -23 24 -25 26 -27 -28 -29 30 31 -32 -33 34 -35 -36 37 -38 -39 40 -41 42 43 44 45 46 -47 48 49 -50 0
uf50-0779 11141 1 2 -3 4 -5 6 7 8 9 -10 11 -12 13 14 15 -16 17 18 -19 20 21 -22 -23 24 -25 26 -27 -28 -29 30 31 -32 -33 34 -35 -36 37 38 -39 40 -41 42 43 44 45 46 -47 48 49 -50 0
uf50-0779 11141 1 2 -3 4 -5 6 7 8 9 -10 11 -12 13 14 15 -16 17 18 -19 20 21 -22 -23 24 -25 26 -27 -28 -29 30 31 -32 -33 34 -35 -36 37 38 -39 40 -41 42 43 44 45 46 -47 48 49 -50 0
uf50-0779 11141 1 2 -3 4 -5 6 7 8 9 -10 11 -12 13 14 15 -16 17 18 -19 20 21 -22 -23 24 -25 26 -27 -28 -29 30 31 -32 -33 34 -35 -36 37 38 -39 40 -41 42 43 44 45 46 -47 48 49 -50 0
uf50-0779 10907 1 2 -3 4 -5 6 7 8 9 -10 11 -12 13 14 15 -16 17 18 -19 20 21 -22 -23 24 -25 26 -27 -28 -29 30 31 -32 -33 34 -35 36 -37 38 -39 40 -41 42 43 44 45 46 -47 48 49 -50 0
uf50-0779 11141 1 2 -3 4 -5 6 7 8 9 -10 11 -12 13 14 15 -16 17 18 -19 20 21 -22 -23 24 -25 26 -27 -28 -29 30 31 -32 -33 34 -35 -36 37 38 -39 40 -41 42 43 44 45 46 -47 48 49 -50 0
uf50-0779 11141 1 2 -3 4 -5 6 7 8 9 -10 11 -12 13 14 15 -16 17 18 -19 20 21 -22 -23 24 -25 26 -27 -28 -29 30 31 -32 -33 34 -35 -36 37 38 -39 40 -41 42 43 44 45 46 -47 48 49 -50 0
uf50-0779 11141 1 2 -3 4 -5 6 7 8 9 -10 11 -12 13 14 15 -16 17 18 -19 20 21 -22 -23 24 -25 26 -27 -28 -29 30 31 -32 -33 34 -35 -36 37 38 -39 40 -41 42 43 44 45 46 -47 48 49 -50 0
uf50-0779 11141 1 2 -3 4 -5 6 7 8 9 -10 11 -12 13 14 15 -16 17 18 -19 20 21 -22 -23 24 -25 26 -27 -28 -29 30 31 -32 -33 34 -35 -36 37 38 -39 40 -41 42 43 44 45 46 -47 48 49 -50 0
uf50-0779 11141 1 2 -3 4 -5 6 7 8 9 -10 11 -12 13 14 15 -16 17 18 -19 20 21 -22 -23 24 -25 26 -27 -28 -29 30 31 -32 -33 34 -35 -36 37 38 -39 40 -41 42 43 44 45 46 -47 48 49 -50 0
uf50-0779 11141 1 2 -3 4 -5 6 7 8 9 -10 11 -12 13 14 15 -16 17 18 -19 20 21 -22 -23 24 -25 26 -27 -28 -29 30 31 -32 -33 34 -35 -36 37 38 -39 40 -41 42 43 44 45 46 -47 48 49 -50 0
uf50-0779 11141 1 2 -3 4 -5 6 7 8 9 -10 11 -12 13 14 15 -16 17 18 -19 20 21 -22 -23 24 -25 26 -27 -28 -29 30 31 -32 -33 34 -35 -36 37 38 -39 40 -41 42 43 44 45 46 -47 48 49 -50 0
uf50-0779 10916 1 2 -3 4 -5 6 7 8 9 -10 -11 -12 13 14 15 -16 17 18 -19 20 21 -22 -23 24 -25 26 -27 -28 -29 30 31 -32 -33 34 -35 -36 37 38 -39 40 -41 42 43 44 45 46 -47 48 49 -50 0
uf50-0779 11141 1 2 -3 4 -5 6 7 8 9 -10 11 -12 13 14 15 -16 17 18 -19 20 21 -22 -23 24 -25 26 -27 -28 -29 30 31 -32 -33 34 -35 -36 37 38 -39 40 -41 42 43 44 45 46 -47 48 49 -50 0
uf50-0779 10900 1 2 -3 4 -5 6 7 8 9 -10 11 -12 13 -14 15 -16 17 18 -19 20 21 -22 -23 24 -25 26 -27 -28 -29 30 31 -32 -33 34 -35 -36 37 38 -39 40 -41 42 43 44 45 46 -47 48 49 -50 0
uf50-0779 11141 1 2 -3 4 -5 6 7 8 9 -10 11 -12 13 14 15 -16 17 18 -19 20 21 -22 -23 24 -25 26 -27 -28 -29 30 31 -32 -33 34 -35 -36 37 38 -39 40 -41 42 43 44 45 46 -47 48 49 -50 0
uf50-0779 10851 1 2 -3 4 -5 6 7 8 9 -10 11 -12 13 14 15 -16 17 18 -19 20 21 -22 -23 24 -25 26 -27 -28 -29 30 31 -32 -33 34 -35 -36 -37 38 -39 40 -41 42 43 44 45 46 -47 48 49 -50 0
uf50-0779 10898 1 2 -3 4 -5 6 7 8 9 -10 11 -12 13 14 15 -16 17 18 -19 20 21 -22 -23 24 -25 26 -27 -28 -29 30 31 -32 -33 34 -35 -36 37 -38 -39 40 -41 42 43 44 45 46 -47 48 49 -50 0
uf50-0779 11141 1 2 -3 4 -5 6 7 8 9 -10 11 -12 13 14 15 -16 17 18 -19 20 21 -22 -23 24 -25 26 -27 -28 -29 30 31 -32 -33 34 -35 -36 37 38 -39 40 -41 42 43 44 45 46 -47 48 49 -50 0
uf50-0779 11141 1 2 -3 4 -5 6 7 8 9 -10 11 -12 13 14 15 -16 17 18 -19 20 21 -22 -23 24 -25 26 -27 -28 -29 30 31 -32 -33 34 -35 -36 37 38 -39 40 -41 42 43 44 45 46 -47 48 49 -50 0
uf50-0779 11141 1 2 -3 4 -5 6 7 8 9 -10 11 -12 13 14 15 -16 17 18 -19 20 21 -22 -23 24 -25 26 -27 -28 -29 30 31 -32 -33 34 -35 -36 37 38 -39 40 -41 42 43 44 45 46 -47 48 49 -50 0
uf50-0779 11141 1 2 -3 4 -5 6 7 8 9 -10 11 -12 13 14 15 -16 17 18 -19 20 21 -22 -23 24 -25 26 -27 -28 -29 30 31 -32 -33 34 -35 -36 37 38 -39 40 -41 42 43 44 45 46 -47 48 49 -50 0
uf50-0779 11141 1 2 -3 4 -5 6 7 8 9 -10 11 -12 13 14 15 -16 17 18 -19 20 21 -22 -23 24 -25 26 -27 -28 -29 30 31 -32 -33 34 -35 -36 37 38 -39 40 -41 42 43 44 45 46 -47 48 49 -50 0
uf50-0779 11141 1 2 -3 4 -5 6 7 8 9 -10 11 -12 13 14 15 -16 17 18 -19 20 21 -22 -23 24 -25 26 -27 -28 -29 30 31 -32 -33 34 -35 -36 37 38 -39 40 -41 42 43 44 45 46 -47 48 49 -50 0
uf50-0779 11141 1 2 -3 4 -5 6 7 8 9 -10 11 -12 13 14 15 -16 17 18 -19 20 21 -22 -23 24 -25 26 -27 -28 -29 30 31 -32 -33 34 -35 -36 37 38 -39 40 -41 42 43 44 45 46 -47 48 49 -50 0
uf50-0779 11141 1 2 -3 4 -5 6 7 8 9 -10 11 -12 13 14 15 -16 17 18 -19 20 21 -22 -23 24 -25 26 -27 -28 -29 30 31 -32 -33 34 -35 -36 37 38 -39 40 -41 42 43 44 45 46 -47 48 49 -50 0
uf50-0779 11141 1 2 -3 4 -5 6 7 8 9 -10 11 -12 13 14 15 -16 17 18 -19 20 21 -22 -23 24 -25 26 -27 -28 -29 30 31 -32 -33 34 -35 -36 37 38 -39 40 -41 42 43 44 45 46 -47 48 49 -50 0
uf50-0779 10940 1 2 -3 4 -5 6 7 8 9 -10 11 -12 -13 14 15 -16 17 18 -19 20 21 -22 -23 24 -25 26 -27 -28 -29 30 31 -32 -33 34 -35 -36 37 38 -39 40 -41 42 43 44 45 46 -47 48 49 -50 0
uf50-0779 11141 1 2 -3 4 -5 6 7 8 9 -10 11 -12 13 14 15 -16 17 18 -19 20 21 -22 -23 24 -25 26 -27 -28 -29 30 31 -32 -33 34 -35 -36 37 38 -39 40 -41 42 43 44 45 46 -47 48 49 -50 0
uf50-0779 11141 1 2 -3 4 -5 6 7 8 9 -10 11 -12 13 14 15 -16 17 18 -19 20 21 -22 -23 24 -25 26 -27 -28 -29 30 31 -32 -33 34 -35 -36 37 38 -39 40 -41 42 43 44 45 46 -47 48 49 -50 0
uf50-0779 10907 1 2 -3 4 -5 6 7 8 9 -10 11 -12 13 14 15 -16 17 18 -19 20 21 -22 -23 24 -25 26 -27 -28 -29 30 31 -32 -33 34 -35 36 -37 38 -39 40 -41 42 43 44 45 46 -47 48 49 -50 0
uf50-0779 11141 1 2 -3 4 -5 6 7 8 9 -10 11 -12 13 14 15 -16 17 18 -19 20 21 -22 -23 24 -25 26 -27 -28 -29 30 31 -32 -33 34 -35 -36 37 38 -39 40 -41 42 43 44 45 46 -47 48 49 -50 0
uf50-0779 11141 1 2 -3 4 -5 6 7 8 9 -10 11 -12 13 14 15 -16 17 18 -19 20 21 -22 -23 24 -25 26 -27 -28 -29 30 31 -32 -33 34 -35 -36 37 38 -39 40 -41 42 43 44 45 46 -47 48 49 -50 0
uf50-0779 11141 1 2 -3 4 -5 6 7 8 9 -10 11 -12 13 14 15 -16 17 18 -19 20 21 -22 -23 24 -25 26 -27 -28 -29 30 31 -32 -33 34 -35 -36 37 38 -39 40 -41 42 43 44 45 46 -47 48 49 -50 0
uf50-0779 11141 1 2 -3 4 -5 6 7 8 9 -10 11 -12 13 14 15 -16 17 18 -19 20 21 -22 -23 24 -25 26 -27 -28 -29 30 31 -32 -33 34 -35 -36 37 38 -39 40 -41 42 43 44 45 46 -47 48 49 -50 0
uf50-0779 11141 1 2 -3 4 -5 6 7 8 9 -10 11 -12 13 14 15 -16 17 18 -19 20 21 -22 -23 24 -25 26 -27 -28 -29 30 31 -32 -33 34 -35 -36 37 38 -39 40 -41 42 43 44 45 46 -47 48 49 -50 0
uf50-0779 11141 1 2 -3 4 -5 6 7 8 9 -10 11 -12 13 14 15 -16 17 18 -19 20 21 -22 -23 24 -25 26 -27 -28 -29 30 31 -32 -33 34 -35 -36 37 38 -39 40 -41 42 43 44 45 46 -47 48 49 -50 0
uf50-0779 11141 1 2 -3 4 -5 6 7 8 9 -10 11 -12 13 14 15 -16 17 18 -19 20 21 -22 -23 24 -25 26 -27 -28 -29 30 31 -32 -33 34 -35 -36 37 38 -39 40 -41 42 43 44 45 46 -47 48 49 -50 0
uf50-0779 11141 1 2 -3 4 -5 6 7 8 9 -10 11 -12 13 14 15 -16 17 18 -19 20 21 -22 -23 24 -25 26 -27 -28 -29 30 31 -32 -33 34 -35 -36 37 38 -39 40 -41 42 43 44 45 46 -47 48 49 -50 0
uf50-0779 10916 1 2 -3 4 -5 6 7 8 9 -10 -11 -12 13 14 15 -16 17 18 -19 20 21 -22 -23 24 -25 26 -27 -28 -29 30 31 -32 -33 34 -35 -36 37 38 -39 40 -41 42 43 44 45 46 -47 48 49 -50 0
uf50-0779 11141 1 2 -3 4 -5 6 7 8 9 -10 11 -12 13 14 15 -16 17 18 -19 20 21 -22 -23 24 -25 26 -27 -28 -29 30 31 -32 -33 34 -35 -36 37 38 -39 40 -41 42 43 44 45 46 -47 48 49 -50 0
uf50-0779 11141 1 2 -3 4 -5 6 7 8 9 -10 11 -12 13 14 15 -16 17 18 -19 20 21 -22 -23 24 -25 26 -27 -28 -29 30 31 -32 -33 34 -35 -36 37 38 -39 40 -41 42 43 44 45 46 -47 48 49 -50 0
uf50-0779 11141 1 2 -3 4 -5 6 7 8 9 -10 11 -12 13 14 15 -16 17 18 -19 20 21 -22 -23 24 -25 26 -27 -28 -29 30 31 -32 -33 34 -35 -36 37 38 -39 40 -41 42 43 44 45 46 -47 48 49 -50 0
uf50-0779 11141 1 2 -3 4 -5 6 7 8 9 -10 11 -12 13 14 15 -16 17 18 -19 20 21 -22 -23 24 -25 26 -27 -28 -29 30 31 -32 -33 34 -35 -36 37 38 -39 40 -41 42 43 44 45 46 -47 48 49 -50 0
uf50-0779 11141 1 2 -3 4 -5 6 7 8 9 -10 11 -12 13 14 15 -16 17 18 -19 20 21 -22 -23 24 -25 26 -27 -28 -29 30 31 -32 -33 34 -35 -36 37 38 -39 40 -41 42 43 44 45 46 -47 48 49 -50 0
uf50-0779 11141 1 2 -3 4 -5 6 7 8 9 -10 11 -12 13 14 15 -16 17 18 -19 20 21 -22 -23 24 -25 26 -27 -28 -29 30 31 -32 -33 34 -35 -36 37 38 -39 40 -41 42 43 44 45 46 -47 48 49 -50 0
uf50-0779 11141 1 2 -3 4 -5 6 7 8 9 -10 11 -12 13 14 15 -16 17 18 -19 20 21 -22 -23 24 -25 26 -27 -28 -29 30 31 -32 -33 34 -35 -36 37 38 -39 40 -41 42 43 44 45 46 -47 48 49 -50 0
