uf50-0746 10553 -1 2 3 4 5 6 7 8 9 10 11 -12 -13 14 15 16 -17 -18 19 -20 21 22 23 -24 -25 26 27 -28 -29 30 31 32 -33 34 35 -36 -37 -38 39 40 -41 42 -43 44 45 -46 47 48 -49 50 0
uf50-0746 10885 -1 2 3 4 5 6 7 8 9 10 11 12 -13 14 15 16 -17 -18 19 -20 -21 22 23 -24 -25 26 27 -28 -29 30 31 32 -33 34 35 -36 -37 -38 -39 40 -41 42 43 44 45 -46 47 48 49 50 0
uf50-0746 10670 -1 2 3 4 5 6 7 8 9 10 11 12 -13 14 15 16 -17 -18 19 -20 -21 22 23 -24 -25 26 27 -28 -29 30 31 32 -33 34 35 -36 -37 -38 -39 40 -41 42 43 44 45 -46 -47 48 49 50 0
uf50-0746 10652 -1 2 3 4 5 6 7 8 9 10 11 -12 -13 14 15 16 -17 -18 19 -20 21 22 23 -24 -25 26 27 -28 -29 30 31 32 -33 34 35 -36 -37 -38 -39 40 -41 42 -43 44 45 -46 47 48 49 50 0
uf50-0746 10767 -1 2 3 4 5 6 7 8 9 10 11 -12 -13 14 15 16 -17 -18 19 -20 -21 22 23 -24 -25 26 27 -28 -29 30 31 32 -33 34 35 -36 -37 -38 -39 40 -41 42 43 44 45 -46 47 48 49 50 0
uf50-0746 10885 -1 2 3 4 5 6 7 8 9 10 11 12 -13 14 15 16 -17 -18 19 -20 -21 22 23 -24 -25 26 27 -28 -29 30 31 32 -33 34 35 -36 -37 -38 -39 40 -41 42 43 44 45 -46 47 48 49 50 0
uf50-0746 10767 -1 2 3 4 5 6 7 8 9 10 11 -12 -13 14 15 16 -17 -18 19 -20 -21 22 23 -24 -25 26 27 -28 -29 30 31 32 -33 34 35 -36 -37 -38 -39 40 -41 42 43 44 45 -46 47 48 49 50 0
uf50-0746 10885 -1 2 3 4 5 6 7 8 9 10 11 12 -13 14 15 16 -17 -18 19 -20 -21 22 23 -24 -25 26 27 -28 -29 30 31 32 -33 34 35 -36 -37 -38 -39 40 -41 42 43 44 45 -46 47 48 49 50 0
uf50-0746 10718 -1 -2 3 4 5 6 7 8 9 10 11 12 -13 14 15 16 -17 -18 19 -20 -21 22 23 -24 -25 26 27 -28 -29 30 31 32 -33 34 35 -36 -37 -38 -39 40 -41 42 43 44 45 -46 47 48 49 50 0
uf50-0746 10598 -1 2 3 4 5 6 7 8 9 10 11 -12 -13 -14 15 16 -17 -18 19 -20 -21 22 23 -24 -25 26 27 -28 -29 30 31 32 -33 34 35 -36 -37 -38 -39 40 -41 42 43 44 45 -46 47 48 49 50 0
uf50-0746 10622 -1 -2 3 4 5 6 7 8 9 10 11 -12 -13 14 15 16 -17 -18 19 -20 21 22 23 -24 -25 26 27 -28 -29 30 31 32 -33 34 35 -36 -37 -38 39 40 -41 42 -43 44 45 -46 47 48 49 50 0
uf50-0746 10885 -1 2 3 4 5 6 7 8 9 10 11 12 -13 14 15 16 -17 -18 19 -20 -21 22 23 -24 -25 26 27 -28 -29 30 31 32 -33 34 35 -36 -37 -38 -39 40 -41 42 43 44 45 -46 47 48 49 50 0
uf50-0746 10885 -1 2 3 4 5 6 7 8 9 10 11 12 -13 14 15 16 -17 -18 19 -20 -21 22 23 -24 -25 26 27 -28 -29 30 31 32 -33 34 35 -36 -37 -38 -39 40 -41 42 43 44 45 -46 47 48 49 50 0
uf50-0746 10563 -1 2 3 4 5 6 7 8 9 10 11 -12 -13 14 15 16 -17 -18 19 -20 21 22 23 -24 -25 26 27 -28 -29 30 31 32 -33 -34 35 -36 -37 -38 39 40 -41 42 -43 44 45 -46 47 48 49 50 0
uf50-0746 10885 -1 2 3 4 5 6 7 8 9 10 11 12 -13 14 15 16 -17 -18 19 -20 -21 22 23 -24 -25 26 27 -28 -29 30 31 32 -33 34 35 -36 -37 -38 -39 40 -41 42 43 44 45 -46 47 48 49 50 0
uf50-0746 10885 -1 2 3 4 5 6 7 8 9 10 11 12 -13 14 15 16 -17 -18 19 -20 -21 22 23 -24 -25 26 27 -28 -29 30 31 32 -33 34 35 -36 -37 -38 -39 40 -41 42 43 44 45 -46 47 48 49 50 0
uf50-0746 10789 -1 2 3 4 5 6 7 8 9 10 11 -12 -13 14 15 16 -17 -18 19 -20 21 22 23 -24 -25 26 27 -28 -29 30 31 32 -33 34 35 -36 -37 -38 39 40 -41 42 -43 44 45 -46 47 48 49 50 0
uf50-0746 10742 -1 2 3 4 5 6 7 8 9 10 11 -12 -13 14 15 16 -17 -18 19 -20 21 22 23 24 -25 26 27 -28 -29 30 31 32 -33 34 35 36 -37 -38 39 -40 -41 42 -43 44 45 -46 47 48 49 50 0
uf50-0746 10742 -1 2 3 4 5 6 7 8 9 10 11 -12 -13 14 15 16 -17 -18 19 -20 21 22 23 24 -25 26 27 -28 -29 30 31 32 -33 34 35 36 -37 -38 39 -40 -41 42 -43 44 45 -46 47 48 49 50 0
uf50-0746 10510 -1 2 3 4 5 6 7 8 9 10 11 -12 -13 -14 15 16 -17 -18 19 -20 21 -22 23 -24 -25 26 27 -28 -29 30 31 32 -33 34 35 -36 -37 -38 -39 40 -41 42 43 44 45 -46 47 48 49 50 0
uf50-0746 10408 -1 2 3 4 5 6 7 8 9 10 -11 -12 -13 14 15 16 -17 -18 19 -20 21 22 23 24 -25 26 27 -28 -29 30 31 32 -33 34 35 36 -37 38 39 -40 -41 42 -43 44 45 -46 47 48 49 50 0
uf50-0746 10408 -1 2 3 4 5 6 7 8 9 10 -11 -12 -13 14 15 16 -17 -18 19 -20 21 22 23 24 -25 26 27 -28 -29 30 31 32 -33 34 35 36 -37 38 39 -40 -41 42 -43 44 45 -46 47 48 49 50 0
uf50-0746 10658 -1 2 3 4 5 6 7 8 9 10 11 -12 -13 14 15 16 -17 -18 19 -20 -21 22 23 -24 -25 26 27 -28 -29 30 31 32 -33 34 35 -36 -37 -38 39 40 -41 42 -43 44 45 -46 47 48 49 50 0
uf50-0746 10742 -1 2 3 4 5 6 7 8 9 10 11 -12 -13 14 15 16 -17 -18 19 -20 21 22 23 24 -25 26 27 -28 -29 30 31 32 -33 34 35 36 -37 -38 39 -40 -41 42 -43 44 45 -46 47 48 49 50 0
uf50-0746 10885 -1 2 3 4 5 6 7 8 9 10 11 12 -13 14 15 16 -17 -18 19 -20 -21 22 23 -24 -25 26 27 -28 -29 30 31 32 -33 34 35 -36 -37 -38 -39 40 -41 42 43 44 45 -46 47 48 49 50 0
uf50-0746 10885 -1 2 3 4 5 6 7 8 9 10 11 12 -13 14 15 16 -17 -18 19 -20 -21 22 23 -24 -25 26 27 -28 -29 30 31 32 -33 34 35 -36 -37 -38 -39 40 -41 42 43 44 45 -46 47 48 49 50 0
uf50-0746 10658 -1 2 3 4 5 6 7 8 9 10 11 -12 -13 14 15 16 -17 -18 19 -20 -21 22 23 -24 -25 26 27 -28 -29 30 31 32 -33 34 35 -36 -37 -38 39 40 -41 42 -43 44 45 -46 47 48 49 50 0
uf50-0746 10885 -1 2 3 4 5 6 7 8 9 10 11 12 -13 14 15 16 -17 -18 19 -20 -21 22 23 -24 -25 26 27 -28 -29 30 31 32 -33 34 35 -36 -37 -38 -39 40 -41 42 43 44 45 -46 47 48 49 50 0
uf50-0746 10439 -1 2 3 4 5 6 7 8 9 10 11 -12 -13 14 15 -16 -17 -18 19 -20 21 22 23 24 -25 26 27 -28 -29 30 31 32 -33 34 35 36 -37 -38 39 -40 -41 42 -43 44 45 -46 47 48 49 50 0
uf50-0746 10652 -1 2 3 4 5 6 7 8 9 10 11 -12 -13 14 15 16 -17 -18 19 -20 21 22 23 -24 -25 26 27 -28 -29 30 31 32 -33 34 35 -36 -37 -38 -39 40 -41 42 -43 44 45 -46 47 48 49 50 0
uf50-0746 10622 -1 -2 3 4 5 6 7 8 9 10 11 -12 -13 14 15 16 -17 -18 19 -20 21 22 23 -24 -25 26 27 -28 -29 30 31 32 -33 34 35 -36 -37 -38 39 40 -41 42 -43 44 45 -46 47 48 49 50 0
uf50-0746 10789 -1 2 3 4 5 6 7 8 9 10 11 -12 -13 14 15 16 -17 -18 19 -20 21 22 23 -24 -25 26 27 -28 -29 30 31 32 -33 34 35 -36 -37 -38 39 40 -41 42 -43 44 45 -46 47 48 49 50 0
uf50-0746 10885 -1 2 3 4 5 6 7 8 9 10 11 12 -13 14 15 16 -17 -18 19 -20 -21 22 23 -24 -25 26 27 -28 -29 30 31 32 -33 34 35 -36 -37 -38 -39 40 -41 42 43 44 45 -46 47 48 49 50 0
uf50-0746 10885 -1 2 3 4 5 6 7 8 9 10 11 12 -13 14 15 16 -17 -18 19 -20 -21 22 23 -24 -25 26 27 -28 -29 30 31 32 -33 34 35 -36 -37 -38 -39 40 -41 42 43 44 45 -46 47 48 49 50 0
uf50-0746 10885 -1 2 3 4 5 6 7 8 9 10 11 12 -13 14 15 16 -17 -18 19 -20 -21 22 23 -24 -25 26 27 -28 -29 30 31 32 -33 34 35 -36 -37 -38 -39 40 -41 42 43 44 45 -46 47 48 49 50 0
uf50-0746 10600 -1 -2 3 4 5 6 7 8 9 10 11 -12 -13 14 15 16 -17 -18 19 -20 -21 22 23 -24 -25 26 27 -28 -29 30 31 32 -33 34 35 -36 -37 -38 -39 40 -41 42 43 44 45 -46 47 48 49 50 0
uf50-0746 10742 -1 2 3 4 5 6 7 8 9 10 11 -12 -13 14 15 16 -17 -18 19 -20 21 22 23 24 -25 26 27 -28 -29 30 31 32 -33 34 35 36 -37 -38 39 -40 -41 42 -43 44 45 -46 47 48 49 50 0
uf50-0746 10718 -1 -2 3 4 5 6 7 8 9 10 11 12 -13 14 15 16 -17 -18 19 -20 -21 22 23 -24 -25 26 27 -28 -29 30 31 32 -33 34 35 -36 -37 -38 -39 40 -41 42 43 44 45 -46 47 48 49 50 0
uf50-0746 10767 -1 2 3 4 5 6 7 8 9 10 11 -12 -13 14 15 16 -17 -18 19 -20 -21 22 23 -24 -25 26 27 -28 -29 30 31 32 -33 34 35 -36 -37 -38 -39 40 -41 42 43 44 45 -46 47 48 49 50 0
uf50-0746 10885 -1 2 3 4 5 6 7 8 9 10 11 12 -13 14 15 16 -17 -18 19 -20 -21 22 23 -24 -25 26 27 -28 -29 30 31 32 -33 34 35 -36 -37 -38 -39 40 -41 42 43 44 45 -46 47 48 49 50 0
uf50-0746 10408 -1 2 3 4 5 6 7 8 9 10 -11 -12 -13 14 15 16 -17 -18 19 -20 21 22 23 24 -25 26 27 -28 -29 30 31 32 -33 34 35 36 -37 38 39 -40 -41 42 -43 44 45 -46 47 48 49 50 0
uf50-0746 10767 -1 2 3 4 5 6 7 8 9 10 11 -12 -13 14 15 16 -17 -18 19 -20 -21 22 23 -24 -25 26 27 -28 -29 30 31 32 -33 34 35 -36 -37 -38 -39 40 -41 42 43 44 45 -46 47 48 49 50 0
uf50-0746 10885 -1 2 3 4 5 6 7 8 9 10 11 12 -13 14 15 16 -17 -18 19 -20 -21 22 23 -24 -25 26 27 -28 -29 30 31 32 -33 34 35 -36 -37 -38 -39 40 -41 42 43 44 45 -46 47 48 49 50 0
uf50-0746 10742 -1 2 3 4 5 6 7 8 9 10 11 -12 -13 14 15 16 -17 -18 19 -20 21 22 23 24 -25 26 27 -28 -29 30 31 32 -33 34 35 36 -37 -38 39 -40 -41 42 -43 44 45 -46 47 48 49 50 0
uf50-0746 10789 -1 2 3 4 5 6 7 8 9 10 11 -12 -13 14 15 16 -17 -18 19 -20 21 22 23 -24 -25 26 27 -28 -29 30 31 32 -33 34 35 -36 -37 -38 39 40 -41 42 -43 44 45 -46 47 48 49 50 0
uf50-0746 10885 -1 2 3 4 5 6 7 8 9 10 11 12 -13 14 15 16 -17 -18 19 -20 -21 22 23 -24 -25 26 27 -28 -29 30 31 32 -33 34 35 -36 -37 -38 -39 40 -41 42 43 44 45 -46 47 48 49 50 0
uf50-0746 10652 -1 2 3 4 5 6 7 8 9 10 11 -12 -13 14 15 16 -17 -18 19 -20 21 22 23 -24 -25 26 27 -28 -29 30 31 32 -33 34 35 -36 -37 -38 -39 40 -41 42 -43 44 45 -46 47 48 49 50 0
uf50-0746 10649 -1 2 3 4 5 6 7 8 9 10 11 12 -13 14 15 16 -17 -18 19 -20 -21 22 23 -24 -25 26 27 -28 -29 30 31 32 -33 34 35 -36 -37 -38 -39 40 -41 42 43 44 45 -46 47 48 -49 50 0
uf50-0746 10885 -1 2 3 4 5 6 7 8 9 10 11 12 -13 14 15 16 -17 -18 19 -20 -21 22 23 -24 -25 26 27 -28 -29 30 31 32 -33 34 35 -36 -37 -38 -39 40 -41 42 43 44 45 -46 47 48 49 50 0
uf50-0746 10885 -1 2 3 4 5 6 7 8 9 10 11 12 -13 14 15 16 -17 -18 19 -20 -21 22 23 -24 -25 26 27 -28 -29 30 31 32 -33 34 35 -36 -37 -38 -39 40 -41 42 43 44 45 -46 47 48 49 50 0
uf50-0746 10742 -1 2 3 4 5 6 7 8 9 10 11 -12 -13 14 15 16 -17 -18 19 -20 21 22 23 24 -25 26 27 -28 -29 30 31 32 -33 34 35 36 -37 -38 39 -40 -41 42 -43 44 45 -46 47 48 49 50 0
uf50-0746 10767 -1 2 3 4 5 6 7 8 9 10 11 -12 -13 14 15 16 -17 -18 19 -20 -21 22 23 -24 -25 26 27 -28 -29 30 31 32 -33 34 35 -36 -37 -38 -39 40 -41 42 43 44 45 -46 47 48 49 50 0
uf50-0746 10789 -1 2 3 4 5 6 7 8 9 10 11 -12 -13 14 15 16 -17 -18 19 -20 21 22 23 -24 -25 26 27 -28 -29 30 31 32 -33 34 35 -36 -37 -38 39 40 -41 42 -43 44 45 -46 47 48 49 50 0
uf50-0746 10648 -1 2 3 4 5 6 7 8 9 10 11 -12 -13 14 15 16 -17 -18 19 -20 21 22 23 24 -25 26 27 -28 -29 30 31 32 -33 34 35 -36 -37 -38 39 -40 -41 42 -43 44 45 -46 47 48 49 50 0
uf50-0746 10885 -1 2 3 4 5 6 7 8 9 10 11 12 -13 14 15 16 -17 -18 19 -20 -21 22 23 -24 -25 26 27 -28 -29 30 31 32 -33 34 35 -36 -37 -38 -39 40 -41 42 43 44 45 -46 47 48 49 50 0
uf50-0746 10658 -1 2 3 4 5 6 7 8 9 10 11 -12 -13 14 15 16 -17 -18 19 -20 -21 22 23 -24 -25 26 27 -28 -29 30 31 32 -33 34 35 -36 -37 -38 39 40 -41 42 -43 44 45 -46 47 48 49 50 0
uf50-0746 10789 -1 2 3 4 5 6 7 8 9 10 11 -12 -13 14 15 16 -17 -18 19 -20 21 22 23 -24 -25 26 27 -28 -29 30 31 32 -33 34 35 -36 -37 -38 39 40 -41 42 -43 44 45 -46 47 48 49 50 0
uf50-0746 10742 -1 2 3 4 5 6 7 8 9 10 11 -12 -13 14 15 16 -17 -18 19 -20 21 22 23 24 -25 26 27 -28 -29 30 31 32 -33 34 35 36 -37 -38 39 -40 -41 42 -43 44 45 -46 47 48 49 50 0
uf50-0746 10648 -1 2 3 4 5 6 7 8 9 10 11 -12 -13 14 15 16 -17 -18 19 -20 21 22 23 24 -25 26 27 -28 -29 30 31 32 -33 34 35 -36 -37 -38 39 -40 -41 42 -43 44 45 -46 47 48 49 50 0
uf50-0746 10553 -1 2 3 4 5 6 7 8 9 10 11 -12 -13 14 15 16 -17 -18 19 -20 21 22 23 -24 -25 26 27 -28 -29 30 31 32 -33 34 35 -36 -37 -38 39 40 -41 42 -43 44 45 -46 47 48 -49 50 0
uf50-0746 10789 -1 2 3 4 5 6 7 8 9 10 11 -12 -13 14 15 16 -17 -18 19 -20 21 22 23 -24 -25 26 27 -28 -29 30 31 32 -33 34 35 -36 -37 -38 39 40 -41 42 -43 44 45 -46 47 48 49 50 0
uf50-0746 10401 -1 2 3 4 5 6 7 8 9 10 11 -12 -13 -14 15 16 -17 -18 19 -20 21 -22 23 -24 -25 26 27 -28 -29 30 31 32 -33 34 35 -36 -37 -38 39 40 -41 42 -43 44 45 -46 47 48 49 50 0
uf50-0746 10789 -1 2 3 4 5 6 7 8 9 10 11 -12 -13 14 15 16 -17 -18 19 -20 21 22 23 -24 -25 26 27 -28 -29 30 31 32 -33 34 35 -36 -37 -38 39 40 -41 42 -43 44 45 -46 47 48 49 50 0
uf50-0746 10716 -1 2 3 4 5 6 7 8 9 10 11 12 -13 -14 15 16 -17 -18 19 -20 -21 22 23 -24 -25 26 27 -28 -29 30 31 32 -33 34 35 -36 -37 -38 -39 40 -41 42 43 44 45 -46 47 48 49 50 0
uf50-0746 10885 -1 2 3 4 5 6 7 8 9 10 11 12 -13 14 15 16 -17 -18 19 -20 -21 22 23 -24 -25 26 27 -28 -29 30 31 32 -33 34 35 -36 -37 -38 -39 40 -41 42 43 44 45 -46 47 48 49 50 0
uf50-0746 10648 -1 2 3 4 5 6 7 8 9 10 11 -12 -13 14 15 16 -17 -18 19 -20 21 22 23 24 -25 26 27 -28 -29 30 31 32 -33 34 35 -36 -37 -38 39 -40 -41 42 -43 44 45 -46 47 48 49 50 0
uf50-0746 10789 -1 2 3 4 5 6 7 8 9 10 11 -12 -13 14 15 16 -17 -18 19 -20 21 22 23 -24 -25 26 27 -28 -29 30 31 32 -33 34 35 -36 -37 -38 39 40 -41 42 -43 44 45 -46 47 48 49 50 0
uf50-0746 10516 -1 2 3 4 5 6 7 8 9 10 11 -12 -13 14 15 16 -17 -18 19 -20 21 22 23 24 -25 26 27 -28 -29 30 31 32 -33 -34 35 36 -37 -38 39 -40 -41 42 -43 44 45 -46 47 48 49 50 0
uf50-0746 10652 -1 2 3 4 5 6 7 8 9 10 11 -12 -13 14 15 16 -17 -18 19 -20 21 22 23 -24 -25 26 27 -28 -29 30 31 32 -33 34 35 -36 -37 -38 -39 40 -41 42 -43 44 45 -46 47 48 49 50 0
uf50-0746 10885 -1 2 3 4 5 6 7 8 9 10 11 12 -13 14 15 16 -17 -18 19 -20 -21 22 23 -24 -25 26 27 -28 -29 30 31 32 -33 34 35 -36 -37 -38 -39 40 -41 42 43 44 45 -46 47 48 49 50 0
uf50-0746 10622 -1 -2 3 4 5 6 7 8 9 10 11 -12 -13 14 15 16 -17 -18 19 -20 21 22 23 -24 -25 26 27 -28 -29 30 31 32 -33 34 35 -36 -37 -38 39 40 -41 42 -43 44 45 -46 47 48 49 50 0
uf50-0746 10885 -1 2 3 4 5 6 7 8 9 10 11 12 -13 14 15 16 -17 -18 19 -20 -21 22 23 -24 -25 26 27 -28 -29 30 31 32 -33 34 35 -36 -37 -38 -39 40 -41 42 43 44 45 -46 47 48 49 50 0
uf50-0746 10885 -1 2 3 4 5 6 7 8 9 10 11 12 -13 14 15 16 -17 -18 19 -20 -21 22 23 -24 -25 26 27 -28 -29 30 31 32 -33 34 35 -36 -37 -38 -39 40 -41 42 43 44 45 -46 47 48 49 50 0
uf50-0746 10885 -1 2 3 4 5 6 7 8 9 10 11 12 -13 14 15 16 -17 -18 19 -20 -21 22 23 -24 -25 26 27 -28 -29 30 31 32 -33 34 35 -36 -37 -38 -39 40 -41 42 43 44 45 -46 47 48 49 50 0
uf50-0746 10885 -1 2 3 4 5 6 7 8 9 10 11 12 -13 14 15 16 -17 -18 19 -20 -21 22 23 -24 -25 26 27 -28 -29 30 31 32 -33 34 35 -36 -37 -38 -39 40 -41 42 43 44 45 -46 47 48 49 50 0
uf50-0746 10742 -1 2 3 4 5 6 7 8 9 10 11 -12 -13 14 15 16 -17 -18 19 -20 21 22 23 24 -25 26 27 -28 -29 30 31 32 -33 34 35 36 -37 -38 39 -40 -41 42 -43 44 45 -46 47 48 49 50 0
uf50-0746 10885 -1 2 3 4 5 6 7 8 9 10 11 12 -13 14 15 16 -17 -18 19 -20 -21 22 23 -24 -25 26 27 -28 -29 30 31 32 -33 34 35 -36 -37 -38 -39 40 -41 42 43 44 45 -46 47 48 49 50 0
uf50-0746 10885 -1 2 3 4 5 6 7 8 9 10 11 12 -13 14 15 16 -17 -18 19 -20 -21 22 23 -24 -25 26 27 -28 -29 30 31 32 -33 34 35 -36 -37 -38 -39 40 -41 42 43 44 45 -46 47 48 49 50 0
uf50-0746 10408 -1 2 3 4 5 6 7 8 9 10 -11 -12 -13 14 15 16 -17 -18 19 -20 21 22 23 24 -25 26 27 -28 -29 30 31 32 -33 34 35 36 -37 38 39 -40 -41 42 -43 44 45 -46 47 48 49 50 0
uf50-0746 10742 -1 2 3 4 5 6 7 8 9 10 11 -12 -13 14 15 16 -17 -18 19 -20 21 22 23 24 -25 26 27 -28 -29 30 31 32 -33 34 35 36 -37 -38 39 -40 -41 42 -43 44 45 -46 47 48 49 50 0
uf50-0746 10670 -1 2 3 4 5 6 7 8 9 10 11 12 -13 14 15 16 -17 -18 19 -20 -21 22 23 -24 -25 26 27 -28 -29 30 31 32 -33 34 35 -36 -37 -38 -39 40 -41 42 43 44 45 -46 -47 48 49 50 0
uf50-0746 10600 -1 -2 3 4 5 6 7 8 9 10 11 -12 -13 14 15 16 -17 -18 19 -20 -21 22 23 -24 -25 26 27 -28 -29 30 31 32 -33 34 35 -36 -37 -38 -39 40 -41 42 43 44 45 -46 47 48 49 50 0
uf50-0746 10885 -1 2 3 4 5 6 7 8 9 10 11 12 -13 14 15 16 -17 -18 19 -20 -21 22 23 -24 -25 26 27 -28 -29 30 31 32 -33 34 35 -36 -37 -38 -39 40 -41 42 43 44 45 -46 47 48 49 50 0
uf50-0746 10767 -1 2 3 4 5 6 7 8 9 10 11 -12 -13 14 15 16 -17 -18 19 -20 -21 22 23 -24 -25 26 27 -28 -29 30 31 32 -33 34 35 -36 -37 -38 -39 40 -41 42 43 44 45 -46 47 48 49 50 0
uf50-0746 10408 -1 2 3 4 5 6 7 8 9 10 -11 -12 -13 14 15 16 -17 -18 19 -20 21 22 23 24 -25 26 27 -28 -29 30 31 32 -33 34 35 36 -37 38 39 -40 -41 42 -43 44 45 -46 47 48 49 50 0
uf50-0746 10885 -1 2 3 4 5 6 7 8 9 10 11 12 -13 14 15 16 -17 -18 19 -20 -21 22 23 -24 -25 26 27 -28 -29 30 31 32 -33 34 35 -36 -37 -38 -39 40 -41 42 43 44 45 -46 47 48 49 50 0
uf50-0746 10408 -1 2 3 4 5 6 7 8 9 10 -11 -12 -13 14 15 16 -17 -18 19 -20 21 22 23 24 -25 26 27 -28 -29 30 31 32 -33 34 35 36 -37 38 39 -40 -41 42 -43 44 45 -46 47 48 49 50 0
uf50-0746 10516 -1 2 3 4 5 6 7 8 9 10 11 -12 -13 14 15 16 -17 -18 19 -20 21 22 23 24 -25 26 27 -28 -29 30 31 32 -33 -34 35 36 -37 -38 39 -40 -41 42 -43 44 45 -46 47 48 49 50 0
uf50-0746 10553 -1 2 3 4 5 6 7 8 9 10 11 -12 -13 14 15 16 -17 -18 19 -20 21 22 23 -24 -25 26 27 -28 -29 30 31 32 -33 34 35 -36 -37 -38 39 40 -41 42 -43 44 45 -46 47 48 -49 50 0
uf50-0746 10742 -1 2 3 4 5 6 7 8 9 10 11 -12 -13 14 15 16 -17 -18 19 -20 21 22 23 24 -25 26 27 -28 -29 30 31 32 -33 34 35 36 -37 -38 39 -40 -41 42 -43 44 45 -46 47 48 49 50 0
uf50-0746 10516 -1 2 3 4 5 6 7 8 9 10 11 -12 -13 14 15 16 -17 -18 19 -20 21 22 23 24 -25 26 27 -28 -29 30 31 32 -33 -34 35 36 -37 -38 39 -40 -41 42 -43 44 45 -46 47 48 49 50 0
uf50-0746 10789 -1 2 3 4 5 6 7 8 9 10 11 -12 -13 14 15 16 -17 -18 19 -20 21 22 23 -24 -25 26 27 -28 -29 30 31 32 -33 34 35 -36 -37 -38 39 40 -41 42 -43 44 45 -46 47 48 49 50 0
uf50-0746 10652 -1 2 3 4 5 6 7 8 9 10 11 -12 -13 14 15 16 -17 -18 19 -20 21 22 23 -24 -25 26 27 -28 -29 30 31 32 -33 34 35 -36 -37 -38 -39 40 -41 42 -43 44 45 -46 47 48 49 50 0
uf50-0746 10600 -1 -2 3 4 5 6 7 8 9 10 11 -12 -13 14 15 16 -17 -18 19 -20 -21 22 23 -24 -25 26 27 -28 -29 30 31 32 -33 34 35 -36 -37 -38 -39 40 -41 42 43 44 45 -46 47 48 49 50 0
uf50-0746 10885 -1 2 3 4 5 6 7 8 9 10 11 12 -13 14 15 16 -17 -18 19 -20 -21 22 23 -24 -25 26 27 -28 -29 30 31 32 -33 34 35 -36 -37 -38 -39 40 -41 42 43 44 45 -46 47 48 49 50 0
uf50-0746 10648 -1 2 3 4 5 6 7 8 9 10 11 -12 -13 14 15 16 -17 -18 19 -20 21 22 23 24 -25 26 27 -28 -29 30 31 32 -33 34 35 -36 -37 -38 39 -40 -41 42 -43 44 45 -46 47 48 49 50 0
uf50-0746 10649 -1 2 3 4 5 6 7 8 9 10 11 12 -13 14 15 16 -17 -18 19 -20 -21 22 23 -24 -25 26 27 -28 -29 30 31 32 -33 34 35 -36 -37 -38 -39 40 -41 42 43 44 45 -46 47 48 -49 50 0
uf50-0746 10718 -1 -2 3 4 5 6 7 8 9 10 11 12 -13 14 15 16 -17 -18 19 -20 -21 22 23 -24 -25 26 27 -28 -29 30 31 32 -33 34 35 -36 -37 -38 -39 40 -41 42 43 44 45 -46 47 48 49 50 0
uf50-0746 10885 -1 2 3 4 5 6 7 8 9 10 11 12 -13 14 15 16 -17 -18 19 -20 -21 22 23 -24 -25 26 27 -28 -29 30 31 32 -33 34 35 -36 -37 -38 -39 40 -41 42 43 44 45 -46 47 48 49 50 0
uf50-0746 10345 -1 2 3 4 5 6 7 8 9 10 11 -12 -13 14 15 -16 -17 -18 19 -20 21 22 23 24 -25 26 27 -28 -29 30 31 32 -33 34 35 -36 -37 -38 39 -40 -41 42 -43 44 45 -46 47 48 49 50 0
