uf50-0599 10049 1 -2 3 4 5 -6 7 -8 9 10 -11 12 13 14 15 16 -17 18 19 -20 21 -22 -23 24 -25 -26 27 28 29 -30 31 32 33 -34 35 -36 -37 38 39 -40 41 -42 -43 -44 45 46 -47 -48 -49 50 0
uf50-0599 10049 1 -2 3 4 5 -6 7 -8 9 10 -11 12 13 14 15 16 -17 18 19 -20 21 -22 -23 24 -25 -26 27 28 29 -30 31 32 33 -34 35 -36 -37 38 39 -40 41 -42 -43 -44 45 46 -47 -48 -49 50 0
uf50-0599 10049 1 -2 3 4 5 -6 7 -8 9 10 -11 12 13 14 15 16 -17 18 19 -20 21 -22 -23 24 -25 -26 27 28 29 -30 31 32 33 -34 35 -36 -37 38 39 -40 41 -42 -43 -44 45 46 -47 -48 -49 50 0
uf50-0599 9603 1 -2 3 -4 5 -6 7 -8 9 10 -11 -12 13 14 15 16 -17 18 19 -20 21 -22 -23 24 -25 -26 27 28 29 -30 31 32 33 -34 35 -36 -37 38 39 -40 41 -42 -43 -44 45 46 -47 -48 -49 50 0
uf50-0599 8867 1 -2 3 4 5 -6 7 -8 9 10 -11 12 13 -14 -15 16 -17 18 -19 20 21 -22 -23 -24 -25 -26 27 28 29 30 -31 -32 33 34 35 -36 37 38 39 -40 -41 -42 43 44 45 46 -47 -48 49 50 0
uf50-0599 10049 1 -2 3 4 5 -6 7 -8 9 10 -11 12 13 14 15 16 -17 18 19 -20 21 -22 -23 24 -25 -26 27 28 29 -30 31 32 33 -34 35 -36 -37 38 39 -40 41 -42 -43 -44 45 46 -47 -48 -49 50 0
uf50-0599 9554 1 -2 3 4 5 -6 7 -8 9 10 -11 -12 13 14 15 16 -17 18 19 -20 21 -22 -23 24 -25 -26 27 28 29 -30 31 32 33 -34 35 -36 -37 38 39 -40 41 -42 -43 -44 45 46 -47 -48 -49 -50 0
uf50-0599 9786 1 -2 3 -4 5 -6 7 -8 9 10 -11 12 13 14 15 16 -17 18 19 -20 21 -22 -23 24 -25 -26 27 28 29 -30 31 32 33 -34 35 -36 -37 38 39 -40 41 -42 -43 -44 45 46 -47 -48 -49 50 0
uf50-0599 9866 1 -2 3 4 5 -6 7 -8 9 10 -11 -12 13 14 15 16 -17 18 19 -20 21 -22 -23 24 -25 -26 27 28 29 -30 31 32 33 -34 35 -36 -37 38 39 -40 41 -42 -43 -44 45 46 -47 -48 -49 50 0
uf50-0599 9671 -1 -2 3 4 5 -6 7 -8 9 10 -11 -12 13 14 15 16 -17 18 19 -20 21 -22 -23 24 -25 26 27 28 29 -30 31 32 33 -34 35 -36 -37 38 39 -40 41 -42 -43 -44 45 46 -47 -48 -49 50 0
uf50-0599 10049 1 -2 3 4 5 -6 7 -8 9 10 -11 12 13 14 15 16 -17 18 19 -20 21 -22 -23 24 -25 -26 27 28 29 -30 31 32 33 -34 35 -36 -37 38 39 -40 41 -42 -43 -44 45 46 -47 -48 -49 50 0
uf50-0599 9805 -1 -2 3 4 5 -6 7 -8 9 10 -11 12 13 14 15 16 -17 18 19 -20 21 -22 -23 24 -25 -26 27 28 29 -30 31 32 33 -34 35 -36 -37 38 39 -40 41 -42 -43 -44 45 46 -47 -48 -49 50 0
uf50-0599 9866 1 -2 3 4 5 -6 7 -8 9 10 -11 -12 13 14 15 16 -17 18 19 -20 21 -22 -23 24 -25 -26 27 28 29 -30 31 32 33 -34 35 -36 -37 38 39 -40 41 -42 -43 -44 45 46 -47 -48 -49 50 0
uf50-0599 10049 1 -2 3 4 5 -6 7 -8 9 10 -11 12 13 14 15 16 -17 18 19 -20 21 -22 -23 24 -25 -26 27 28 29 -30 31 32 33 -34 35 -36 -37 38 39 -40 41 -42 -43 -44 45 46 -47 -48 -49 50 0
uf50-0599 10049 1 -2 3 4 5 -6 7 -8 9 10 -11 12 13 14 15 16 -17 18 19 -20 21 -22 -23 24 -25 -26 27 28 29 -30 31 32 33 -34 35 -36 -37 38 39 -40 41 -42 -43 -44 45 46 -47 -48 -49 50 0
uf50-0599 9291 1 -2 3 -4 5 -6 7 -8 9 10 -11 -12 13 14 15 16 -17 18 19 -20 21 -22 -23 24 -25 -26 27 28 29 -30 31 32 33 -34 35 -36 -37 38 39 -40 41 -42 -43 -44 45 46 -47 -48 -49 -50 0
uf50-0599 9572 1 -2 3 4 5 -6 7 -8 9 10 11 12 13 14 15 16 -17 18 19 -20 21 -22 -23 24 -25 -26 -27 28 29 -30 31 32 33 -34 35 -36 -37 38 39 -40 41 -42 -43 -44 45 46 -47 -48 -49 -50 0
uf50-0599 10049 1 -2 3 4 5 -6 7 -8 9 10 -11 12 13 14 15 16 -17 18 19 -20 21 -22 -23 24 -25 -26 27 28 29 -30 31 32 33 -34 35 -36 -37 38 39 -40 41 -42 -43 -44 45 46 -47 -48 -49 50 0
uf50-0599 10049 1 -2 3 4 5 -6 7 -8 9 10 -11 12 13 14 15 16 -17 18 19 -20 21 -22 -23 24 -25 -26 27 28 29 -30 31 32 33 -34 35 -36 -37 38 39 -40 41 -42 -43 -44 45 46 -47 -48 -49 50 0
uf50-0599 8867 1 -2 3 4 5 -6 7 -8 9 10 -11 12 13 -14 -15 16 -17 18 -19 20 21 -22 -23 -24 -25 -26 27 28 29 30 -31 -32 33 34 35 -36 37 38 39 -40 -41 -42 43 44 45 46 -47 -48 49 50 0
uf50-0599 10049 1 -2 3 4 5 -6 7 -8 9 10 -11 12 13 14 15 16 -17 18 19 -20 21 -22 -23 24 -25 -26 27 28 29 -30 31 32 33 -34 35 -36 -37 38 39 -40 41 -42 -43 -44 45 46 -47 -48 -49 50 0
uf50-0599 10049 1 -2 3 4 5 -6 7 -8 9 10 -11 12 13 14 15 16 -17 18 19 -20 21 -22 -23 24 -25 -26 27 28 29 -30 31 32 33 -34 35 -36 -37 38 39 -40 41 -42 -43 -44 45 46 -47 -48 -49 50 0
uf50-0599 8867 1 -2 3 4 5 -6 7 -8 9 10 -11 12 13 -14 -15 16 -17 18 -19 20 21 -22 -23 -24 -25 -26 27 28 29 30 -31 -32 33 34 35 -36 37 38 39 -40 -41 -42 43 44 45 46 -47 -48 49 50 0
uf50-0599 9854 -1 -2 3 4 5 -6 7 -8 9 10 -11 12 13 14 15 16 -17 18 19 -20 21 -22 -23 24 -25 26 27 28 29 -30 31 32 33 -34 35 -36 -37 38 39 -40 41 -42 -43 -44 45 46 -47 -48 -49 50 0
uf50-0599 10049 1 -2 3 4 5 -6 7 -8 9 10 -11 12 13 14 15 16 -17 18 19 -20 21 -22 -23 24 -25 -26 27 28 29 -30 31 32 33 -34 35 -36 -37 38 39 -40 41 -42 -43 -44 45 46 -47 -48 -49 50 0
uf50-0599 10049 1 -2 3 4 5 -6 7 -8 9 10 -11 12 13 14 15 16 -17 18 19 -20 21 -22 -23 24 -25 -26 27 28 29 -30 31 32 33 -34 35 -36 -37 38 39 -40 41 -42 -43 -44 45 46 -47 -48 -49 50 0
uf50-0599 10049 1 -2 3 4 5 -6 7 -8 9 10 -11 12 13 14 15 16 -17 18 19 -20 21 -22 -23 24 -25 -26 27 28 29 -30 31 32 33 -34 35 -36 -37 38 39 -40 41 -42 -43 -44 45 46 -47 -48 -49 50 0
uf50-0599 10049 1 -2 3 4 5 -6 7 -8 9 10 -11 12 13 14 15 16 -17 18 19 -20 21 -22 -23 24 -25 -26 27 28 29 -30 31 32 33 -34 35 -36 -37 38 39 -40 41 -42 -43 -44 45 46 -47 -48 -49 50 0
uf50-0599 10049 1 -2 3 4 5 -6 7 -8 9 10 -11 12 13 14 15 16 -17 18 19 -20 21 -22 -23 24 -25 -26 27 28 29 -30 31 32 33 -34 35 -36 -37 38 39 -40 41 -42 -43 -44 45 46 -47 -48 -49 50 0
uf50-0599 10049 1 -2 3 4 5 -6 7 -8 9 10 -11 12 13 14 15 16 -17 18 19 -20 21 -22 -23 24 -25 -26 27 28 29 -30 31 32 33 -34 35 -36 -37 38 39 -40 41 -42 -43 -44 45 46 -47 -48 -49 50 0
uf50-0599 8867 1 -2 3 4 5 -6 7 -8 9 10 -11 12 13 -14 -15 16 -17 18 -19 20 21 -22 -23 -24 -25 -26 27 28 29 30 -31 -32 33 34 35 -36 37 38 39 -40 -41 -42 43 44 45 46 -47 -48 49 50 0
uf50-0599 10049 1 -2 3 4 5 -6 7 -8 9 10 -11 12 13 14 15 16 -17 18 19 -20 21 -22 -23 24 -25 -26 27 28 29 -30 31 32 33 -34 35 -36 -37 38 39 -40 41 -42 -43 -44 45 46 -47 -48 -49 50 0
uf50-0599 10049 1 -2 3 4 5 -6 7 -8 9 10 -11 12 13 14 15 16 -17 18 19 -20 21 -22 -23 24 -25 -26 27 28 29 -30 31 32 33 -34 35 -36 -37 38 39 -40 41 -42 -43 -44 45 46 -47 -48 -49 50 0
uf50-0599 10049 1 -2 3 4 5 -6 7 -8 9 10 -11 12 13 14 15 16 -17 18 19 -20 21 -22 -23 24 -25 -26 27 28 29 -30 31 32 33 -34 35 -36 -37 38 39 -40 41 -42 -43 -44 45 46 -47 -48 -49 50 0
uf50-0599 10049 1 -2 3 4 5 -6 7 -8 9 10 -11 12 13 14 15 16 -17 18 19 -20 21 -22 -23 24 -25 -26 27 28 29 -30 31 32 33 -34 35 -36 -37 38 39 -40 41 -42 -43 -44 45 46 -47 -48 -49 50 0
uf50-0599 10049 1 -2 3 4 5 -6 7 -8 9 10 -11 12 13 14 15 16 -17 18 19 -20 21 -22 -23 24 -25 -26 27 28 29 -30 31 32 33 -34 35 -36 -37 38 39 -40 41 -42 -43 -44 45 46 -47 -48 -49 50 0
uf50-0599 9291 1 -2 3 -4 5 -6 7 -8 9 10 -11 -12 13 14 15 16 -17 18 19 -20 21 -22 -23 24 -25 -26 27 28 29 -30 31 32 33 -34 35 -36 -37 38 39 -40 41 -42 -43 -44 45 46 -47 -48 -49 -50 0
uf50-0599 10049 1 -2 3 4 5 -6 7 -8 9 10 -11 12 13 14 15 16 -17 18 19 -20 21 -22 -23 24 -25 -26 27 28 29 -30 31 32 33 -34 35 -36 -37 38 39 -40 41 -42 -43 -44 45 46 -47 -48 -49 50 0
uf50-0599 10049 1 -2 3 4 5 -6 7 -8 9 10 -11 12 13 14 15 16 -17 18 19 -20 21 -22 -23 24 -25 -26 27 28 29 -30 31 32 33 -34 35 -36 -37 38 39 -40 41 -42 -43 -44 45 46 -47 -48 -49 50 0
uf50-0599 10049 1 -2 3 4 5 -6 7 -8 9 10 -11 12 13 14 15 16 -17 18 19 -20 21 -22 -23 24 -25 -26 27 28 29 -30 31 32 33 -34 35 -36 -37 38 39 -40 41 -42 -43 -44 45 46 -47 -48 -49 50 0
uf50-0599 10049 1 -2 3 4 5 -6 7 -8 9 10 -11 12 13 14 15 16 -17 18 19 -20 21 -22 -23 24 -25 -26 27 28 29 -30 31 32 33 -34 35 -36 -37 38 39 -40 41 -42 -43 -44 45 46 -47 -48 -49 50 0
uf50-0599 10049 1 -2 3 4 5 -6 7 -8 9 10 -11 12 13 14 15 16 -17 18 19 -20 21 -22 -23 24 -25 -26 27 28 29 -30 31 32 33 -34 35 -36 -37 38 39 -40 41 -42 -43 -44 45 46 -47 -48 -49 50 0
uf50-0599 10049 1 -2 3 4 5 -6 7 -8 9 10 -11 12 13 14 15 16 -17 18 19 -20 21 -22 -23 24 -25 -26 27 28 29 -30 31 32 33 -34 35 -36 -37 38 39 -40 41 -42 -43 -44 45 46 -47 -48 -49 50 0
uf50-0599 10049 1 -2 3 4 5 -6 7 -8 9 10 -11 12 13 14 15 16 -17 18 19 -20 21 -22 -23 24 -25 -26 27 28 29 -30 31 32 33 -34 35 -36 -37 38 39 -40 41 -42 -43 -44 45 46 -47 -48 -49 50 0
uf50-0599 10049 1 -2 3 4 5 -6 7 -8 9 10 -11 12 13 14 15 16 -17 18 19 -20 21 -22 -23 24 -25 -26 27 28 29 -30 31 32 33 -34 35 -36 -37 38 39 -40 41 -42 -43 -44 45 46 -47 -48 -49 50 0
uf50-0599 9786 1 -2 3 -4 5 -6 7 -8 9 10 -11 12 13 14 15 16 -17 18 19 -20 21 -22 -23 24 -25 -26 27 28 29 -30 31 32 33 -34 35 -36 -37 38 39 -40 41 -42 -43 -44 45 46 -47 -48 -49 50 0
uf50-0599 10049 1 -2 3 4 5 -6 7 -8 9 10 -11 12 13 14 15 16 -17 18 19 -20 21 -22 -23 24 -25 -26 27 28 29 -30 31 32 33 -34 35 -36 -37 38 39 -40 41 -42 -43 -44 45 46 -47 -48 -49 50 0
uf50-0599 10049 1 -2 3 4 5 -6 7 -8 9 10 -11 12 13 14 15 16 -17 18 19 -20 21 -22 -23 24 -25 -26 27 28 29 -30 31 32 33 -34 35 -36 -37 38 39 -40 41 -42 -43 -44 45 46 -47 -48 -49 50 0
uf50-0599 9554 1 -2 3 4 5 -6 7 -8 9 10 -11 -12 13 14 15 16 -17 18 19 -20 21 -22 -23 24 -25 -26 27 28 29 -30 31 32 33 -34 35 -36 -37 38 39 -40 41 -42 -43 -44 45 46 -47 -48 -49 -50 0
uf50-0599 10049 1 -2 3 4 5 -6 7 -8 9 10 -11 12 13 14 15 16 -17 18 19 -20 21 -22 -23 24 -25 -26 27 28 29 -30 31 32 33 -34 35 -36 -37 38 39 -40 41 -42 -43 -44 45 46 -47 -48 -49 50 0
uf50-0599 9737 1 -2 3 4 5 -6 7 -8 9 10 -11 12 13 14 15 16 -17 18 19 -20 21 -22 -23 24 -25 -26 27 28 29 -30 31 32 33 -34 35 -36 -37 38 39 -40 41 -42 -43 -44 45 46 -47 -48 -49 -50 0
uf50-0599 10049 1 -2 3 4 5 -6 7 -8 9 10 -11 12 13 14 15 16 -17 18 19 -20 21 -22 -23 24 -25 -26 27 28 29 -30 31 32 33 -34 35 -36 -37 38 39 -40 41 -42 -43 -44 45 46 -47 -48 -49 50 0
uf50-0599 10049 1 -2 3 4 5 -6 7 -8 9 10 -11 12 13 14 15 16 -17 18 19 -20 21 -22 -23 24 -25 -26 27 28 29 -30 31 32 33 -34 35 -36 -37 38 39 -40 41 -42 -43 -44 45 46 -47 -48 -49 50 0
uf50-0599 10049 1 -2 3 4 5 -6 7 -8 9 10 -11 12 13 14 15 16 -17 18 19 -20 21 -22 -23 24 -25 -26 27 28 29 -30 31 32 33 -34 35 -36 -37 38 39 -40 41 -42 -43 -44 45 46 -47 -48 -49 50 0
uf50-0599 10049 1 -2 3 4 5 -6 7 -8 9 10 -11 12 13 14 15 16 -17 18 19 -20 21 -22 -23 24 -25 -26 27 28 29 -30 31 32 33 -34 35 -36 -37 38 39 -40 41 -42 -43 -44 45 46 -47 -48 -49 50 0
uf50-0599 10049 1 -2 3 4 5 -6 7 -8 9 10 -11 12 13 14 15 16 -17 18 19 -20 21 -22 -23 24 -25 -26 27 28 29 -30 31 32 33 -34 35 -36 -37 38 39 -40 41 -42 -43 -44 45 46 -47 -48 -49 50 0
uf50-0599 10049 1 -2 3 4 5 -6 7 -8 9 10 -11 12 13 14 15 16 -17 18 19 -20 21 -22 -23 24 -25 -26 27 28 29 -30 31 32 33 -34 35 -36 -37 38 39 -40 41 -42 -43 -44 45 46 -47 -48 -49 50 0
uf50-0599 9866 1 -2 3 4 5 -6 7 -8 9 10 -11 -12 13 14 15 16 -17 18 19 -20 21 -22 -23 24 -25 -26 27 28 29 -30 31 32 33 -34 35 -36 -37 38 39 -40 41 -42 -43 -44 45 46 -47 -48 -49 50 0
uf50-0599 10049 1 -2 3 4 5 -6 7 -8 9 10 -11 12 13 14 15 16 -17 18 19 -20 21 -22 -23 24 -25 -26 27 28 29 -30 31 32 33 -34 35 -36 -37 38 39 -40 41 -42 -43 -44 45 46 -47 -48 -49 50 0
uf50-0599 9554 1 -2 3 4 5 -6 7 -8 9 10 -11 -12 13 14 15 16 -17 18 19 -20 21 -22 -23 24 -25 -26 27 28 29 -30 31 32 33 -34 35 -36 -37 38 39 -40 41 -42 -43 -44 45 46 -47 -48 -49 -50 0
uf50-0599 10049 1 -2 3 4 5 -6 7 -8 9 10 -11 12 13 14 15 16 -17 18 19 -20 21 -22 -23 24 -25 -26 27 28 29 -30 31 32 33 -34 35 -36 -37 38 39 -40 41 -42 -43 -44 45 46 -47 -48 -49 50 0
uf50-0599 9603 1 -2 3 4 5 -6 7 -8 9 10 -11 -12 13 14 15 16 -17 18 19 -20 21 -22 -23 24 -25 -26 -27 28 29 -30 31 32 33 -34 35 -36 -37 38 39 -40 41 -42 -43 -44 45 46 -47 -48 -49 50 0
uf50-0599 10049 1 -2 3 4 5 -6 7 -8 9 10 -11 12 13 14 15 16 -17 18 19 -20 21 -22 -23 24 -25 -26 27 28 29 -30 31 32 33 -34 35 -36 -37 38 39 -40 41 -42 -43 -44 45 46 -47 -48 -49 50 0
uf50-0599 10049 1 -2 3 4 5 -6 7 -8 9 10 -11 12 13 14 15 16 -17 18 19 -20 21 -22 -23 24 -25 -26 27 28 29 -30 31 32 33 -34 35 -36 -37 38 39 -40 41 -42 -43 -44 45 46 -47 -48 -49 50 0
uf50-0599 10049 1 -2 3 4 5 -6 7 -8 9 10 -11 12 13 14 15 16 -17 18 19 -20 21 -22 -23 24 -25 -26 27 28 29 -30 31 32 33 -34 35 -36 -37 38 39 -40 41 -42 -43 -44 45 46 -47 -48 -49 50 0
uf50-0599 10049 1 -2 3 4 5 -6 7 -8 9 10 -11 12 13 14 15 16 -17 18 19 -20 21 -22 -23 24 -25 -26 27 28 29 -30 31 32 33 -34 35 -36 -37 38 39 -40 41 -42 -43 -44 45 46 -47 -48 -49 50 0
uf50-0599 8926 1 -2 3 4 5 -6 7 -8 9 10 -11 12 13 14 -15 16 -17 18 -19 20 21 -22 -23 -24 -25 -26 27 28 29 -30 -31 -32 33 -34 35 -36 -37 38 39 -40 -41 -42 -43 44 45 46 -47 -48 49 50 0
uf50-0599 9359 -1 -2 3 4 5 -6 7 -8 9 10 -11 -12 13 14 15 16 -17 18 19 -20 21 -22 -23 24 -25 26 27 28 29 -30 31 32 33 -34 35 -36 -37 38 39 -40 41 -42 -43 -44 45 46 -47 -48 -49 -50 0
uf50-0599 10049 1 -2 3 4 5 -6 7 -8 9 10 -11 12 13 14 15 16 -17 18 19 -20 21 -22 -23 24 -25 -26 27 28 29 -30 31 32 33 -34 35 -36 -37 38 39 -40 41 -42 -43 -44 45 46 -47 -48 -49 50 0
uf50-0599 9591 -1 -2 3 -4 5 -6 7 -8 9 10 -11 12 13 14 15 16 -17 18 19 -20 21 -22 -23 24 -25 26 27 28 29 -30 31 32 33 -34 35 -36 -37 38 39 -40 41 -42 -43 -44 45 46 -47 -48 -49 50 0
uf50-0599 9340 1 -2 3 -4 5 -6 7 -8 9 10 -11 -12 13 14 15 16 -17 18 19 -20 21 -22 -23 24 -25 -26 -27 28 29 -30 31 32 33 -34 35 -36 -37 38 39 -40 41 -42 -43 -44 45 46 -47 -48 -49 50 0
uf50-0599 10049 1 -2 3 4 5 -6 7 -8 9 10 -11 12 13 14 15 16 -17 18 19 -20 21 -22 -23 24 -25 -26 27 28 29 -30 31 32 33 -34 35 -36 -37 38 39 -40 41 -42 -43 -44 45 46 -47 -48 -49 50 0
uf50-0599 10049 1 -2 3 4 5 -6 7 -8 9 10 -11 12 13 14 15 16 -17 18 19 -20 21 -22 -23 24 -25 -26 27 28 29 -30 31 32 33 -34 35 -36 -37 38 39 -40 41 -42 -43 -44 45 46 -47 -48 -49 50 0
uf50-0599 10049 1 -2 3 4 5 -6 7 -8 9 10 -11 12 13 14 15 16 -17 18 19 -20 21 -22 -23 24 -25 -26 27 28 29 -30 31 32 33 -34 35 -36 -37 38 39 -40 41 -42 -43 -44 45 46 -47 -48 -49 50 0
uf50-0599 9786 1 -2 3 -4 5 -6 7 -8 9 10 -11 12 13 14 15 16 -17 18 19 -20 21 -22 -23 24 -25 -26 27 28 29 -30 31 32 33 -34 35 -36 -37 38 39 -40 41 -42 -43 -44 45 46 -47 -48 -49 50 0
uf50-0599 10049 1 -2 3 4 5 -6 7 -8 9 10 -11 12 13 14 15 16 -17 18 19 -20 21 -22 -23 24 -25 -26 27 28 29 -30 31 32 33 -34 35 -36 -37 38 39 -40 41 -42 -43 -44 45 46 -47 -48 -49 50 0
uf50-0599 10049 1 -2 3 4 5 -6 7 -8 9 10 -11 12 13 14 15 16 -17 18 19 -20 21 -22 -23 24 -25 -26 27 28 29 -30 31 32 33 -34 35 -36 -37 38 39 -40 41 -42 -43 -44 45 46 -47 -48 -49 50 0
uf50-0599 10049 1 -2 3 4 5 -6 7 -8 9 10 -11 12 13 14 15 16 -17 18 19 -20 21 -22 -23 24 -25 -26 27 28 29 -30 31 32 33 -34 35 -36 -37 38 39 -40 41 -42 -43 -44 45 46 -47 -48 -49 50 0
uf50-0599 10049 1 -2 3 4 5 -6 7 -8 9 10 -11 12 13 14 15 16 -17 18 19 -20 21 -22 -23 24 -25 -26 27 28 29 -30 31 32 33 -34 35 -36 -37 38 39 -40 41 -42 -43 -44 45 46 -47 -48 -49 50 0
uf50-0599 10049 1 -2 3 4 5 -6 7 -8 9 10 -11 12 13 14 15 16 -17 18 19 -20 21 -22 -23 24 -25 -26 27 28 29 -30 31 32 33 -34 35 -36 -37 38 39 -40 41 -42 -43 -44 45 46 -47 -48 -49 50 0
uf50-0599 10049 1 -2 3 4 5 -6 7 -8 9 10 -11 12 13 14 15 16 -17 18 19 -20 21 -22 -23 24 -25 -26 27 28 29 -30 31 32 33 -34 35 -36 -37 38 39 -40 41 -42 -43 -44 45 46 -47 -48 -49 50 0
uf50-0599 10049 1 -2 3 4 5 -6 7 -8 9 10 -11 12 13 14 15 16 -17 18 19 -20 21 -22 -23 24 -25 -26 27 28 29 -30 31 32 33 -34 35 -36 -37 38 39 -40 41 -42 -43 -44 45 46 -47 -48 -49 50 0
uf50-0599 10049 1 -2 3 4 5 -6 7 -8 9 10 -11 12 13 14 15 16 -17 18 19 -20 21 -22 -23 24 -25 -26 27 28 29 -30 31 32 33 -34 35 -36 -37 38 39 -40 41 -42 -43 -44 45 46 -47 -48 -49 50 0
uf50-0599 10049 1 -2 3 4 5 -6 7 -8 9 10 -11 12 13 14 15 16 -17 18 19 -20 21 -22 -23 24 -25 -26 27 28 29 -30 31 32 33 -34 35 -36 -37 38 39 -40 41 -42 -43 -44 45 46 -47 -48 -49 50 0
uf50-0599 10049 1 -2 3 4 5 -6 7 -8 9 10 -11 12 13 14 15 16 -17 18 19 -20 21 -22 -23 24 -25 -26 27 28 29 -30 31 32 33 -34 35 -36 -37 38 39 -40 41 -42 -43 -44 45 46 -47 -48 -49 50 0
uf50-0599 10049 1 -2 3 4 5 -6 7 -8 9 10 -11 12 13 14 15 16 -17 18 19 -20 21 -22 -23 24 -25 -26 27 28 29 -30 31 32 33 -34 35 -36 -37 38 39 -40 41 -42 -43 -44 45 46 -47 -48 -49 50 0
uf50-0599 10049 1 -2 3 4 5 -6 7 -8 9 10 -11 12 13 14 15 16 -17 18 19 -20 21 -22 -23 24 -25 -26 27 28 29 -30 31 32 33 -34 35 -36 -37 38 39 -40 41 -42 -43 -44 45 46 -47 -48 -49 50 0
uf50-0599 10049 1 -2 3 4 5 -6 7 -8 9 10 -11 12 13 14 15 16 -17 18 19 -20 21 -22 -23 24 -25 -26 27 28 29 -30 31 32 33 -34 35 -36 -37 38 39 -40 41 -42 -43 -44 45 46 -47 -48 -49 50 0
uf50-0599 10049 1 -2 3 4 5 -6 7 -8 9 10 -11 12 13 14 15 16 -17 18 19 -20 21 -22 -23 24 -25 -26 27 28 29 -30 31 32 33 -34 35 -36 -37 38 39 -40 41 -42 -43 -44 45 46 -47 -48 -49 50 0
uf50-0599 10049 1 -2 3 4 5 -6 7 -8 9 10 -11 12 13 14 15 16 -17 18 19 -20 21 -22 -23 24 -25 -26 27 28 29 -30 31 32 33 -34 35 -36 -37 38 39 -40 41 -42 -43 -44 45 46 -47 -48 -49 50 0
uf50-0599 10049 1 -2 3 4 5 -6 7 -8 9 10 -11 12 13 14 15 16 -17 18 19 -20 21 -22 -23 24 -25 -26 27 28 29 -30 31 32 33 -34 35 -36 -37 38 39 -40 41 -42 -43 -44 45 46 -47 -48 -49 50 0
uf50-0599 9737 1 -2 3 4 5 -6 7 -8 9 10 -11 12 13 14 15 16 -17 18 19 -20 21 -22 -23 24 -25 -26 27 28 29 -30 31 32 33 -34 35 -36 -37 38 39 -40 41 -42 -43 -44 45 46 -47 -48 -49 -50 0
uf50-0599 10049 1 -2 3 4 5 -6 7 -8 9 10 -11 12 13 14 15 16 -17 18 19 -20 21 -22 -23 24 -25 -26 27 28 29 -30 31 32 33 -34 35 -36 -37 38 39 -40 41 -42 -43 -44 45 46 -47 -48 -49 50 0
uf50-0599 9854 -1 -2 3 4 5 -6 7 -8 9 10 -11 12 13 14 15 16 -17 18 19 -20 21 -22 -23 24 -25 26 27 28 29 -30 31 32 33 -34 35 -36 -37 38 39 -40 41 -42 -43 -44 45 46 -47 -48 -49 50 0
uf50-0599 8867 1 -2 3 4 5 -6 7 -8 9 10 -11 12 13 -14 -15 16 -17 18 -19 20 21 -22 -23 -24 -25 -26 27 28 29 30 -31 -32 33 34 35 -36 37 38 39 -40 -41 -42 43 44 45 46 -47 -48 49 50 0
uf50-0599 10049 1 -2 3 4 5 -6 7 -8 9 10 -11 12 13 14 15 16 -17 18 19 -20 21 -22 -23 24 -25 -26 27 28 29 -30 31 32 33 -34 35 -36 -37 38 39 -40 41 -42 -43 -44 45 46 -47 -48 -49 50 0
uf50-0599 10049 1 -2 3 4 5 -6 7 -8 9 10 -11 12 13 14 15 16 -17 18 19 -20 21 -22 -23 24 -25 -26 27 28 29 -30 31 32 33 -34 35 -36 -37 38 39 -40 41 -42 -43 -44 45 46 -47 -48 -49 50 0
uf50-0599 10049 1 -2 3 4 5 -6 7 -8 9 10 -11 12 13 14 15 16 -17 18 19 -20 21 -22 -23 24 -25 -26 27 28 29 -30 31 32 33 -34 35 -36 -37 38 39 -40 41 -42 -43 -44 45 46 -47 -48 -49 50 0
uf50-0599 10049 1 -2 3 4 5 -6 7 -8 9 10 -11 12 13 14 15 16 -17 18 19 -20 21 -22 -23 24 -25 -26 27 28 29 -30 31 32 33 -34 35 -36 -37 38 39 -40 41 -42 -43 -44 45 46 -47 -48 -49 50 0
uf50-0599 10049 1 -2 3 4 5 -6 7 -8 9 10 -11 12 13 14 15 16 -17 18 19 -20 21 -22 -23 24 -25 -26 27 28 29 -30 31 32 33 -34 35 -36 -37 38 39 -40 41 -42 -43 -44 45 46 -47 -48 -49 50 0
