uf50-0822 5017 1 -2 -3 -4 5 -6 -7 -8 -9 10 -11 12 13 -14 15 16 17 18 -19 20 -21 22 23 24 -25 26 27 28 -29 30 31 32 -33 34 -35 36 -37 38 39 -40 41 42 43 44 45 46 47 -48 49 50 0
uf50-0822 5130 1 2 3 -4 -5 -6 -7 8 9 -10 11 -12 13 14 -15 16 17 -18 -19 -20 -21 22 23 24 25 26 -27 -28 -29 30 31 -32 33 34 -35 36 -37 38 39 40 -41 42 43 44 45 46 -47 -48 49 50 0
uf50-0822 5017 1 -2 -3 -4 5 -6 -7 -8 -9 10 -11 12 13 -14 15 16 17 18 -19 20 -21 22 23 24 -25 26 27 28 -29 30 31 32 -33 34 -35 36 -37 38 39 -40 41 42 43 44 45 46 47 -48 49 50 0
uf50-0822 5130 1 2 3 -4 -5 -6 -7 8 9 -10 11 -12 13 14 -15 16 17 -18 -19 -20 -21 22 23 24 25 26 -27 -28 -29 30 31 -32 33 34 -35 36 -37 38 39 40 -41 42 43 44 45 46 -47 -48 49 50 0
uf50-0822 5130 1 2 3 -4 -5 -6 -7 8 9 -10 11 -12 13 14 -15 16 17 -18 -19 -20 -21 22 23 24 25 26 -27 -28 -29 30 31 -32 33 34 -35 36 -37 38 39 40 -41 42 43 44 45 46 -47 -48 49 50 0
uf50-0822 4952 1 -2 -3 -4 5 -6 -7 -8 -9 10 -11 12 13 -14 15 16 17 -18 -19 20 -21 22 23 24 -25 26 27 28 -29 30 31 32 -33 34 -35 36 -37 38 39 -40 41 42 43 44 45 46 47 -48 49 50 0
uf50-0822 5130 1 2 3 -4 -5 -6 -7 8 9 -10 11 -12 13 14 -15 16 17 -18 -19 -20 -21 22 23 24 25 26 -27 -28 -29 30 31 -32 33 34 -35 36 -37 38 39 40 -41 42 43 44 45 46 -47 -48 49 50 0
uf50-0822 5130 1 2 3 -4 -5 -6 -7 8 9 -10 11 -12 13 14 -15 16 17 -18 -19 -20 -21 22 23 24 25 26 -27 -28 -29 30 31 -32 33 34 -35 36 -37 38 39 40 -41 42 43 44 45 46 -47 -48 49 50 0
uf50-0822 4952 1 -2 -3 -4 5 -6 -7 -8 -9 10 -11 12 13 -14 15 16 17 -18 -19 20 -21 22 23 24 -25 26 27 28 -29 30 31 32 -33 34 -35 36 -37 38 39 -40 41 42 43 44 45 46 47 -48 49 50 0
uf50-0822 3703 1 -2 -3 -4 5 -6 -7 -8 -9 10 -11 12 13 -14 15 16 17 18 -19 20 -21 22 23 24 -25 26 27 -28 -29 30 31 -32 33 34 -35 36 -37 38 -39 -40 41 42 43 44 45 46 -47 -48 49 50 0
uf50-0822 5130 1 2 3 -4 -5 -6 -7 8 9 -10 11 -12 13 14 -15 16 17 -18 -19 -20 -21 22 23 24 25 26 -27 -28 -29 30 31 -32 33 34 -35 36 -37 38 39 40 -41 42 43 44 45 46 -47 -48 49 50 0
uf50-0822 5130 1 2 3 -4 -5 -6 -7 8 9 -10 11 -12 13 14 -15 16 17 -18 -19 -20 -21 22 23 24 25 26 -27 -28 -29 30 31 -32 33 34 -35 36 -37 38 39 40 -41 42 43 44 45 46 -47 -48 49 50 0
uf50-0822 5017 1 -2 -3 -4 5 -6 -7 -8 -9 10 -11 12 13 -14 15 16 17 18 -19 20 -21 22 23 24 -25 26 27 28 -29 30 31 32 -33 34 -35 36 -37 38 39 -40 41 42 43 44 45 46 47 -48 49 50 0
uf50-0822 5130 1 2 3 -4 -5 -6 -7 8 9 -10 11 -12 13 14 -15 16 17 -18 -19 -20 -21 22 23 24 25 26 -27 -28 -29 30 31 -32 33 34 -35 36 -37 38 39 40 -41 42 43 44 45 46 -47 -48 49 50 0
uf50-0822 4696 1 -2 -3 -4 5 -6 -7 -8 -9 10 -11 12 13 -14 15 16 17 18 -19 20 -21 22 23 24 -25 26 -27 28 -29 30 31 32 -33 34 -35 36 -37 38 39 -40 41 42 43 44 45 46 47 -48 49 50 0
uf50-0822 4932 1 2 3 -4 -5 -6 -7 8 9 -10 11 -12 13 14 -15 16 17 -18 -19 -20 -21 22 23 24 25 26 -27 -28 -29 30 31 -32 33 34 -35 36 -37 38 39 40 -41 42 43 -44 45 46 -47 -48 49 50 0
uf50-0822 5130 1 2 3 -4 -5 -6 -7 8 9 -10 11 -12 13 14 -15 16 17 -18 -19 -20 -21 22 23 24 25 26 -27 -28 -29 30 31 -32 33 34 -35 36 -37 38 39 40 -41 42 43 44 45 46 -47 -48 49 50 0
uf50-0822 5130 1 2 3 -4 -5 -6 -7 8 9 -10 11 -12 13 14 -15 16 17 -18 -19 -20 -21 22 23 24 25 26 -27 -28 -29 30 31 -32 33 34 -35 36 -37 38 39 40 -41 42 43 44 45 46 -47 -48 49 50 0
uf50-0822 5130 1 2 3 -4 -5 -6 -7 8 9 -10 11 -12 13 14 -15 16 17 -18 -19 -20 -21 22 23 24 25 26 -27 -28 -29 30 31 -32 33 34 -35 36 -37 38 39 40 -41 42 43 44 45 46 -47 -48 49 50 0
uf50-0822 4750 1 2 3 -4 -5 -6 -7 8 9 -10 11 -12 13 14 -15 16 17 -18 -19 -20 -21 22 23 24 25 26 -27 -28 -29 30 31 -32 33 34 -35 36 -37 38 39 40 -41 42 43 44 45 -46 -47 -48 49 50 0
uf50-0822 5130 1 2 3 -4 -5 -6 -7 8 9 -10 11 -12 13 14 -15 16 17 -18 -19 -20 -21 22 23 24 25 26 -27 -28 -29 30 31 -32 33 34 -35 36 -37 38 39 40 -41 42 43 44 45 46 -47 -48 49 50 0
uf50-0822 5130 1 2 3 -4 -5 -6 -7 8 9 -10 11 -12 13 14 -15 16 17 -18 -19 -20 -21 22 23 24 25 26 -27 -28 -29 30 31 -32 33 34 -35 36 -37 38 39 40 -41 42 43 44 45 46 -47 -48 49 50 0
uf50-0822 5017 1 -2 -3 -4 5 -6 -7 -8 -9 10 -11 12 13 -14 15 16 17 18 -19 20 -21 22 23 24 -25 26 27 28 -29 30 31 32 -33 34 -35 36 -37 38 39 -40 41 42 43 44 45 46 47 -48 49 50 0
uf50-0822 5130 1 2 3 -4 -5 -6 -7 8 9 -10 11 -12 13 14 -15 16 17 -18 -19 -20 -21 22 23 24 25 26 -27 -28 -29 30 31 -32 33 34 -35 36 -37 38 39 40 -41 42 43 44 45 46 -47 -48 49 50 0
uf50-0822 5017 1 -2 -3 -4 5 -6 -7 -8 -9 10 -11 12 13 -14 15 16 17 18 -19 20 -21 22 23 24 -25 26 27 28 -29 30 31 32 -33 34 -35 36 -37 38 39 -40 41 42 43 44 45 46 47 -48 49 50 0
uf50-0822 5130 1 2 3 -4 -5 -6 -7 8 9 -10 11 -12 13 14 -15 16 17 -18 -19 -20 -21 22 23 24 25 26 -27 -28 -29 30 31 -32 33 34 -35 36 -37 38 39 40 -41 42 43 44 45 46 -47 -48 49 50 0
uf50-0822 5017 1 -2 -3 -4 5 -6 -7 -8 -9 10 -11 12 13 -14 15 16 17 18 -19 20 -21 22 23 24 -25 26 27 28 -29 30 31 32 -33 34 -35 36 -37 38 39 -40 41 42 43 44 45 46 47 -48 49 50 0
uf50-0822 5017 1 -2 -3 -4 5 -6 -7 -8 -9 10 -11 12 13 -14 15 16 17 18 -19 20 -21 22 23 24 -25 26 27 28 -29 30 31 32 -33 34 -35 36 -37 38 39 -40 41 42 43 44 45 46 47 -48 49 50 0
uf50-0822 5130 1 2 3 -4 -5 -6 -7 8 9 -10 11 -12 13 14 -15 16 17 -18 -19 -20 -21 22 23 24 25 26 -27 -28 -29 30 31 -32 33 34 -35 36 -37 38 39 40 -41 42 43 44 45 46 -47 -48 49 50 0
uf50-0822 5017 1 -2 -3 -4 5 -6 -7 -8 -9 10 -11 12 13 -14 15 16 17 18 -19 20 -21 22 23 24 -25 26 27 28 -29 30 31 32 -33 34 -35 36 -37 38 39 -40 41 42 43 44 45 46 47 -48 49 50 0
uf50-0822 5130 1 2 3 -4 -5 -6 -7 8 9 -10 11 -12 13 14 -15 16 17 -18 -19 -20 -21 22 23 24 25 26 -27 -28 -29 30 31 -32 33 34 -35 36 -37 38 39 40 -41 42 43 44 45 46 -47 -48 49 50 0
uf50-0822 5130 1 2 3 -4 -5 -6 -7 8 9 -10 11 -12 13 14 -15 16 17 -18 -19 -20 -21 22 23 24 25 26 -27 -28 -29 30 31 -32 33 34 -35 36 -37 38 39 40 -41 42 43 44 45 46 -47 -48 49 50 0
uf50-0822 5130 1 2 3 -4 -5 -6 -7 8 9 -10 11 -12 13 14 -15 16 17 -18 -19 -20 -21 22 23 24 25 26 -27 -28 -29 30 31 -32 33 34 -35 36 -37 38 39 40 -41 42 43 44 45 46 -47 -48 49 50 0
uf50-0822 5130 1 2 3 -4 -5 -6 -7 8 9 -10 11 -12 13 14 -15 16 17 -18 -19 -20 -21 22 23 24 25 26 -27 -28 -29 30 31 -32 33 34 -35 36 -37 38 39 40 -41 42 43 44 45 46 -47 -48 49 50 0
uf50-0822 5017 1 -2 -3 -4 5 -6 -7 -8 -9 10 -11 12 13 -14 15 16 17 18 -19 20 -21 22 23 24 -25 26 27 28 -29 30 31 32 -33 34 -35 36 -37 38 39 -40 41 42 43 44 45 46 47 -48 49 50 0
uf50-0822 5130 1 2 3 -4 -5 -6 -7 8 9 -10 11 -12 13 14 -15 16 17 -18 -19 -20 -21 22 23 24 25 26 -27 -28 -29 30 31 -32 33 34 -35 36 -37 38 39 40 -41 42 43 44 45 46 -47 -48 49 50 0
uf50-0822 5130 1 2 3 -4 -5 -6 -7 8 9 -10 11 -12 13 14 -15 16 17 -18 -19 -20 -21 22 23 24 25 26 -27 -28 -29 30 31 -32 33 34 -35 36 -37 38 39 40 -41 42 43 44 45 46 -47 -48 49 50 0
uf50-0822 4932 1 2 3 -4 -5 -6 -7 8 9 -10 11 -12 13 14 -15 16 17 -18 -19 -20 -21 22 23 24 25 26 -27 -28 -29 30 31 -32 33 34 -35 36 -37 38 39 40 -41 42 43 -44 45 46 -47 -48 49 50 0
uf50-0822 5017 1 -2 -3 -4 5 -6 -7 -8 -9 10 -11 12 13 -14 15 16 17 18 -19 20 -21 22 23 24 -25 26 27 28 -29 30 31 32 -33 34 -35 36 -37 38 39 -40 41 42 43 44 45 46 47 -48 49 50 0
uf50-0822 5130 1 2 3 -4 -5 -6 -7 8 9 -10 11 -12 13 14 -15 16 17 -18 -19 -20 -21 22 23 24 25 26 -27 -28 -29 30 31 -32 33 34 -35 36 -37 38 39 40 -41 42 43 44 45 46 -47 -48 49 50 0
uf50-0822 4837 1 -2 -3 -4 5 -6 -7 -8 -9 10 -11 12 13 -14 15 16 17 18 -19 20 -21 22 23 24 -25 26 27 28 -29 30 31 32 -33 34 -35 36 -37 38 39 -40 41 42 43 44 45 46 47 -48 49 -50 0
uf50-0822 5130 1 2 3 -4 -5 -6 -7 8 9 -10 11 -12 13 14 -15 16 17 -18 -19 -20 -21 22 23 24 25 26 -27 -28 -29 30 31 -32 33 34 -35 36 -37 38 39 40 -41 42 43 44 45 46 -47 -48 49 50 0
uf50-0822 5017 1 -2 -3 -4 5 -6 -7 -8 -9 10 -11 12 13 -14 15 16 17 18 -19 20 -21 22 23 24 -25 26 27 28 -29 30 31 32 -33 34 -35 36 -37 38 39 -40 41 42 43 44 45 46 47 -48 49 50 0
uf50-0822 5017 1 -2 -3 -4 5 -6 -7 -8 -9 10 -11 12 13 -14 15 16 17 18 -19 20 -21 22 23 24 -25 26 27 28 -29 30 31 32 -33 34 -35 36 -37 38 39 -40 41 42 43 44 45 46 47 -48 49 50 0
uf50-0822 5130 1 2 3 -4 -5 -6 -7 8 9 -10 11 -12 13 14 -15 16 17 -18 -19 -20 -21 22 23 24 25 26 -27 -28 -29 30 31 -32 33 34 -35 36 -37 38 39 40 -41 42 43 44 45 46 -47 -48 49 50 0
uf50-0822 5017 1 -2 -3 -4 5 -6 -7 -8 -9 10 -11 12 13 -14 15 16 17 18 -19 20 -21 22 23 24 -25 26 27 28 -29 30 31 32 -33 34 -35 36 -37 38 39 -40 41 42 43 44 45 46 47 -48 49 50 0
uf50-0822 5130 1 2 3 -4 -5 -6 -7 8 9 -10 11 -12 13 14 -15 16 17 -18 -19 -20 -21 22 23 24 25 26 -27 -28 -29 30 31 -32 33 34 -35 36 -37 38 39 40 -41 42 43 44 45 46 -47 -48 49 50 0
uf50-0822 4952 1 -2 -3 -4 5 -6 -7 -8 -9 10 -11 12 13 -14 15 16 17 -18 -19 20 -21 22 23 24 -25 26 27 28 -29 30 31 32 -33 34 -35 36 -37 38 39 -40 41 42 43 44 45 46 47 -48 49 50 0
uf50-0822 5130 1 2 3 -4 -5 -6 -7 8 9 -10 11 -12 13 14 -15 16 17 -18 -19 -20 -21 22 23 24 25 26 -27 -28 -29 30 31 -32 33 34 -35 36 -37 38 39 40 -41 42 43 44 45 46 -47 -48 49 50 0
uf50-0822 5017 1 -2 -3 -4 5 -6 -7 -8 -9 10 -11 12 13 -14 15 16 17 18 -19 20 -21 22 23 24 -25 26 27 28 -29 30 31 32 -33 34 -35 36 -37 38 39 -40 41 42 43 44 45 46 47 -48 49 50 0
uf50-0822 5130 1 2 3 -4 -5 -6 -7 8 9 -10 11 -12 13 14 -15 16 17 -18 -19 -20 -21 22 23 24 25 26 -27 -28 -29 30 31 -32 33 34 -35 36 -37 38 39 40 -41 42 43 44 45 46 -47 -48 49 50 0
uf50-0822 5130 1 2 3 -4 -5 -6 -7 8 9 -10 11 -12 13 14 -15 16 17 -18 -19 -20 -21 22 23 24 25 26 -27 -28 -29 30 31 -32 33 34 -35 36 -37 38 39 40 -41 42 43 44 45 46 -47 -48 49 50 0
uf50-0822 5130 1 2 3 -4 -5 -6 -7 8 9 -10 11 -12 13 14 -15 16 17 -18 -19 -20 -21 22 23 24 25 26 -27 -28 -29 30 31 -32 33 34 -35 36 -37 38 39 40 -41 42 43 44 45 46 -47 -48 49 50 0
uf50-0822 5130 1 2 3 -4 -5 -6 -7 8 9 -10 11 -12 13 14 -15 16 17 -18 -19 -20 -21 22 23 24 25 26 -27 -28 -29 30 31 -32 33 34 -35 36 -37 38 39 40 -41 42 43 44 45 46 -47 -48 49 50 0
uf50-0822 5130 1 2 3 -4 -5 -6 -7 8 9 -10 11 -12 13 14 -15 16 17 -18 -19 -20 -21 22 23 24 25 26 -27 -28 -29 30 31 -32 33 34 -35 36 -37 38 39 40 -41 42 43 44 45 46 -47 -48 49 50 0
uf50-0822 5130 1 2 3 -4 -5 -6 -7 8 9 -10 11 -12 13 14 -15 16 17 -18 -19 -20 -21 22 23 24 25 26 -27 -28 -29 30 31 -32 33 34 -35 36 -37 38 39 40 -41 42 43 44 45 46 -47 -48 49 50 0
uf50-0822 5017 1 -2 -3 -4 5 -6 -7 -8 -9 10 -11 12 13 -14 15 16 17 18 -19 20 -21 22 23 24 -25 26 27 28 -29 30 31 32 -33 34 -35 36 -37 38 39 -40 41 42 43 44 45 46 47 -48 49 50 0
uf50-0822 5017 1 -2 -3 -4 5 -6 -7 -8 -9 10 -11 12 13 -14 15 16 17 18 -19 20 -21 22 23 24 -25 26 27 28 -29 30 31 32 -33 34 -35 36 -37 38 39 -40 41 42 43 44 45 46 47 -48 49 50 0
uf50-0822 5130 1 2 3 -4 -5 -6 -7 8 9 -10 11 -12 13 14 -15 16 17 -18 -19 -20 -21 22 23 24 25 26 -27 -28 -29 30 31 -32 33 34 -35 36 -37 38 39 40 -41 42 43 44 45 46 -47 -48 49 50 0
uf50-0822 5130 1 2 3 -4 -5 -6 -7 8 9 -10 11 -12 13 14 -15 16 17 -18 -19 -20 -21 22 23 24 25 26 -27 -28 -29 30 31 -32 33 34 -35 36 -37 38 39 40 -41 42 43 44 45 46 -47 -48 49 50 0
uf50-0822 3638 1 -2 -3 -4 5 -6 -7 -8 -9 10 -11 12 13 -14 15 16 17 -18 -19 20 -21 22 23 24 -25 26 27 -28 -29 30 31 -32 33 34 -35 36 -37 38 -39 -40 41 42 43 44 45 46 -47 -48 49 50 0
uf50-0822 5130 1 2 3 -4 -5 -6 -7 8 9 -10 11 -12 13 14 -15 16 17 -18 -19 -20 -21 22 23 24 25 26 -27 -28 -29 30 31 -32 33 34 -35 36 -37 38 39 40 -41 42 43 44 45 46 -47 -48 49 50 0
uf50-0822 5130 1 2 3 -4 -5 -6 -7 8 9 -10 11 -12 13 14 -15 16 17 -18 -19 -20 -21 22 23 24 25 26 -27 -28 -29 30 31 -32 33 34 -35 36 -37 38 39 40 -41 42 43 44 45 46 -47 -48 49 50 0
uf50-0822 5130 1 2 3 -4 -5 -6 -7 8 9 -10 11 -12 13 14 -15 16 17 -18 -19 -20 -21 22 23 24 25 26 -27 -28 -29 30 31 -32 33 34 -35 36 -37 38 39 40 -41 42 43 44 45 46 -47 -48 49 50 0
uf50-0822 5017 1 -2 -3 -4 5 -6 -7 -8 -9 10 -11 12 13 -14 15 16 17 18 -19 20 -21 22 23 24 -25 26 27 28 -29 30 31 32 -33 34 -35 36 -37 38 39 -40 41 42 43 44 45 46 47 -48 49 50 0
uf50-0822 5130 1 2 3 -4 -5 -6 -7 8 9 -10 11 -12 13 14 -15 16 17 -18 -19 -20 -21 22 23 24 25 26 -27 -28 -29 30 31 -32 33 34 -35 36 -37 38 39 40 -41 42 43 44 45 46 -47 -48 49 50 0
uf50-0822 5130 1 2 3 -4 -5 -6 -7 8 9 -10 11 -12 13 14 -15 16 17 -18 -19 -20 -21 22 23 24 25 26 -27 -28 -29 30 31 -32 33 34 -35 36 -37 38 39 40 -41 42 43 44 45 46 -47 -48 49 50 0
uf50-0822 5130 1 2 3 -4 -5 -6 -7 8 9 -10 11 -12 13 14 -15 16 17 -18 -19 -20 -21 22 23 24 25 26 -27 -28 -29 30 31 -32 33 34 -35 36 -37 38 39 40 -41 42 43 44 45 46 -47 -48 49 50 0
uf50-0822 5130 1 2 3 -4 -5 -6 -7 8 9 -10 11 -12 13 14 -15 16 17 -18 -19 -20 -21 22 23 24 25 26 -27 -28 -29 30 31 -32 33 34 -35 36 -37 38 39 40 -41 42 43 44 45 46 -47 -48 49 50 0
uf50-0822 5130 1 2 3 -4 -5 -6 -7 8 9 -10 11 -12 13 14 -15 16 17 -18 -19 -20 -21 22 23 24 25 26 -27 -28 -29 30 31 -32 33 34 -35 36 -37 38 39 40 -41 42 43 44 45 46 -47 -48 49 50 0
uf50-0822 5130 1 2 3 -4 -5 -6 -7 8 9 -10 11 -12 13 14 -15 16 17 -18 -19 -20 -21 22 23 24 25 26 -27 -28 -29 30 31 -32 33 34 -35 36 -37 38 39 40 -41 42 43 44 45 46 -47 -48 49 50 0
uf50-0822 5130 1 2 3 -4 -5 -6 -7 8 9 -10 11 -12 13 14 -15 16 17 -18 -19 -20 -21 22 23 24 25 26 -27 -28 -29 30 31 -32 33 34 -35 36 -37 38 39 40 -41 42 43 44 45 46 -47 -48 49 50 0
uf50-0822 5130 1 2 3 -4 -5 -6 -7 8 9 -10 11 -12 13 14 -15 16 17 -18 -19 -20 -21 22 23 24 25 26 -27 -28 -29 30 31 -32 33 34 -35 36 -37 38 39 40 -41 42 43 44 45 46 -47 -48 49 50 0
uf50-0822 5130 1 2 3 -4 -5 -6 -7 8 9 -10 11 -12 13 14 -15 16 17 -18 -19 -20 -21 22 23 24 25 26 -27 -28 -29 30 31 -32 33 34 -35 36 -37 38 39 40 -41 42 43 44 45 46 -47 -48 49 50 0
uf50-0822 5017 1 -2 -3 -4 5 -6 -7 -8 -9 10 -11 12 13 -14 15 16 17 18 -19 20 -21 22 23 24 -25 26 27 28 -29 30 31 32 -33 34 -35 36 -37 38 39 -40 41 42 43 44 45 46 47 -48 49 50 0
uf50-0822 5130 1 2 3 -4 -5 -6 -7 8 9 -10 11 -12 13 14 -15 16 17 -18 -19 -20 -21 22 23 24 25 26 -27 -28 -29 30 31 -32 33 34 -35 36 -37 38 39 40 -41 42 43 44 45 46 -47 -48 49 50 0
uf50-0822 5017 1 -2 -3 -4 5 -6 -7 -8 -9 10 -11 12 13 -14 15 16 17 18 -19 20 -21 22 23 24 -25 26 27 28 -29 30 31 32 -33 34 -35 36 -37 38 39 -40 41 42 43 44 45 46 47 -48 49 50 0
uf50-0822 5130 1 2 3 -4 -5 -6 -7 8 9 -10 11 -12 13 14 -15 16 17 -18 -19 -20 -21 22 23 24 25 26 -27 -28 -29 30 31 -32 33 34 -35 36 -37 38 39 40 -41 42 43 44 45 46 -47 -48 49 50 0
uf50-0822 5130 1 2 3 -4 -5 -6 -7 8 9 -10 11 -12 13 14 -15 16 17 -18 -19 -20 -21 22 23 24 25 26 -27 -28 -29 30 31 -32 33 34 -35 36 -37 38 39 40 -41 42 43 44 45 46 -47 -48 49 50 0
uf50-0822 5017 1 -2 -3 -4 5 -6 -7 -8 -9 10 -11 12 13 -14 15 16 17 18 -19 20 -21 22 23 24 -25 26 27 28 -29 30 31 32 -33 34 -35 36 -37 38 39 -40 41 42 43 44 45 46 47 -48 49 50 0
uf50-0822 5130 1 2 3 -4 -5 -6 -7 8 9 -10 11 -12 13 14 -15 16 17 -18 -19 -20 -21 22 23 24 25 26 -27 -28 -29 30 31 -32 33 34 -35 36 -37 38 39 40 -41 42 43 44 45 46 -47 -48 49 50 0
uf50-0822 5130 1 2 3 -4 -5 -6 -7 8 9 -10 11 -12 13 14 -15 16 17 -18 -19 -20 -21 22 23 24 25 26 -27 -28 -29 30 31 -32 33 34 -35 36 -37 38 39 40 -41 42 43 44 45 46 -47 -48 49 50 0
uf50-0822 5017 1 -2 -3 -4 5 -6 -7 -8 -9 10 -11 12 13 -14 15 16 17 18 -19 20 -21 22 23 24 -25 26 27 28 -29 30 31 32 -33 34 -35 36 -37 38 39 -40 41 42 43 44 45 46 47 -48 49 50 0
uf50-0822 5130 1 2 3 -4 -5 -6 -7 8 9 -10 11 -12 13 14 -15 16 17 -18 -19 -20 -21 22 23 24 25 26 -27 -28 -29 30 31 -32 33 34 -35 36 -37 38 39 40 -41 42 43 44 45 46 -47 -48 49 50 0
uf50-0822 5130 1 2 3 -4 -5 -6 -7 8 9 -10 11 -12 13 14 -15 16 17 -18 -19 -20 -21 22 23 24 25 26 -27 -28 -29 30 31 -32 33 34 -35 36 -37 38 39 40 -41 42 43 44 45 46 -47 -48 49 50 0
uf50-0822 5130 1 2 3 -4 -5 -6 -7 8 9 -10 11 -12 13 14 -15 16 17 -18 -19 -20 -21 22 23 24 25 26 -27 -28 -29 30 31 -32 33 34 -35 36 -37 38 39 40 -41 42 43 44 45 46 -47 -48 49 50 0
uf50-0822 4631 1 -2 -3 -4 5 -6 -7 -8 -9 10 -11 12 13 -14 15 16 17 -18 -19 20 -21 22 23 24 -25 26 -27 28 -29 30 31 32 -33 34 -35 36 -37 38 39 -40 41 42 43 44 45 46 47 -48 49 50 0
uf50-0822 5017 1 -2 -3 -4 5 -6 -7 -8 -9 10 -11 12 13 -14 15 16 17 18 -19 20 -21 22 23 24 -25 26 27 28 -29 30 31 32 -33 34 -35 36 -37 38 39 -40 41 42 43 44 45 46 47 -48 49 50 0
uf50-0822 5130 1 2 3 -4 -5 -6 -7 8 9 -10 11 -12 13 14 -15 16 17 -18 -19 -20 -21 22 23 24 25 26 -27 -28 -29 30 31 -32 33 34 -35 36 -37 38 39 40 -41 42 43 44 45 46 -47 -48 49 50 0
uf50-0822 5130 1 2 3 -4 -5 -6 -7 8 9 -10 11 -12 13 14 -15 16 17 -18 -19 -20 -21 22 23 24 25 26 -27 -28 -29 30 31 -32 33 34 -35 36 -37 38 39 40 -41 42 43 44 45 46 -47 -48 49 50 0
uf50-0822 5017 1 -2 3 -4 -5 -6 -7 -8 9 10 -11 -12 -13 -14 15 16 17 -18 -19 -20 -21 22 23 24 25 26 -27 -28 29 30 31 -32 33 -34 35 -36 37 38 39 40 -41 42 43 44 45 46 -47 -48 -49 50 0
uf50-0822 5130 1 2 3 -4 -5 -6 -7 8 9 -10 11 -12 13 14 -15 16 17 -18 -19 -20 -21 22 23 24 25 26 -27 -28 -29 30 31 -32 33 34 -35 36 -37 38 39 40 -41 42 43 44 45 46 -47 -48 49 50 0
uf50-0822 5017 1 -2 -3 -4 5 -6 -7 -8 -9 10 -11 12 13 -14 15 16 17 18 -19 20 -21 22 23 24 -25 26 27 28 -29 30 31 32 -33 34 -35 36 -37 38 39 -40 41 42 43 44 45 46 47 -48 49 50 0
uf50-0822 4952 1 -2 -3 -4 5 -6 -7 -8 -9 10 -11 12 13 -14 15 16 17 -18 -19 20 -21 22 23 24 -25 26 27 28 -29 30 31 32 -33 34 -35 36 -37 38 39 -40 41 42 43 44 45 46 47 -48 49 50 0
uf50-0822 5130 1 2 3 -4 -5 -6 -7 8 9 -10 11 -12 13 14 -15 16 17 -18 -19 -20 -21 22 23 24 25 26 -27 -28 -29 30 31 -32 33 34 -35 36 -37 38 39 40 -41 42 43 44 45 46 -47 -48 49 50 0
uf50-0822 5017 1 -2 -3 -4 5 -6 -7 -8 -9 10 -11 12 13 -14 15 16 17 18 -19 20 -21 22 23 24 -25 26 27 28 -29 30 31 32 -33 34 -35 36 -37 38 39 -40 41 42 43 44 45 46 47 -48 49 50 0
uf50-0822 5130 1 2 3 -4 -5 -6 -7 8 9 -10 11 -12 13 14 -15 16 17 -18 -19 -20 -21 22 23 24 25 26 -27 -28 -29 30 31 -32 33 34 -35 36 -37 38 39 40 -41 42 43 44 45 46 -47 -48 49 50 0
uf50-0822 5130 1 2 3 -4 -5 -6 -7 8 9 -10 11 -12 13 14 -15 16 17 -18 -19 -20 -21 22 23 24 25 26 -27 -28 -29 30 31 -32 33 34 -35 36 -37 38 39 40 -41 42 43 44 45 46 -47 -48 49 50 0
uf50-0822 5017 1 -2 -3 -4 5 -6 -7 -8 -9 10 -11 12 13 -14 15 16 17 18 -19 20 -21 22 23 24 -25 26 27 28 -29 30 31 32 -33 34 -35 36 -37 38 39 -40 41 42 43 44 45 46 47 -48 49 50 0
uf50-0822 5017 1 -2 -3 -4 5 -6 -7 -8 -9 10 -11 12 13 -14 15 16 17 18 -19 20 -21 22 23 24 -25 26 27 28 -29 30 31 32 -33 34 -35 36 -37 38 39 -40 41 42 43 44 45 46 47 -48 49 50 0
