uf50-0599 3685 1 -2 3 4 5 -6 7 -8 9 10 -11 12 13 -14 -15 16 -17 18 -19 20 21 -22 -23 -24 -25 -26 27 28 29 30 -31 -32 33 34 35 -36 37 38 39 -40 -41 -42 43 44 45 46 -47 -48 49 50 0
uf50-0599 3685 1 -2 3 4 5 -6 7 -8 9 10 -11 12 13 -14 -15 16 -17 18 -19 20 21 -22 -23 -24 -25 -26 27 28 29 30 -31 -32 33 34 35 -36 37 38 39 -40 -41 -42 43 44 45 46 -47 -48 49 50 0
uf50-0599 3033 1 -2 3 4 5 -6 7 -8 9 10 -11 -12 13 -14 -15 16 -17 18 -19 20 21 -22 -23 -24 -25 -26 27 28 29 -30 -31 -32 33 34 35 -36 37 38 39 -40 -41 -42 43 44 45 46 -47 -48 49 50 0
uf50-0599 3303 1 -2 3 4 -5 -6 7 -8 9 10 -11 -12 -13 -14 -15 16 -17 18 -19 20 21 22 -23 -24 -25 -26 27 28 29 -30 -31 -32 33 34 35 -36 37 38 39 -40 -41 -42 43 44 45 46 -47 -48 49 50 0
uf50-0599 2707 -1 -2 3 4 5 -6 7 -8 9 10 -11 12 13 14 15 16 -17 18 19 -20 21 -22 -23 24 -25 26 27 28 29 -30 31 32 33 -34 35 -36 -37 38 39 -40 41 -42 -43 -44 45 46 -47 -48 -49 50 0
uf50-0599 2677 1 -2 3 4 5 -6 7 -8 9 10 11 12 13 14 15 16 -17 18 19 -20 21 -22 -23 24 -25 -26 -27 28 29 -30 31 32 33 -34 35 -36 -37 38 39 -40 41 -42 -43 -44 45 46 -47 -48 -49 50 0
uf50-0599 3328 1 -2 3 4 -5 -6 7 -8 9 10 -11 -12 13 -14 -15 16 -17 18 -19 20 21 22 -23 -24 -25 -26 27 28 29 -30 -31 -32 33 34 35 -36 37 38 39 -40 -41 -42 43 44 45 46 -47 -48 49 50 0
uf50-0599 2807 1 -2 3 -4 5 -6 -7 -8 9 10 -11 -12 13 -14 -15 16 -17 -18 -19 20 21 22 -23 -24 -25 -26 27 28 29 -30 -31 -32 33 -34 35 -36 -37 38 39 -40 -41 -42 -43 44 45 -46 47 48 49 50 0
uf50-0599 4857 -1 -2 3 4 -5 6 7 8 9 10 -11 12 13 14 15 16 17 18 19 -20 -21 -22 -23 -24 25 -26 27 28 -29 -30 31 32 -33 -34 35 36 -37 -38 -39 40 41 42 -43 -44 -45 -46 -47 -48 49 50 0
uf50-0599 2707 -1 -2 3 4 5 -6 7 -8 9 10 -11 12 13 14 15 16 -17 18 19 -20 21 -22 -23 24 -25 26 27 28 29 -30 31 32 33 -34 35 -36 -37 38 39 -40 41 -42 -43 -44 45 46 -47 -48 -49 50 0
uf50-0599 2707 -1 -2 3 4 5 -6 7 -8 9 10 -11 12 13 14 15 16 -17 18 19 -20 21 -22 -23 24 -25 26 27 28 29 -30 31 32 33 -34 35 -36 -37 38 39 -40 41 -42 -43 -44 45 46 -47 -48 -49 50 0
uf50-0599 3685 1 -2 3 4 5 -6 7 -8 9 10 -11 12 13 -14 -15 16 -17 18 -19 20 21 -22 -23 -24 -25 -26 27 28 29 30 -31 -32 33 34 35 -36 37 38 39 -40 -41 -42 43 44 45 46 -47 -48 49 50 0
uf50-0599 3685 1 -2 3 4 5 -6 7 -8 9 10 -11 12 13 -14 -15 16 -17 18 -19 20 21 -22 -23 -24 -25 -26 27 28 29 30 -31 -32 33 34 35 -36 37 38 39 -40 -41 -42 43 44 45 46 -47 -48 49 50 0
uf50-0599 3685 1 -2 3 4 5 -6 7 -8 9 10 -11 12 13 -14 -15 16 -17 18 -19 20 21 -22 -23 -24 -25 -26 27 28 29 30 -31 -32 33 34 35 -36 37 38 39 -40 -41 -42 43 44 45 46 -47 -48 49 50 0
uf50-0599 3685 1 -2 3 4 5 -6 7 -8 9 10 -11 12 13 -14 -15 16 -17 18 -19 20 21 -22 -23 -24 -25 -26 27 28 29 30 -31 -32 33 34 35 -36 37 38 39 -40 -41 -42 43 44 45 46 -47 -48 49 50 0
uf50-0599 2995 1 -2 3 -4 5 -6 -7 -8 9 10 -11 -12 13 -14 -15 16 -17 -18 -19 20 21 22 -23 -24 -25 -26 27 28 29 30 31 -32 33 -34 35 -36 -37 38 39 -40 -41 -42 -43 44 45 46 47 -48 49 50 0
uf50-0599 3685 1 -2 3 4 5 -6 7 -8 9 10 -11 12 13 -14 -15 16 -17 18 -19 20 21 -22 -23 -24 -25 -26 27 28 29 30 -31 -32 33 34 35 -36 37 38 39 -40 -41 -42 43 44 45 46 -47 -48 49 50 0
uf50-0599 2707 -1 -2 3 4 5 -6 7 -8 9 10 -11 12 13 14 15 16 -17 18 19 -20 21 -22 -23 24 -25 26 27 28 29 -30 31 32 33 -34 35 -36 -37 38 39 -40 41 -42 -43 -44 45 46 -47 -48 -49 50 0
uf50-0599 2707 -1 -2 3 4 5 -6 7 -8 9 10 -11 12 13 14 15 16 -17 18 19 -20 21 -22 -23 24 -25 26 27 28 29 -30 31 32 33 -34 35 -36 -37 38 39 -40 41 -42 -43 -44 45 46 -47 -48 -49 50 0
uf50-0599 3328 1 -2 3 4 -5 -6 7 -8 9 10 -11 -12 13 -14 -15 16 -17 18 -19 20 21 22 -23 -24 -25 -26 27 28 29 -30 -31 -32 33 34 35 -36 37 38 39 -40 -41 -42 43 44 45 46 -47 -48 49 50 0
uf50-0599 2707 -1 -2 3 4 5 -6 7 -8 9 10 -11 12 13 14 15 16 -17 18 19 -20 21 -22 -23 24 -25 26 27 28 29 -30 31 32 33 -34 35 -36 -37 38 39 -40 41 -42 -43 -44 45 46 -47 -48 -49 50 0
uf50-0599 2707 -1 -2 3 4 5 -6 7 -8 9 10 -11 12 13 14 15 16 -17 18 19 -20 21 -22 -23 24 -25 26 27 28 29 -30 31 32 33 -34 35 -36 -37 38 39 -40 41 -42 -43 -44 45 46 -47 -48 -49 50 0
uf50-0599 2707 -1 -2 3 4 5 -6 7 -8 9 10 -11 12 13 14 15 16 -17 18 19 -20 21 -22 -23 24 -25 26 27 28 29 -30 31 32 33 -34 35 -36 -37 38 39 -40 41 -42 -43 -44 45 46 -47 -48 -49 50 0
uf50-0599 3685 1 -2 3 4 5 -6 7 -8 9 10 -11 12 13 -14 -15 16 -17 18 -19 20 21 -22 -23 -24 -25 -26 27 28 29 30 -31 -32 33 34 35 -36 37 38 39 -40 -41 -42 43 44 45 46 -47 -48 49 50 0
uf50-0599 2995 1 -2 3 -4 5 -6 -7 -8 9 10 -11 -12 13 -14 -15 16 -17 -18 -19 20 21 22 -23 -24 -25 -26 27 28 29 -30 31 -32 33 -34 35 -36 -37 38 39 -40 -41 -42 -43 44 45 46 47 48 49 50 0
uf50-0599 2707 -1 -2 3 4 5 -6 7 -8 9 10 -11 12 13 14 15 16 -17 18 19 -20 21 -22 -23 24 -25 26 27 28 29 -30 31 32 33 -34 35 -36 -37 38 39 -40 41 -42 -43 -44 45 46 -47 -48 -49 50 0
uf50-0599 3685 1 -2 3 4 5 -6 7 -8 9 10 -11 12 13 -14 -15 16 -17 18 -19 20 21 -22 -23 -24 -25 -26 27 28 29 30 -31 -32 33 34 35 -36 37 38 39 -40 -41 -42 43 44 45 46 -47 -48 49 50 0
uf50-0599 3685 1 -2 3 4 5 -6 7 -8 9 10 -11 12 13 -14 -15 16 -17 18 -19 20 21 -22 -23 -24 -25 -26 27 28 29 30 -31 -32 33 34 35 -36 37 38 39 -40 -41 -42 43 44 45 46 -47 -48 49 50 0
uf50-0599 4857 -1 -2 3 4 -5 6 7 8 9 10 -11 12 13 14 15 16 17 18 19 -20 -21 -22 -23 -24 25 -26 27 28 -29 -30 31 32 -33 -34 35 36 -37 -38 -39 40 41 42 -43 -44 -45 -46 -47 -48 49 50 0
uf50-0599 4444 -1 -2 3 4 -5 6 7 8 9 10 -11 12 13 14 15 16 17 18 19 -20 -21 -22 -23 -24 25 -26 27 28 -29 -30 31 32 -33 -34 35 -36 -37 -38 -39 40 41 42 -43 -44 -45 -46 -47 -48 49 50 0
uf50-0599 2707 -1 -2 3 4 5 -6 7 -8 9 10 -11 12 13 14 15 16 -17 18 19 -20 21 -22 -23 24 -25 26 27 28 29 -30 31 32 33 -34 35 -36 -37 38 39 -40 41 -42 -43 -44 45 46 -47 -48 -49 50 0
uf50-0599 4299 -1 -2 3 4 -5 6 7 8 9 10 -11 12 13 14 15 16 17 18 19 -20 -21 -22 -23 -24 25 -26 27 28 -29 -30 -31 32 -33 -34 35 -36 -37 -38 -39 40 41 42 -43 -44 -45 -46 -47 -48 49 50 0
uf50-0599 2707 -1 -2 3 4 5 -6 7 -8 9 10 -11 12 13 14 15 16 -17 18 19 -20 21 -22 -23 24 -25 26 27 28 29 -30 31 32 33 -34 35 -36 -37 38 39 -40 41 -42 -43 -44 45 46 -47 -48 -49 50 0
uf50-0599 2895 1 -2 3 4 5 -6 7 -8 9 10 -11 12 13 -14 -15 16 -17 18 -19 20 21 -22 -23 -24 -25 -26 27 28 29 -30 -31 -32 33 34 35 -36 -37 38 39 -40 -41 -42 43 44 45 46 -47 -48 49 50 0
uf50-0599 2707 -1 -2 3 4 5 -6 7 -8 9 10 -11 12 13 14 15 16 -17 18 19 -20 21 -22 -23 24 -25 26 27 28 29 -30 31 32 33 -34 35 -36 -37 38 39 -40 41 -42 -43 -44 45 46 -47 -48 -49 50 0
uf50-0599 3685 1 -2 3 4 5 -6 7 -8 9 10 -11 12 13 -14 -15 16 -17 18 -19 20 21 -22 -23 -24 -25 -26 27 28 29 30 -31 -32 33 34 35 -36 37 38 39 -40 -41 -42 43 44 45 46 -47 -48 49 50 0
uf50-0599 2995 1 -2 3 -4 5 -6 -7 -8 9 10 -11 -12 13 -14 -15 16 -17 -18 -19 20 21 22 -23 -24 -25 -26 27 28 29 -30 31 -32 33 -34 35 -36 -37 38 39 -40 -41 -42 -43 44 45 46 47 48 49 50 0
uf50-0599 4436 -1 -2 3 4 -5 6 7 8 9 10 -11 12 13 14 15 16 -17 18 19 -20 -21 22 -23 -24 -25 -26 27 28 -29 -30 31 32 -33 -34 35 36 -37 -38 39 40 41 42 -43 -44 -45 -46 -47 -48 49 50 0
uf50-0599 2677 1 -2 3 4 5 -6 7 -8 9 10 11 12 13 14 15 16 -17 18 19 -20 21 -22 -23 24 -25 -26 -27 28 29 -30 31 32 33 -34 35 -36 -37 38 39 -40 41 -42 -43 -44 45 46 -47 -48 -49 50 0
uf50-0599 4023 -1 -2 3 4 -5 6 7 8 9 10 -11 12 13 14 15 16 -17 18 19 -20 -21 22 -23 -24 -25 -26 27 28 -29 -30 31 32 -33 -34 35 -36 -37 -38 39 40 41 42 -43 -44 -45 -46 -47 -48 49 50 0
uf50-0599 4023 -1 -2 3 4 -5 6 7 8 9 10 -11 12 13 14 15 16 -17 18 19 -20 -21 22 -23 -24 -25 -26 27 28 -29 -30 31 32 -33 -34 35 -36 -37 -38 39 40 41 42 -43 -44 -45 -46 -47 -48 49 50 0
uf50-0599 2707 -1 -2 3 4 5 -6 7 -8 9 10 -11 12 13 14 15 16 -17 18 19 -20 21 -22 -23 24 -25 26 27 28 29 -30 31 32 33 -34 35 -36 -37 38 39 -40 41 -42 -43 -44 45 46 -47 -48 -49 50 0
uf50-0599 4857 -1 -2 3 4 -5 6 7 8 9 10 -11 12 13 14 15 16 17 18 19 -20 -21 -22 -23 -24 25 -26 27 28 -29 -30 31 32 -33 -34 35 36 -37 -38 -39 40 41 42 -43 -44 -45 -46 -47 -48 49 50 0
uf50-0599 2942 1 -2 3 4 -5 -6 7 -8 9 10 -11 -12 13 -14 -15 16 -17 18 -19 20 21 22 -23 -24 -25 -26 27 28 29 -30 -31 -32 33 34 35 -36 -37 38 39 -40 -41 -42 43 44 45 46 -47 -48 49 50 0
uf50-0599 2707 -1 -2 3 4 5 -6 7 -8 9 10 -11 12 13 14 15 16 -17 18 19 -20 21 -22 -23 24 -25 26 27 28 29 -30 31 32 33 -34 35 -36 -37 38 39 -40 41 -42 -43 -44 45 46 -47 -48 -49 50 0
uf50-0599 2707 -1 -2 3 4 5 -6 7 -8 9 10 -11 12 13 14 15 16 -17 18 19 -20 21 -22 -23 24 -25 26 27 28 29 -30 31 32 33 -34 35 -36 -37 38 39 -40 41 -42 -43 -44 45 46 -47 -48 -49 50 0
uf50-0599 3685 1 -2 3 4 5 -6 7 -8 9 10 -11 12 13 -14 -15 16 -17 18 -19 20 21 -22 -23 -24 -25 -26 27 28 29 30 -31 -32 33 34 35 -36 37 38 39 -40 -41 -42 43 44 45 46 -47 -48 49 50 0
uf50-0599 3883 -1 -2 3 4 -5 6 7 8 9 10 -11 12 13 14 15 16 -17 18 19 -20 -21 -22 -23 -24 25 -26 27 28 -29 -30 -31 32 -33 -34 35 -36 -37 -38 -39 40 41 42 -43 -44 -45 -46 -47 -48 49 50 0
uf50-0599 3279 1 -2 3 4 -5 -6 7 -8 9 10 -11 -12 13 -14 -15 16 -17 18 -19 20 21 22 -23 -24 -25 -26 27 28 29 -30 -31 -32 33 34 -35 -36 37 38 39 -40 -41 -42 43 44 45 46 -47 -48 49 50 0
uf50-0599 2707 -1 -2 3 4 5 -6 7 -8 9 10 -11 12 13 14 15 16 -17 18 19 -20 21 -22 -23 24 -25 26 27 28 29 -30 31 32 33 -34 35 -36 -37 38 39 -40 41 -42 -43 -44 45 46 -47 -48 -49 50 0
uf50-0599 3328 1 -2 3 4 -5 -6 7 -8 9 10 -11 -12 13 -14 -15 16 -17 18 -19 20 21 22 -23 -24 -25 -26 27 28 29 -30 -31 -32 33 34 35 -36 37 38 39 -40 -41 -42 43 44 45 46 -47 -48 49 50 0
uf50-0599 3685 1 -2 3 4 5 -6 7 -8 9 10 -11 12 13 -14 -15 16 -17 18 -19 20 21 -22 -23 -24 -25 -26 27 28 29 30 -31 -32 33 34 35 -36 37 38 39 -40 -41 -42 43 44 45 46 -47 -48 49 50 0
uf50-0599 3279 1 -2 3 4 -5 -6 7 -8 9 10 -11 -12 13 -14 -15 16 -17 18 -19 20 21 22 -23 -24 -25 -26 27 28 29 -30 -31 -32 33 34 -35 -36 37 38 39 -40 -41 -42 43 44 45 46 -47 -48 49 50 0
uf50-0599 4299 -1 -2 3 4 -5 6 7 8 9 10 -11 12 13 14 15 16 17 18 19 -20 -21 -22 -23 -24 25 -26 27 28 -29 -30 -31 32 -33 -34 35 -36 -37 -38 -39 40 41 42 -43 -44 -45 -46 -47 -48 49 50 0
uf50-0599 3685 1 -2 3 4 5 -6 7 -8 9 10 -11 12 13 -14 -15 16 -17 18 -19 20 21 -22 -23 -24 -25 -26 27 28 29 30 -31 -32 33 34 35 -36 37 38 39 -40 -41 -42 43 44 45 46 -47 -48 49 50 0
uf50-0599 3328 1 -2 3 4 -5 -6 7 -8 9 10 -11 -12 13 -14 -15 16 -17 18 -19 20 21 22 -23 -24 -25 -26 27 28 29 -30 -31 -32 33 34 35 -36 37 38 39 -40 -41 -42 43 44 45 46 -47 -48 49 50 0
uf50-0599 2677 1 -2 3 4 5 -6 7 -8 9 10 11 12 13 14 15 16 -17 18 19 -20 21 -22 -23 24 -25 -26 -27 28 29 -30 31 32 33 -34 35 -36 -37 38 39 -40 41 -42 -43 -44 45 46 -47 -48 -49 50 0
uf50-0599 3685 1 -2 3 4 5 -6 7 -8 9 10 -11 12 13 -14 -15 16 -17 18 -19 20 21 -22 -23 -24 -25 -26 27 28 29 30 -31 -32 33 34 35 -36 37 38 39 -40 -41 -42 43 44 45 46 -47 -48 49 50 0
uf50-0599 3033 1 -2 3 4 5 -6 7 -8 9 10 -11 -12 13 -14 -15 16 -17 18 -19 20 21 -22 -23 -24 -25 -26 27 28 29 -30 -31 -32 33 34 35 -36 37 38 39 -40 -41 -42 43 44 45 46 -47 -48 49 50 0
uf50-0599 4444 -1 -2 3 4 -5 6 7 8 9 10 -11 12 13 14 15 16 17 18 19 -20 -21 -22 -23 -24 25 -26 27 28 -29 -30 31 32 -33 -34 35 -36 -37 -38 -39 40 41 42 -43 -44 -45 -46 -47 -48 49 50 0
uf50-0599 2707 -1 -2 3 4 5 -6 7 -8 9 10 -11 12 13 14 15 16 -17 18 19 -20 21 -22 -23 24 -25 26 27 28 29 -30 31 32 33 -34 35 -36 -37 38 39 -40 41 -42 -43 -44 45 46 -47 -48 -49 50 0
uf50-0599 2707 -1 -2 3 4 5 -6 7 -8 9 10 -11 12 13 14 15 16 -17 18 19 -20 21 -22 -23 24 -25 26 27 28 29 -30 31 32 33 -34 35 -36 -37 38 39 -40 41 -42 -43 -44 45 46 -47 -48 -49 50 0
uf50-0599 3328 1 -2 3 4 -5 -6 7 -8 9 10 -11 -12 13 -14 -15 16 -17 18 -19 20 21 22 -23 -24 -25 -26 27 28 29 -30 -31 -32 33 34 35 -36 37 38 39 -40 -41 -42 43 44 45 46 -47 -48 49 50 0
uf50-0599 2942 1 -2 3 4 -5 -6 7 -8 9 10 -11 -12 13 -14 -15 16 -17 18 -19 20 21 22 -23 -24 -25 -26 27 28 29 -30 -31 -32 33 34 35 -36 -37 38 39 -40 -41 -42 43 44 45 46 -47 -48 49 50 0
uf50-0599 2995 1 -2 3 -4 5 -6 -7 -8 9 10 -11 -12 13 -14 -15 16 -17 -18 -19 20 21 22 -23 -24 -25 -26 27 28 29 -30 31 -32 33 -34 35 -36 -37 38 39 -40 -41 -42 -43 44 45 46 47 48 49 50 0
uf50-0599 3279 1 -2 3 4 -5 -6 7 -8 9 10 -11 -12 13 -14 -15 16 -17 18 -19 20 21 22 -23 -24 -25 -26 27 28 29 -30 -31 -32 33 34 -35 -36 37 38 39 -40 -41 -42 43 44 45 46 -47 -48 49 50 0
uf50-0599 2995 1 -2 3 -4 5 -6 -7 -8 9 10 -11 -12 13 -14 -15 16 -17 -18 -19 20 21 22 -23 -24 -25 -26 27 28 29 -30 31 -32 33 -34 35 -36 -37 38 39 -40 -41 -42 -43 44 45 46 47 48 49 50 0
uf50-0599 2995 1 -2 3 -4 5 -6 -7 -8 9 10 -11 -12 13 -14 -15 16 -17 -18 -19 20 21 22 -23 -24 -25 -26 27 28 29 -30 31 -32 33 -34 35 -36 -37 38 39 -40 -41 -42 -43 44 45 46 47 48 49 50 0
uf50-0599 2677 1 -2 3 4 5 -6 7 -8 9 10 11 12 13 14 15 16 -17 18 19 -20 21 -22 -23 24 -25 -26 -27 28 29 -30 31 32 33 -34 35 -36 -37 38 39 -40 41 -42 -43 -44 45 46 -47 -48 -49 50 0
uf50-0599 3033 1 -2 3 4 5 -6 7 -8 9 10 -11 -12 13 -14 -15 16 -17 18 -19 20 21 -22 -23 -24 -25 -26 27 28 29 -30 -31 -32 33 34 35 -36 37 38 39 -40 -41 -42 43 44 45 46 -47 -48 49 50 0
uf50-0599 2707 -1 -2 3 4 5 -6 7 -8 9 10 -11 12 13 14 15 16 -17 18 19 -20 21 -22 -23 24 -25 26 27 28 29 -30 31 32 33 -34 35 -36 -37 38 39 -40 41 -42 -43 -44 45 46 -47 -48 -49 50 0
uf50-0599 2677 1 -2 3 4 5 -6 7 -8 9 10 11 12 13 14 15 16 -17 18 19 -20 21 -22 -23 24 -25 -26 -27 28 29 -30 31 32 33 -34 35 -36 -37 38 39 -40 41 -42 -43 -44 45 46 -47 -48 -49 50 0
uf50-0599 2556 1 -2 3 4 5 -6 7 -8 9 10 11 12 13 14 15 16 -17 18 19 -20 21 -22 -23 24 -25 -26 -27 28 29 -30 31 32 33 -34 35 -36 -37 38 39 -40 41 -42 -43 -44 45 46 -47 -48 -49 -50 0
uf50-0599 2707 -1 -2 3 4 5 -6 7 -8 9 10 -11 12 13 14 15 16 -17 18 19 -20 21 -22 -23 24 -25 26 27 28 29 -30 31 32 33 -34 35 -36 -37 38 39 -40 41 -42 -43 -44 45 46 -47 -48 -49 50 0
uf50-0599 2707 -1 -2 3 4 5 -6 7 -8 9 10 -11 12 13 14 15 16 -17 18 19 -20 21 -22 -23 24 -25 26 27 28 29 -30 31 32 33 -34 35 -36 -37 38 39 -40 41 -42 -43 -44 45 46 -47 -48 -49 50 0
uf50-0599 3883 -1 -2 3 4 -5 6 7 8 9 10 -11 12 13 14 15 16 -17 18 19 -20 -21 -22 -23 -24 25 -26 27 28 -29 -30 -31 32 -33 -34 35 -36 -37 -38 -39 40 41 42 -43 -44 -45 -46 -47 -48 49 50 0
uf50-0599 2895 1 -2 3 4 5 -6 7 -8 9 10 -11 12 13 -14 -15 16 -17 18 -19 20 21 -22 -23 -24 -25 -26 27 28 29 -30 -31 -32 33 34 35 -36 -37 38 39 -40 -41 -42 43 44 45 46 -47 -48 49 50 0
uf50-0599 2942 1 -2 3 4 -5 -6 7 -8 9 10 -11 -12 13 -14 -15 16 -17 18 -19 20 21 22 -23 -24 -25 -26 27 28 29 -30 -31 -32 33 34 35 -36 -37 38 39 -40 -41 -42 43 44 45 46 -47 -48 49 50 0
uf50-0599 4857 -1 -2 3 4 -5 6 7 8 9 10 -11 12 13 14 15 16 17 18 19 -20 -21 -22 -23 -24 25 -26 27 28 -29 -30 31 32 -33 -34 35 36 -37 -38 -39 40 41 42 -43 -44 -45 -46 -47 -48 49 50 0
uf50-0599 3254 1 -2 3 4 -5 -6 7 -8 9 10 -11 -12 -13 -14 -15 16 -17 18 -19 20 21 22 -23 -24 -25 -26 27 28 29 -30 -31 -32 33 34 -35 -36 37 38 39 -40 -41 -42 43 44 45 46 -47 -48 49 50 0
uf50-0599 2995 1 -2 3 -4 5 -6 -7 -8 9 10 -11 -12 13 -14 -15 16 -17 -18 -19 20 21 22 -23 -24 -25 -26 27 28 29 -30 31 -32 33 -34 35 -36 -37 38 39 -40 -41 -42 -43 44 45 46 47 48 49 50 0
uf50-0599 2598 1 -2 3 4 5 -6 7 -8 9 10 11 12 13 14 15 16 -17 18 19 -20 21 -22 -23 24 -25 -26 -27 28 29 -30 31 32 -33 -34 35 -36 -37 38 39 -40 41 -42 -43 -44 45 46 -47 -48 -49 50 0
uf50-0599 2984 1 -2 3 4 5 -6 7 -8 9 10 -11 -12 13 -14 -15 16 -17 18 -19 20 21 -22 -23 -24 -25 -26 27 28 29 -30 -31 -32 33 34 -35 -36 37 38 39 -40 -41 -42 43 44 45 46 -47 -48 49 50 0
uf50-0599 3328 1 -2 3 4 -5 -6 7 -8 9 10 -11 -12 13 -14 -15 16 -17 18 -19 20 21 22 -23 -24 -25 -26 27 28 29 -30 -31 -32 33 34 35 -36 37 38 39 -40 -41 -42 43 44 45 46 -47 -48 49 50 0
uf50-0599 4023 -1 -2 3 4 -5 6 7 8 9 10 -11 12 13 14 15 16 -17 18 19 -20 -21 22 -23 -24 -25 -26 27 28 -29 -30 31 32 -33 -34 35 -36 -37 -38 39 40 41 42 -43 -44 -45 -46 -47 -48 49 50 0
uf50-0599 2707 -1 -2 3 4 5 -6 7 -8 9 10 -11 12 13 14 15 16 -17 18 19 -20 21 -22 -23 24 -25 26 27 28 29 -30 31 32 33 -34 35 -36 -37 38 39 -40 41 -42 -43 -44 45 46 -47 -48 -49 50 0
uf50-0599 2707 -1 -2 3 4 5 -6 7 -8 9 10 -11 12 13 14 15 16 -17 18 19 -20 21 -22 -23 24 -25 26 27 28 29 -30 31 32 33 -34 35 -36 -37 38 39 -40 41 -42 -43 -44 45 46 -47 -48 -49 50 0
uf50-0599 4857 -1 -2 3 4 -5 6 7 8 9 10 -11 12 13 14 15 16 17 18 19 -20 -21 -22 -23 -24 25 -26 27 28 -29 -30 31 32 -33 -34 35 36 -37 -38 -39 40 41 42 -43 -44 -45 -46 -47 -48 49 50 0
uf50-0599 4857 -1 -2 3 4 -5 6 7 8 9 10 -11 12 13 14 15 16 17 18 19 -20 -21 -22 -23 -24 25 -26 27 28 -29 -30 31 32 -33 -34 35 36 -37 -38 -39 40 41 42 -43 -44 -45 -46 -47 -48 49 50 0
uf50-0599 2707 -1 -2 3 4 5 -6 7 -8 9 10 -11 12 13 14 15 16 -17 18 19 -20 21 -22 -23 24 -25 26 27 28 29 -30 31 32 33 -34 35 -36 -37 38 39 -40 41 -42 -43 -44 45 46 -47 -48 -49 50 0
uf50-0599 2707 -1 -2 3 4 5 -6 7 -8 9 10 -11 12 13 14 15 16 -17 18 19 -20 21 -22 -23 24 -25 26 27 28 29 -30 31 32 33 -34 35 -36 -37 38 39 -40 41 -42 -43 -44 45 46 -47 -48 -49 50 0
uf50-0599 3685 1 -2 3 4 5 -6 7 -8 9 10 -11 12 13 -14 -15 16 -17 18 -19 20 21 -22 -23 -24 -25 -26 27 28 29 30 -31 -32 33 34 35 -36 37 38 39 -40 -41 -42 43 44 45 46 -47 -48 49 50 0
uf50-0599 3303 1 -2 3 4 -5 -6 7 -8 9 10 -11 -12 -13 -14 -15 16 -17 18 -19 20 21 22 -23 -24 -25 -26 27 28 29 -30 -31 -32 33 34 35 -36 37 38 39 -40 -41 -42 43 44 45 46 -47 -48 49 50 0
uf50-0599 3299 1 -2 3 4 5 -6 7 -8 9 10 -11 12 13 -14 -15 16 -17 18 -19 20 21 -22 -23 -24 -25 -26 27 28 29 30 -31 -32 33 34 35 -36 -37 38 39 -40 -41 -42 43 44 45 46 -47 -48 49 50 0
uf50-0599 2707 -1 -2 3 4 5 -6 7 -8 9 10 -11 12 13 14 15 16 -17 18 19 -20 21 -22 -23 24 -25 26 27 28 29 -30 31 32 33 -34 35 -36 -37 38 39 -40 41 -42 -43 -44 45 46 -47 -48 -49 50 0
uf50-0599 2707 -1 -2 3 4 5 -6 7 -8 9 10 -11 12 13 14 15 16 -17 18 19 -20 21 -22 -23 24 -25 26 27 28 29 -30 31 32 33 -34 35 -36 -37 38 39 -40 41 -42 -43 -44 45 46 -47 -48 -49 50 0
uf50-0599 2707 -1 -2 3 4 5 -6 7 -8 9 10 -11 12 13 14 15 16 -17 18 19 -20 21 -22 -23 24 -25 26 27 28 29 -30 31 32 33 -34 35 -36 -37 38 39 -40 41 -42 -43 -44 45 46 -47 -48 -49 50 0
uf50-0599 3685 1 -2 3 4 5 -6 7 -8 9 10 -11 12 13 -14 -15 16 -17 18 -19 20 21 -22 -23 -24 -25 -26 27 28 29 30 -31 -32 33 34 35 -36 37 38 39 -40 -41 -42 43 44 45 46 -47 -48 49 50 0
uf50-0599 2707 -1 -2 3 4 5 -6 7 -8 9 10 -11 12 13 14 15 16 -17 18 19 -20 21 -22 -23 24 -25 26 27 28 29 -30 31 32 33 -34 35 -36 -37 38 39 -40 41 -42 -43 -44 45 46 -47 -48 -49 50 0
uf50-0599 3685 1 -2 3 4 5 -6 7 -8 9 10 -11 12 13 -14 -15 16 -17 18 -19 20 21 -22 -23 -24 -25 -26 27 28 29 30 -31 -32 33 34 35 -36 37 38 39 -40 -41 -42 43 44 45 46 -47 -48 49 50 0
