uf50-0779 2840 -1 2 -3 4 5 6 7 8 9 10 11 12 13 14 15 -16 -17 18 -19 20 21 -22 -23 24 -25 26 -27 -28 -29 30 31 -32 -33 34 -35 36 -37 38 -39 40 -41 42 -43 44 45 46 -47 48 -49 -50 0
uf50-0779 2244 1 2 -3 4 -5 6 7 8 9 -10 11 -12 13 -14 15 -16 17 18 -19 20 21 22 -23 24 -25 26 -27 -28 -29 30 31 -32 -33 34 -35 36 -37 38 -39 40 -41 42 43 44 45 46 -47 48 49 -50 0
uf50-0779 2840 -1 2 -3 4 5 6 7 8 9 10 11 12 13 14 15 -16 -17 18 -19 20 21 -22 -23 24 -25 26 -27 -28 -29 30 31 -32 -33 34 -35 36 -37 38 -39 40 -41 42 -43 44 45 46 -47 48 -49 -50 0
uf50-0779 2840 -1 2 -3 4 5 6 7 8 9 10 11 12 13 14 15 -16 -17 18 -19 20 21 -22 -23 24 -25 26 -27 -28 -29 30 31 -32 -33 34 -35 36 -37 38 -39 40 -41 42 -43 44 45 46 -47 48 -49 -50 0
uf50-0779 2420 -1 2 -3 4 5 6 7 8 9 10 11 12 13 14 15 -16 -17 18 -19 20 21 -22 -23 24 -25 26 -27 -28 -29 30 31 -32 -33 34 -35 -36 37 -38 -39 40 -41 42 -43 44 45 46 -47 48 -49 -50 0
uf50-0779 2466 -1 2 -3 4 5 6 7 8 9 10 11 12 13 14 15 -16 -17 18 -19 20 21 -22 -23 24 -25 26 -27 -28 -29 30 31 -32 -33 34 -35 -36 -37 38 -39 40 -41 42 -43 44 45 46 -47 48 -49 -50 0
uf50-0779 2609 -1 2 -3 4 5 6 7 8 9 10 11 12 13 14 15 -16 -17 18 -19 20 21 -22 -23 24 -25 26 -27 -28 -29 30 31 -32 -33 34 -35 -36 37 38 -39 40 -41 42 -43 44 45 46 -47 48 -49 -50 0
uf50-0779 2420 -1 2 -3 4 5 6 7 8 9 10 11 12 13 14 15 -16 -17 18 -19 20 21 -22 -23 24 -25 26 -27 -28 -29 30 31 -32 -33 34 -35 -36 37 -38 -39 40 -41 42 -43 44 45 46 -47 48 -49 -50 0
uf50-0779 2651 -1 2 -3 4 5 6 7 8 9 10 11 12 13 14 15 -16 -17 18 -19 20 21 -22 -23 24 -25 26 -27 -28 -29 30 31 -32 -33 34 -35 36 -37 -38 -39 40 -41 42 -43 44 45 46 -47 48 -49 -50 0
uf50-0779 2340 1 2 -3 4 5 6 7 8 9 10 11 -12 13 -14 -15 -16 -17 18 -19 20 21 22 -23 24 -25 -26 -27 -28 -29 30 31 -32 -33 34 -35 -36 37 38 -39 40 -41 42 -43 44 45 46 -47 48 49 -50 0
uf50-0779 2840 -1 2 -3 4 5 6 7 8 9 10 11 12 13 14 15 -16 -17 18 -19 20 21 -22 -23 24 -25 26 -27 -28 -29 30 31 -32 -33 34 -35 36 -37 38 -39 40 -41 42 -43 44 45 46 -47 48 -49 -50 0
uf50-0779 2840 -1 2 -3 4 5 6 7 8 9 10 11 12 13 14 15 -16 -17 18 -19 20 21 -22 -23 24 -25 26 -27 -28 -29 30 31 -32 -33 34 -35 36 -37 38 -39 40 -41 42 -43 44 45 46 -47 48 -49 -50 0
uf50-0779 2651 -1 2 -3 4 5 6 7 8 9 10 11 12 13 14 15 -16 -17 18 -19 20 21 -22 -23 24 -25 26 -27 -28 -29 30 31 -32 -33 34 -35 36 -37 -38 -39 40 -41 42 -43 44 45 46 -47 48 -49 -50 0
uf50-0779 2840 -1 2 -3 4 5 6 7 8 9 10 11 12 13 14 15 -16 -17 18 -19 20 21 -22 -23 24 -25 26 -27 -28 -29 30 31 -32 -33 34 -35 36 -37 38 -39 40 -41 42 -43 44 45 46 -47 48 -49 -50 0
uf50-0779 2840 -1 2 -3 4 5 6 7 8 9 10 11 12 13 14 15 -16 -17 18 -19 20 21 -22 -23 24 -25 26 -27 -28 -29 30 31 -32 -33 34 -35 36 -37 38 -39 40 -41 42 -43 44 45 46 -47 48 -49 -50 0
uf50-0779 2610 -1 2 -3 4 5 6 7 8 9 10 11 12 -13 14 15 -16 -17 18 -19 20 21 -22 -23 24 -25 26 -27 -28 -29 30 31 -32 -33 34 -35 36 -37 38 -39 40 -41 42 -43 44 45 46 -47 48 -49 -50 0
uf50-0779 2840 -1 2 -3 4 5 6 7 8 9 10 11 12 13 14 15 -16 -17 18 -19 20 21 -22 -23 24 -25 26 -27 -28 -29 30 31 -32 -33 34 -35 36 -37 38 -39 40 -41 42 -43 44 45 46 -47 48 -49 -50 0
uf50-0779 2840 -1 2 -3 4 5 6 7 8 9 10 11 12 13 14 15 -16 -17 18 -19 20 21 -22 -23 24 -25 26 -27 -28 -29 30 31 -32 -33 34 -35 36 -37 38 -39 40 -41 42 -43 44 45 46 -47 48 -49 -50 0
uf50-0779 2466 -1 2 -3 4 5 6 7 8 9 10 11 12 13 14 15 -16 -17 18 -19 20 21 -22 -23 24 -25 26 -27 -28 -29 30 31 -32 -33 34 -35 -36 -37 38 -39 40 -41 42 -43 44 45 46 -47 48 -49 -50 0
uf50-0779 2840 -1 2 -3 4 5 6 7 8 9 10 11 12 13 14 15 -16 -17 18 -19 20 21 -22 -23 24 -25 26 -27 -28 -29 30 31 -32 -33 34 -35 36 -37 38 -39 40 -41 42 -43 44 45 46 -47 48 -49 -50 0
uf50-0779 2840 -1 2 -3 4 5 6 7 8 9 10 11 12 13 14 15 -16 -17 18 -19 20 21 -22 -23 24 -25 26 -27 -28 -29 30 31 -32 -33 34 -35 36 -37 38 -39 40 -41 42 -43 44 45 46 -47 48 -49 -50 0
uf50-0779 2840 -1 2 -3 4 5 6 7 8 9 10 11 12 13 14 15 -16 -17 18 -19 20 21 -22 -23 24 -25 26 -27 -28 -29 30 31 -32 -33 34 -35 36 -37 38 -39 40 -41 42 -43 44 45 46 -47 48 -49 -50 0
uf50-0779 2840 -1 2 -3 4 5 6 7 8 9 10 11 12 13 14 15 -16 -17 18 -19 20 21 -22 -23 24 -25 26 -27 -28 -29 30 31 -32 -33 34 -35 36 -37 38 -39 40 -41 42 -43 44 45 46 -47 48 -49 -50 0
uf50-0779 2840 -1 2 -3 4 5 6 7 8 9 10 11 12 13 14 15 -16 -17 18 -19 20 21 -22 -23 24 -25 26 -27 -28 -29 30 31 -32 -33 34 -35 36 -37 38 -39 40 -41 42 -43 44 45 46 -47 48 -49 -50 0
uf50-0779 2420 -1 2 -3 4 5 6 7 8 9 10 11 12 13 14 15 -16 -17 18 -19 20 21 -22 -23 24 -25 26 -27 -28 -29 30 31 -32 -33 34 -35 -36 37 -38 -39 40 -41 42 -43 44 45 46 -47 48 -49 -50 0
uf50-0779 2840 -1 2 -3 4 5 6 7 8 9 10 11 12 13 14 15 -16 -17 18 -19 20 21 -22 -23 24 -25 26 -27 -28 -29 30 31 -32 -33 34 -35 36 -37 38 -39 40 -41 42 -43 44 45 46 -47 48 -49 -50 0
uf50-0779 2840 -1 2 -3 4 5 6 7 8 9 10 11 12 13 14 15 -16 -17 18 -19 20 21 -22 -23 24 -25 26 -27 -28 -29 30 31 -32 -33 34 -35 36 -37 38 -39 40 -41 42 -43 44 45 46 -47 48 -49 -50 0
uf50-0779 2840 -1 2 -3 4 5 6 7 8 9 10 11 12 13 14 15 -16 -17 18 -19 20 21 -22 -23 24 -25 26 -27 -28 -29 30 31 -32 -33 34 -35 36 -37 38 -39 40 -41 42 -43 44 45 46 -47 48 -49 -50 0
uf50-0779 2840 -1 2 -3 4 5 6 7 8 9 10 11 12 13 14 15 -16 -17 18 -19 20 21 -22 -23 24 -25 26 -27 -28 -29 30 31 -32 -33 34 -35 36 -37 38 -39 40 -41 42 -43 44 45 46 -47 48 -49 -50 0
uf50-0779 2840 -1 2 -3 4 5 6 7 8 9 10 11 12 13 14 15 -16 -17 18 -19 20 21 -22 -23 24 -25 26 -27 -28 -29 30 31 -32 -33 34 -35 36 -37 38 -39 40 -41 42 -43 44 45 46 -47 48 -49 -50 0
uf50-0779 2840 -1 2 -3 4 5 6 7 8 9 10 11 12 13 14 15 -16 -17 18 -19 20 21 -22 -23 24 -25 26 -27 -28 -29 30 31 -32 -33 34 -35 36 -37 38 -39 40 -41 42 -43 44 45 46 -47 48 -49 -50 0
uf50-0779 2840 -1 2 -3 4 5 6 7 8 9 10 11 12 13 14 15 -16 -17 18 -19 20 21 -22 -23 24 -25 26 -27 -28 -29 30 31 -32 -33 34 -35 36 -37 38 -39 40 -41 42 -43 44 45 46 -47 48 -49 -50 0
uf50-0779 2466 -1 2 -3 4 5 6 7 8 9 10 11 12 13 14 15 -16 -17 18 -19 20 21 -22 -23 24 -25 26 -27 -28 -29 30 31 -32 -33 34 -35 -36 -37 38 -39 40 -41 42 -43 44 45 46 -47 48 -49 -50 0
uf50-0779 2840 -1 2 -3 4 5 6 7 8 9 10 11 12 13 14 15 -16 -17 18 -19 20 21 -22 -23 24 -25 26 -27 -28 -29 30 31 -32 -33 34 -35 36 -37 38 -39 40 -41 42 -43 44 45 46 -47 48 -49 -50 0
uf50-0779 2840 -1 2 -3 4 5 6 7 8 9 10 11 12 13 14 15 -16 -17 18 -19 20 21 -22 -23 24 -25 26 -27 -28 -29 30 31 -32 -33 34 -35 36 -37 38 -39 40 -41 42 -43 44 45 46 -47 48 -49 -50 0
uf50-0779 2840 -1 2 -3 4 5 6 7 8 9 10 11 12 13 14 15 -16 -17 18 -19 20 21 -22 -23 24 -25 26 -27 -28 -29 30 31 -32 -33 34 -35 36 -37 38 -39 40 -41 42 -43 44 45 46 -47 48 -49 -50 0
uf50-0779 2840 -1 2 -3 4 5 6 7 8 9 10 11 12 13 14 15 -16 -17 18 -19 20 21 -22 -23 24 -25 26 -27 -28 -29 30 31 -32 -33 34 -35 36 -37 38 -39 40 -41 42 -43 44 45 46 -47 48 -49 -50 0
uf50-0779 2840 -1 2 -3 4 5 6 7 8 9 10 11 12 13 14 15 -16 -17 18 -19 20 21 -22 -23 24 -25 26 -27 -28 -29 30 31 -32 -33 34 -35 36 -37 38 -39 40 -41 42 -43 44 45 46 -47 48 -49 -50 0
uf50-0779 2609 -1 2 -3 4 5 6 7 8 9 10 11 12 13 14 15 -16 -17 18 -19 20 21 -22 -23 24 -25 26 -27 -28 -29 30 31 -32 -33 34 -35 -36 37 38 -39 40 -41 42 -43 44 45 46 -47 48 -49 -50 0
uf50-0779 2840 -1 2 -3 4 5 6 7 8 9 10 11 12 13 14 15 -16 -17 18 -19 20 21 -22 -23 24 -25 26 -27 -28 -29 30 31 -32 -33 34 -35 36 -37 38 -39 40 -41 42 -43 44 45 46 -47 48 -49 -50 0
uf50-0779 2840 -1 2 -3 4 5 6 7 8 9 10 11 12 13 14 15 -16 -17 18 -19 20 21 -22 -23 24 -25 26 -27 -28 -29 30 31 -32 -33 34 -35 36 -37 38 -39 40 -41 42 -43 44 45 46 -47 48 -49 -50 0
uf50-0779 2244 1 2 -3 4 -5 6 7 8 9 -10 11 -12 13 -14 15 -16 17 18 -19 20 21 22 -23 24 -25 26 -27 -28 -29 30 31 -32 -33 34 -35 36 -37 38 -39 40 -41 42 43 44 45 46 -47 48 49 -50 0
uf50-0779 2840 -1 2 -3 4 5 6 7 8 9 10 11 12 13 14 15 -16 -17 18 -19 20 21 -22 -23 24 -25 26 -27 -28 -29 30 31 -32 -33 34 -35 36 -37 38 -39 40 -41 42 -43 44 45 46 -47 48 -49 -50 0
uf50-0779 2420 -1 2 -3 4 5 6 7 8 9 10 11 12 13 14 15 -16 -17 18 -19 20 21 -22 -23 24 -25 26 -27 -28 -29 30 31 -32 -33 34 -35 -36 37 -38 -39 40 -41 42 -43 44 45 46 -47 48 -49 -50 0
uf50-0779 2840 -1 2 -3 4 5 6 7 8 9 10 11 12 13 14 15 -16 -17 18 -19 20 21 -22 -23 24 -25 26 -27 -28 -29 30 31 -32 -33 34 -35 36 -37 38 -39 40 -41 42 -43 44 45 46 -47 48 -49 -50 0
uf50-0779 2340 1 2 -3 4 5 6 7 8 9 10 11 -12 13 -14 -15 -16 -17 18 -19 20 21 22 -23 24 -25 -26 -27 -28 -29 30 31 -32 -33 34 -35 -36 37 38 -39 40 -41 42 -43 44 45 46 -47 48 49 -50 0
uf50-0779 2420 -1 2 -3 4 5 6 7 8 9 10 11 12 13 14 15 -16 -17 18 -19 20 21 -22 -23 24 -25 26 -27 -28 -29 30 31 -32 -33 34 -35 -36 37 -38 -39 40 -41 42 -43 44 45 46 -47 48 -49 -50 0
uf50-0779 2244 1 2 -3 4 -5 6 7 8 9 -10 11 -12 13 -14 15 -16 17 18 -19 20 21 22 -23 24 -25 26 -27 -28 -29 30 31 -32 -33 34 -35 36 -37 38 -39 40 -41 42 43 44 45 46 -47 48 49 -50 0
uf50-0779 2651 -1 2 -3 4 5 6 7 8 9 10 11 12 13 14 15 -16 -17 18 -19 20 21 -22 -23 24 -25 26 -27 -28 -29 30 31 -32 -33 34 -35 36 -37 -38 -39 40 -41 42 -43 44 45 46 -47 48 -49 -50 0
uf50-0779 2840 -1 2 -3 4 5 6 7 8 9 10 11 12 13 14 15 -16 -17 18 -19 20 21 -22 -23 24 -25 26 -27 -28 -29 30 31 -32 -33 34 -35 36 -37 38 -39 40 -41 42 -43 44 45 46 -47 48 -49 -50 0
uf50-0779 2840 -1 2 -3 4 5 6 7 8 9 10 11 12 13 14 15 -16 -17 18 -19 20 21 -22 -23 24 -25 26 -27 -28 -29 30 31 -32 -33 34 -35 36 -37 38 -39 40 -41 42 -43 44 45 46 -47 48 -49 -50 0
uf50-0779 2420 -1 2 -3 4 5 6 7 8 9 10 11 12 13 14 15 -16 -17 18 -19 20 21 -22 -23 24 -25 26 -27 -28 -29 30 31 -32 -33 34 -35 -36 37 -38 -39 40 -41 42 -43 44 45 46 -47 48 -49 -50 0
uf50-0779 2840 -1 2 -3 4 5 6 7 8 9 10 11 12 13 14 15 -16 -17 18 -19 20 21 -22 -23 24 -25 26 -27 -28 -29 30 31 -32 -33 34 -35 36 -37 38 -39 40 -41 42 -43 44 45 46 -47 48 -49 -50 0
uf50-0779 2394 -1 2 -3 4 5 6 7 8 9 10 11 12 13 14 15 -16 -17 18 -19 20 21 -22 -23 24 -25 -26 -27 -28 -29 30 31 -32 -33 34 -35 -36 37 38 -39 40 -41 42 -43 44 45 46 -47 48 -49 -50 0
uf50-0779 2840 -1 2 -3 4 5 6 7 8 9 10 11 12 13 14 15 -16 -17 18 -19 20 21 -22 -23 24 -25 26 -27 -28 -29 30 31 -32 -33 34 -35 36 -37 38 -39 40 -41 42 -43 44 45 46 -47 48 -49 -50 0
uf50-0779 2840 -1 2 -3 4 5 6 7 8 9 10 11 12 13 14 15 -16 -17 18 -19 20 21 -22 -23 24 -25 26 -27 -28 -29 30 31 -32 -33 34 -35 36 -37 38 -39 40 -41 42 -43 44 45 46 -47 48 -49 -50 0
uf50-0779 2840 -1 2 -3 4 5 6 7 8 9 10 11 12 13 14 15 -16 -17 18 -19 20 21 -22 -23 24 -25 26 -27 -28 -29 30 31 -32 -33 34 -35 36 -37 38 -39 40 -41 42 -43 44 45 46 -47 48 -49 -50 0
uf50-0779 2420 -1 2 -3 4 5 6 7 8 9 10 11 12 13 14 15 -16 -17 18 -19 20 21 -22 -23 24 -25 26 -27 -28 -29 30 31 -32 -33 34 -35 -36 37 -38 -39 40 -41 42 -43 44 45 46 -47 48 -49 -50 0
uf50-0779 2840 -1 2 -3 4 5 6 7 8 9 10 11 12 13 14 15 -16 -17 18 -19 20 21 -22 -23 24 -25 26 -27 -28 -29 30 31 -32 -33 34 -35 36 -37 38 -39 40 -41 42 -43 44 45 46 -47 48 -49 -50 0
uf50-0779 2340 1 2 -3 4 5 6 7 8 9 10 11 -12 13 -14 -15 -16 -17 18 -19 20 21 22 -23 24 -25 -26 -27 -28 -29 30 31 -32 -33 34 -35 -36 37 38 -39 40 -41 42 -43 44 45 46 -47 48 49 -50 0
uf50-0779 2840 -1 2 -3 4 5 6 7 8 9 10 11 12 13 14 15 -16 -17 18 -19 20 21 -22 -23 24 -25 26 -27 -28 -29 30 31 -32 -33 34 -35 36 -37 38 -39 40 -41 42 -43 44 45 46 -47 48 -49 -50 0
uf50-0779 2840 -1 2 -3 4 5 6 7 8 9 10 11 12 13 14 15 -16 -17 18 -19 20 21 -22 -23 24 -25 26 -27 -28 -29 30 31 -32 -33 34 -35 36 -37 38 -39 40 -41 42 -43 44 45 46 -47 48 -49 -50 0
uf50-0779 2651 -1 2 -3 4 5 6 7 8 9 10 11 12 13 14 15 -16 -17 18 -19 20 21 -22 -23 24 -25 26 -27 -28 -29 30 31 -32 -33 34 -35 36 -37 -38 -39 40 -41 42 -43 44 45 46 -47 48 -49 -50 0
uf50-0779 2840 -1 2 -3 4 5 6 7 8 9 10 11 12 13 14 15 -16 -17 18 -19 20 21 -22 -23 24 -25 26 -27 -28 -29 30 31 -32 -33 34 -35 36 -37 38 -39 40 -41 42 -43 44 45 46 -47 48 -49 -50 0
uf50-0779 2840 -1 2 -3 4 5 6 7 8 9 10 11 12 13 14 15 -16 -17 18 -19 20 21 -22 -23 24 -25 26 -27 -28 -29 30 31 -32 -33 34 -35 36 -37 38 -39 40 -41 42 -43 44 45 46 -47 48 -49 -50 0
uf50-0779 2420 -1 2 -3 4 5 6 7 8 9 10 11 12 13 14 15 -16 -17 18 -19 20 21 -22 -23 24 -25 26 -27 -28 -29 30 31 -32 -33 34 -35 -36 37 -38 -39 40 -41 42 -43 44 45 46 -47 48 -49 -50 0
uf50-0779 2244 1 2 -3 4 -5 6 7 8 9 -10 11 -12 13 -14 15 -16 17 18 -19 20 21 22 -23 24 -25 26 -27 -28 -29 30 31 -32 -33 34 -35 36 -37 38 -39 40 -41 42 43 44 45 46 -47 48 49 -50 0
uf50-0779 2840 -1 2 -3 4 5 6 7 8 9 10 11 12 13 14 15 -16 -17 18 -19 20 21 -22 -23 24 -25 26 -27 -28 -29 30 31 -32 -33 34 -35 36 -37 38 -39 40 -41 42 -43 44 45 46 -47 48 -49 -50 0
uf50-0779 2840 -1 2 -3 4 5 6 7 8 9 10 11 12 13 14 15 -16 -17 18 -19 20 21 -22 -23 24 -25 26 -27 -28 -29 30 31 -32 -33 34 -35 36 -37 38 -39 40 -41 42 -43 44 45 46 -47 48 -49 -50 0
uf50-0779 2340 1 2 -3 4 5 6 7 8 9 10 11 -12 13 -14 -15 -16 -17 18 -19 20 21 22 -23 24 -25 -26 -27 -28 -29 30 31 -32 -33 34 -35 -36 37 38 -39 40 -41 42 -43 44 45 46 -47 48 49 -50 0
uf50-0779 2340 1 2 -3 4 5 6 7 8 9 10 11 -12 13 -14 -15 -16 -17 18 -19 20 21 22 -23 24 -25 -26 -27 -28 -29 30 31 -32 -33 34 -35 -36 37 38 -39 40 -41 42 -43 44 45 46 -47 48 49 -50 0
uf50-0779 2609 -1 2 -3 4 5 6 7 8 9 10 11 12 13 14 15 -16 -17 18 -19 20 21 -22 -23 24 -25 26 -27 -28 -29 30 31 -32 -33 34 -35 -36 37 38 -39 40 -41 42 -43 44 45 46 -47 48 -49 -50 0
uf50-0779 2340 1 2 -3 4 5 6 7 8 9 10 11 -12 13 -14 -15 -16 -17 18 -19 20 21 22 -23 24 -25 -26 -27 -28 -29 30 31 -32 -33 34 -35 -36 37 38 -39 40 -41 42 -43 44 45 46 -47 48 49 -50 0
uf50-0779 2840 -1 2 -3 4 5 6 7 8 9 10 11 12 13 14 15 -16 -17 18 -19 20 21 -22 -23 24 -25 26 -27 -28 -29 30 31 -32 -33 34 -35 36 -37 38 -39 40 -41 42 -43 44 45 46 -47 48 -49 -50 0
uf50-0779 2651 -1 2 -3 4 5 6 7 8 9 10 11 12 13 14 15 -16 -17 18 -19 20 21 -22 -23 24 -25 26 -27 -28 -29 30 31 -32 -33 34 -35 36 -37 -38 -39 40 -41 42 -43 44 45 46 -47 48 -49 -50 0
uf50-0779 2244 1 2 -3 4 -5 6 7 8 9 -10 11 -12 13 -14 15 -16 17 18 -19 20 21 22 -23 24 -25 26 -27 -28 -29 30 31 -32 -33 34 -35 36 -37 38 -39 40 -41 42 43 44 45 46 -47 48 49 -50 0
uf50-0779 2285 -1 2 -3 4 5 6 7 8 9 -10 11 12 -13 14 15 -16 -17 18 -19 20 21 -22 -23 24 -25 26 -27 -28 -29 30 31 -32 -33 34 -35 36 -37 38 -39 40 -41 42 43 44 45 46 -47 48 -49 -50 0
uf50-0779 2651 -1 2 -3 4 5 6 7 8 9 10 11 12 13 14 15 -16 -17 18 -19 20 21 -22 -23 24 -25 26 -27 -28 -29 30 31 -32 -33 34 -35 36 -37 -38 -39 40 -41 42 -43 44 45 46 -47 48 -49 -50 0
uf50-0779 2840 -1 2 -3 4 5 6 7 8 9 10 11 12 13 14 15 -16 -17 18 -19 20 21 -22 -23 24 -25 26 -27 -28 -29 30 31 -32 -33 34 -35 36 -37 38 -39 40 -41 42 -43 44 45 46 -47 48 -49 -50 0
uf50-0779 2840 -1 2 -3 4 5 6 7 8 9 10 11 12 13 14 15 -16 -17 18 -19 20 21 -22 -23 24 -25 26 -27 -28 -29 30 31 -32 -33 34 -35 36 -37 38 -39 40 -41 42 -43 44 45 46 -47 48 -49 -50 0
uf50-0779 2840 -1 2 -3 4 5 6 7 8 9 10 11 12 13 14 15 -16 -17 18 -19 20 21 -22 -23 24 -25 26 -27 -28 -29 30 31 -32 -33 34 -35 36 -37 38 -39 40 -41 42 -43 44 45 46 -47 48 -49 -50 0
uf50-0779 2340 1 2 -3 4 5 6 7 8 9 10 11 -12 13 -14 -15 -16 -17 18 -19 20 21 22 -23 24 -25 -26 -27 -28 -29 30 31 -32 -33 34 -35 -36 37 38 -39 40 -41 42 -43 44 45 46 -47 48 49 -50 0
uf50-0779 2651 -1 2 -3 4 5 6 7 8 9 10 11 12 13 14 15 -16 -17 18 -19 20 21 -22 -23 24 -25 26 -27 -28 -29 30 31 -32 -33 34 -35 36 -37 -38 -39 40 -41 42 -43 44 45 46 -47 48 -49 -50 0
uf50-0779 2840 -1 2 -3 4 5 6 7 8 9 10 11 12 13 14 15 -16 -17 18 -19 20 21 -22 -23 24 -25 26 -27 -28 -29 30 31 -32 -33 34 -35 36 -37 38 -39 40 -41 42 -43 44 45 46 -47 48 -49 -50 0
uf50-0779 2840 -1 2 -3 4 5 6 7 8 9 10 11 12 13 14 15 -16 -17 18 -19 20 21 -22 -23 24 -25 26 -27 -28 -29 30 31 -32 -33 34 -35 36 -37 38 -39 40 -41 42 -43 44 45 46 -47 48 -49 -50 0
uf50-0779 2340 1 2 -3 4 5 6 7 8 9 10 11 -12 13 -14 -15 -16 -17 18 -19 20 21 22 -23 24 -25 -26 -27 -28 -29 30 31 -32 -33 34 -35 -36 37 38 -39 40 -41 42 -43 44 45 46 -47 48 49 -50 0
uf50-0779 2277 -1 2 -3 4 5 6 7 8 9 10 11 12 13 14 15 -16 -17 18 -19 20 21 -22 -23 24 -25 26 -27 -28 -29 30 31 -32 -33 34 -35 -36 -37 -38 -39 40 -41 42 -43 44 45 46 -47 48 -49 -50 0
uf50-0779 2840 -1 2 -3 4 5 6 7 8 9 10 11 12 13 14 15 -16 -17 18 -19 20 21 -22 -23 24 -25 26 -27 -28 -29 30 31 -32 -33 34 -35 36 -37 38 -39 40 -41 42 -43 44 45 46 -47 48 -49 -50 0
uf50-0779 2277 -1 2 -3 4 5 6 7 8 9 10 11 12 13 14 15 -16 -17 18 -19 20 21 -22 -23 24 -25 26 -27 -28 -29 30 31 -32 -33 34 -35 -36 -37 -38 -39 40 -41 42 -43 44 45 46 -47 48 -49 -50 0
uf50-0779 2420 -1 2 -3 4 5 6 7 8 9 10 11 12 13 14 15 -16 -17 18 -19 20 21 -22 -23 24 -25 26 -27 -28 -29 30 31 -32 -33 34 -35 -36 37 -38 -39 40 -41 42 -43 44 45 46 -47 48 -49 -50 0
uf50-0779 2840 -1 2 -3 4 5 6 7 8 9 10 11 12 13 14 15 -16 -17 18 -19 20 21 -22 -23 24 -25 26 -27 -28 -29 30 31 -32 -33 34 -35 36 -37 38 -39 40 -41 42 -43 44 45 46 -47 48 -49 -50 0
uf50-0779 2610 -1 2 -3 4 5 6 7 8 9 10 11 12 -13 14 15 -16 -17 18 -19 20 21 -22 -23 24 -25 26 -27 -28 -29 30 31 -32 -33 34 -35 36 -37 38 -39 40 -41 42 -43 44 45 46 -47 48 -49 -50 0
uf50-0779 2840 -1 2 -3 4 5 6 7 8 9 10 11 12 13 14 15 -16 -17 18 -19 20 21 -22 -23 24 -25 26 -27 -28 -29 30 31 -32 -33 34 -35 36 -37 38 -39 40 -41 42 -43 44 45 46 -47 48 -49 -50 0
uf50-0779 2840 -1 2 -3 4 5 6 7 8 9 10 11 12 13 14 15 -16 -17 18 -19 20 21 -22 -23 24 -25 26 -27 -28 -29 30 31 -32 -33 34 -35 36 -37 38 -39 40 -41 42 -43 44 45 46 -47 48 -49 -50 0
uf50-0779 2466 -1 2 -3 4 5 6 7 8 9 10 11 12 13 14 15 -16 -17 18 -19 20 21 -22 -23 24 -25 26 -27 -28 -29 30 31 -32 -33 34 -35 -36 -37 38 -39 40 -41 42 -43 44 45 46 -47 48 -49 -50 0
uf50-0779 2840 -1 2 -3 4 5 6 7 8 9 10 11 12 13 14 15 -16 -17 18 -19 20 21 -22 -23 24 -25 26 -27 -28 -29 30 31 -32 -33 34 -35 36 -37 38 -39 40 -41 42 -43 44 45 46 -47 48 -49 -50 0
uf50-0779 2609 -1 2 -3 4 5 6 7 8 9 10 11 12 13 14 15 -16 -17 18 -19 20 21 -22 -23 24 -25 26 -27 -28 -29 30 31 -32 -33 34 -35 -36 37 38 -39 40 -41 42 -43 44 45 46 -47 48 -49 -50 0
uf50-0779 2609 -1 2 -3 4 5 6 7 8 9 10 11 12 13 14 15 -16 -17 18 -19 20 21 -22 -23 24 -25 26 -27 -28 -29 30 31 -32 -33 34 -35 -36 37 38 -39 40 -41 42 -43 44 45 46 -47 48 -49 -50 0
uf50-0779 2840 -1 2 -3 4 5 6 7 8 9 10 11 12 13 14 15 -16 -17 18 -19 20 21 -22 -23 24 -25 26 -27 -28 -29 30 31 -32 -33 34 -35 36 -37 38 -39 40 -41 42 -43 44 45 46 -47 48 -49 -50 0
uf50-0779 2840 -1 2 -3 4 5 6 7 8 9 10 11 12 13 14 15 -16 -17 18 -19 20 21 -22 -23 24 -25 26 -27 -28 -29 30 31 -32 -33 34 -35 36 -37 38 -39 40 -41 42 -43 44 45 46 -47 48 -49 -50 0
