uf50-0472 99834 1 -2 -3 -4 5 6 7 8 -9 10 -11 12 -13 -14 15 -16 17 -18 19 -20 21 -22 23 -24 25 -26 -27 28 29 -30 31 32 -33 -34 -35 -36 37 -38 -39 -40 41 42 43 44 45 -46 47 48 -49 -50 0
uf50-0472 104630 1 2 -3 -4 5 -6 7 8 -9 10 -11 12 -13 -14 15 -16 -17 18 -19 20 21 22 23 -24 25 -26 -27 28 29 -30 31 32 -33 -34 -35 -36 37 -38 -39 -40 41 42 43 44 45 46 47 -48 -49 -50 0
uf50-0472 97120 1 -2 -3 -4 5 -6 7 8 -9 10 -11 12 -13 -14 15 -16 17 18 -19 20 21 -22 23 -24 -25 -26 -27 28 29 30 31 32 -33 -34 -35 -36 37 -38 -39 -40 41 42 43 44 -45 -46 -47 -48 -49 -50 0
uf50-0472 217 0
uf50-0472 96929 1 -2 -3 -4 5 6 7 8 -9 10 -11 12 -13 -14 15 -16 17 -18 19 -20 21 -22 23 -24 25 -26 -27 28 29 -30 31 32 -33 -34 -35 -36 37 -38 -39 -40 41 42 43 44 -45 -46 47 48 -49 -50 0
uf50-0472 217 0
uf50-0472 217 0
uf50-0472 217 0
uf50-0472 217 0
uf50-0472 111029 1 2 -3 -4 5 6 7 8 -9 10 11 12 -13 -14 15 -16 17 18 -19 20 21 22 23 -24 25 -26 -27 28 29 -30 31 32 -33 -34 -35 -36 37 -38 39 -40 41 42 -43 44 45 -46 47 48 -49 -50 0
uf50-0472 107104 1 2 -3 -4 5 6 7 8 -9 10 -11 12 -13 -14 15 -16 17 -18 -19 20 21 22 23 -24 25 -26 -27 28 29 -30 31 32 -33 -34 -35 -36 37 -38 39 -40 41 42 -43 44 -45 46 47 48 -49 -50 0
uf50-0472 94877 1 -2 -3 -4 5 -6 7 8 -9 10 -11 12 -13 -14 15 -16 17 -18 -19 20 21 -22 23 -24 -25 -26 -27 28 29 -30 31 32 -33 -34 -35 36 37 38 -39 -40 41 42 43 44 -45 -46 -47 -48 -49 -50 0
uf50-0472 217 0
uf50-0472 113021 1 2 -3 -4 5 6 7 8 -9 10 11 12 -13 -14 15 -16 17 18 -19 20 21 22 23 -24 25 -26 -27 28 29 -30 31 32 -33 -34 -35 -36 37 -38 -39 -40 41 42 43 44 45 46 47 48 -49 -50 0
uf50-0472 217 0
uf50-0472 95265 1 -2 -3 -4 5 6 7 8 -9 10 -11 12 -13 -14 15 -16 17 18 19 -20 21 -22 -23 -24 25 -26 -27 28 29 -30 31 32 -33 -34 -35 -36 37 -38 39 40 41 42 -43 44 -45 -46 47 48 -49 -50 0
uf50-0472 111195 1 2 -3 -4 5 6 7 8 -9 10 11 12 -13 -14 15 -16 17 18 -19 20 21 22 23 -24 25 -26 -27 28 29 -30 31 32 -33 -34 -35 -36 37 -38 -39 -40 41 42 -43 44 45 46 47 48 -49 -50 0
uf50-0472 105735 1 2 -3 -4 5 -6 7 8 -9 10 11 12 -13 -14 15 -16 17 -18 -19 20 21 22 23 -24 -25 -26 -27 28 29 30 31 32 -33 -34 -35 -36 37 38 -39 -40 41 42 43 44 45 -46 -47 -48 -49 -50 0
uf50-0472 217 0
uf50-0472 111753 1 2 -3 -4 5 -6 7 8 -9 10 11 12 -13 -14 15 -16 17 18 -19 20 21 22 23 -24 25 -26 -27 28 29 -30 31 32 -33 -34 -35 -36 37 -38 -39 -40 41 42 43 44 45 46 47 48 -49 -50 0
uf50-0472 100811 1 -2 -3 -4 5 -6 7 8 -9 10 -11 12 -13 -14 15 -16 17 18 -19 20 21 -22 -23 -24 -25 -26 -27 28 29 30 31 32 -33 -34 -35 -36 37 -38 -39 -40 41 42 43 44 45 46 47 -48 -49 -50 0
uf50-0472 97747 1 -2 -3 -4 5 6 7 8 -9 10 -11 12 -13 -14 15 -16 17 -18 19 -20 21 -22 -23 -24 25 -26 -27 28 29 -30 31 32 -33 -34 -35 -36 37 -38 39 -40 41 42 -43 44 45 46 47 48 -49 -50 0
uf50-0472 102847 1 -2 -3 -4 5 6 7 8 -9 10 -11 12 -13 -14 15 -16 17 -18 -19 20 21 -22 23 -24 25 -26 -27 28 29 -30 31 32 -33 -34 -35 -36 37 -38 -39 -40 41 42 43 44 45 -46 47 48 -49 -50 0
uf50-0472 216 0
uf50-0472 217 0
uf50-0472 105015 1 2 -3 -4 5 -6 7 8 -9 10 -11 12 -13 -14 15 -16 17 18 -19 20 21 22 23 -24 25 -26 -27 28 29 30 31 32 -33 -34 -35 36 37 -38 39 -40 41 42 -43 44 -45 -46 -47 -48 -49 -50 0
uf50-0472 217 0
uf50-0472 100157 1 -2 -3 4 5 -6 7 8 -9 10 -11 12 13 -14 15 -16 17 18 -19 -20 21 -22 23 -24 25 -26 -27 28 29 30 31 32 -33 -34 -35 -36 37 -38 -39 -40 41 42 43 44 -45 46 47 -48 49 -50 0
uf50-0472 217 0
uf50-0472 72991 1 -2 3 -4 -5 6 7 8 -9 10 -11 12 13 -14 15 -16 17 18 19 -20 -21 -22 23 -24 25 -26 -27 28 -29 -30 31 -32 -33 -34 -35 -36 37 -38 39 -40 41 42 43 -44 -45 -46 -47 48 49 50 0
uf50-0472 104286 1 2 -3 4 5 -6 7 8 -9 10 -11 12 13 -14 15 -16 17 -18 -19 -20 21 -22 23 -24 25 -26 -27 28 29 30 31 32 -33 -34 -35 -36 37 -38 -39 -40 41 42 43 44 45 46 47 -48 49 -50 0
uf50-0472 217 0
uf50-0472 100014 1 2 -3 -4 5 -6 7 8 -9 10 -11 12 -13 -14 15 -16 17 -18 -19 -20 21 22 23 -24 -25 -26 -27 28 29 30 31 32 -33 -34 -35 -36 37 -38 39 -40 41 42 -43 44 45 -46 -47 -48 -49 -50 0
uf50-0472 217 0
uf50-0472 104597 1 -2 -3 -4 5 6 7 8 -9 10 -11 12 -13 -14 15 -16 17 -18 -19 20 21 -22 23 -24 25 -26 -27 28 29 -30 31 32 -33 -34 -35 -36 37 -38 -39 -40 41 42 43 44 45 46 47 48 -49 -50 0
uf50-0472 216 0
uf50-0472 217 0
uf50-0472 217 0
uf50-0472 104432 1 2 -3 -4 5 6 7 8 -9 10 -11 12 -13 -14 15 -16 17 -18 -19 20 21 22 -23 -24 -25 -26 -27 28 29 -30 31 32 -33 -34 -35 -36 37 38 -39 -40 41 42 43 44 45 -46 47 48 -49 -50 0
uf50-0472 217 0
uf50-0472 217 0
uf50-0472 111511 1 2 -3 -4 5 -6 7 8 -9 10 11 12 -13 -14 15 -16 17 18 -19 20 21 22 23 -24 25 -26 -27 28 29 -30 31 32 -33 -34 -35 -36 37 -38 39 -40 41 42 -43 44 45 46 47 48 -49 -50 0
uf50-0472 106576 1 2 -3 4 5 -6 7 8 -9 10 11 12 -13 -14 15 -16 17 18 -19 -20 21 22 23 -24 25 -26 -27 28 29 30 31 32 -33 -34 -35 -36 37 -38 -39 -40 41 42 43 44 -45 46 47 -48 49 -50 0
uf50-0472 217 0
uf50-0472 217 0
uf50-0472 217 0
uf50-0472 217 0
uf50-0472 216 0
uf50-0472 102250 1 2 -3 -4 5 -6 7 8 -9 10 -11 12 -13 -14 15 -16 17 -18 -19 20 21 22 23 -24 25 -26 -27 28 29 30 31 32 -33 -34 -35 -36 37 -38 39 -40 41 42 -43 44 -45 -46 -47 -48 -49 -50 0
uf50-0472 99457 1 -2 -3 -4 5 6 7 8 -9 10 -11 12 -13 -14 15 -16 17 -18 -19 20 21 -22 23 -24 -25 -26 -27 28 29 -30 31 32 33 -34 -35 -36 37 38 39 -40 41 42 -43 44 -45 -46 47 48 -49 -50 0
uf50-0799 216 0
uf50-0799 217 0
uf50-0799 215 0
uf50-0799 216 0
uf50-0799 217 0
uf50-0799 217 0
uf50-0799 216 0
uf50-0799 215 0
uf50-0799 215 0
uf50-0799 216 0
uf50-0799 217 0
uf50-0799 216 0
uf50-0799 216 0
uf50-0799 216 0
uf50-0799 216 0
uf50-0799 216 0
uf50-0799 215 0
uf50-0799 215 0
uf50-0799 217 0
uf50-0799 216 0
uf50-0799 215 0
uf50-0799 217 0
uf50-0799 216 0
uf50-0799 215 0
uf50-0799 216 0
uf50-0799 216 0
uf50-0799 216 0
uf50-0799 216 0
uf50-0799 216 0
uf50-0799 217 0
uf50-0799 216 0
uf50-0799 217 0
uf50-0799 216 0
uf50-0799 217 0
uf50-0799 216 0
uf50-0799 217 0
uf50-0799 217 0
uf50-0799 215 0
uf50-0799 216 0
uf50-0799 216 0
uf50-0799 216 0
uf50-0799 216 0
uf50-0799 216 0
uf50-0799 217 0
uf50-0799 216 0
uf50-0799 216 0
uf50-0799 216 0
uf50-0799 216 0
uf50-0799 216 0
uf50-0799 217 0
uf50-0863 215 0
uf50-0863 215 0
uf50-0863 214 0
uf50-0863 216 0
uf50-0863 214 0
uf50-0863 215 0
uf50-0863 217 0
uf50-0863 217 0
uf50-0863 214 0
uf50-0863 217 0
uf50-0863 216 0
uf50-0863 215 0
uf50-0863 217 0
uf50-0863 216 0
uf50-0863 216 0
uf50-0863 217 0
uf50-0863 217 0
uf50-0863 214 0
uf50-0863 217 0
uf50-0863 215 0
uf50-0863 215 0
uf50-0863 216 0
uf50-0863 216 0
uf50-0863 216 0
uf50-0863 215 0
uf50-0863 217 0
uf50-0863 217 0
uf50-0863 217 0
uf50-0863 216 0
uf50-0863 109539 -1 -2 -3 -4 -5 6 7 -8 9 -10 11 12 13 -14 15 -16 -17 -18 19 -20 -21 22 -23 -24 25 26 27 28 29 30 -31 32 33 -34 -35 -36 -37 -38 39 40 -41 42 43 44 -45 -46 47 -48 -49 -50 0
uf50-0863 216 0
uf50-0863 217 0
uf50-0863 217 0
uf50-0863 216 0
uf50-0863 216 0
uf50-0863 216 0
uf50-0863 217 0
uf50-0863 217 0
uf50-0863 217 0
uf50-0863 215 0
uf50-0863 215 0
uf50-0863 216 0
uf50-0863 217 0
uf50-0863 217 0
uf50-0863 216 0
uf50-0863 216 0
uf50-0863 217 0
uf50-0863 216 0
uf50-0863 215 0
uf50-0863 217 0
uf50-0549 118702 1 2 3 4 5 6 7 -8 -9 10 -11 12 13 -14 15 -16 -17 18 19 -20 21 -22 23 24 25 -26 -27 28 -29 -30 -31 32 33 34 35 36 37 38 -39 -40 41 42 43 44 45 46 -47 -48 49 -50 0
uf50-0549 120720 1 2 3 4 5 6 7 8 9 -10 -11 12 -13 -14 15 -16 -17 18 -19 20 21 -22 -23 -24 25 -26 -27 28 -29 -30 31 32 33 34 35 36 -37 38 -39 -40 41 42 43 -44 45 46 -47 48 49 50 0
uf50-0549 118702 1 2 3 4 5 6 7 -8 -9 10 -11 12 13 -14 15 -16 -17 18 19 -20 21 -22 23 24 25 -26 -27 28 -29 -30 -31 32 33 34 35 36 37 38 -39 -40 41 42 43 44 45 46 -47 -48 49 -50 0
uf50-0549 117405 1 2 3 4 5 6 7 8 9 -10 -11 12 -13 -14 15 -16 -17 -18 -19 20 21 -22 -23 -24 25 -26 -27 28 -29 -30 31 32 33 34 35 36 -37 38 -39 -40 41 42 43 -44 45 46 -47 48 49 50 0
uf50-0549 122374 1 2 3 4 5 6 7 -8 9 -10 -11 12 13 -14 15 -16 -17 18 -19 20 21 -22 -23 -24 25 -26 -27 28 -29 -30 31 32 33 34 35 36 37 38 -39 -40 41 42 43 -44 45 46 -47 -48 49 -50 0
uf50-0549 112001 1 2 3 4 5 6 7 8 9 -10 -11 12 -13 -14 -15 -16 -17 18 -19 -20 21 -22 -23 -24 25 -26 -27 28 -29 -30 31 32 33 34 35 36 -37 -38 -39 -40 41 42 43 -44 45 46 -47 -48 49 -50 0
uf50-0549 116869 1 2 3 4 5 6 7 -8 9 -10 -11 12 13 -14 15 -16 -17 18 19 -20 21 -22 -23 -24 25 -26 -27 28 -29 -30 31 32 33 34 -35 36 37 -38 -39 -40 41 42 43 44 45 46 -47 -48 49 -50 0
uf50-0549 122380 1 2 3 4 -5 6 7 -8 9 10 -11 12 13 -14 15 -16 -17 18 19 -20 21 -22 -23 -24 25 -26 -27 28 -29 -30 31 32 33 34 35 36 37 38 -39 -40 41 42 43 44 45 46 -47 -48 49 -50 0
uf50-0549 121563 1 2 3 4 5 6 7 -8 9 -10 -11 12 13 -14 15 -16 -17 18 -19 20 21 -22 -23 -24 25 -26 -27 28 -29 -30 31 32 33 34 35 36 -37 38 -39 -40 41 42 43 -44 45 46 -47 48 49 50 0
uf50-0549 118700 1 2 3 4 5 6 7 -8 9 10 -11 12 13 -14 15 -16 -17 18 -19 -20 21 -22 -23 -24 25 -26 -27 28 -29 -30 31 32 33 34 -35 36 37 -38 -39 -40 41 42 43 44 45 46 -47 -48 49 -50 0
uf50-0549 117304 1 2 3 4 5 6 7 -8 9 -10 -11 12 13 -14 15 -16 -17 18 -19 20 21 -22 -23 -24 25 -26 -27 28 -29 -30 31 32 33 34 35 36 -37 38 -39 -40 41 42 -43 -44 45 46 -47 48 49 50 0
uf50-0549 123337 1 2 3 4 5 6 7 -8 9 10 -11 12 13 -14 15 -16 -17 18 19 -20 21 -22 23 -24 25 -26 -27 28 -29 -30 -31 32 33 34 35 36 37 38 -39 -40 41 42 43 44 45 46 -47 -48 49 -50 0
uf50-0549 123458 1 2 3 4 5 6 7 -8 9 -10 -11 12 13 -14 15 -16 -17 18 -19 20 21 -22 -23 -24 25 -26 -27 28 -29 -30 31 32 33 34 35 36 37 38 -39 -40 41 42 43 -44 45 46 -47 48 49 -50 0
uf50-0549 123458 1 2 3 4 5 6 7 -8 9 -10 -11 12 13 -14 15 -16 -17 18 -19 20 21 -22 -23 -24 25 -26 -27 28 -29 -30 31 32 33 34 35 36 37 38 -39 -40 41 42 43 -44 45 46 -47 48 49 -50 0
uf50-0549 119985 1 2 3 4 -5 6 7 -8 9 -10 -11 12 13 -14 15 -16 -17 18 -19 20 21 -22 -23 -24 25 -26 -27 28 -29 -30 31 32 33 34 35 36 -37 38 -39 -40 41 42 43 -44 45 46 47 48 49 50 0
uf50-0549 122027 -1 2 3 4 5 6 7 -8 9 10 -11 12 13 -14 15 -16 -17 18 19 -20 21 -22 -23 -24 25 -26 -27 28 -29 -30 31 32 33 34 35 36 37 38 -39 -40 41 42 43 44 45 46 -47 -48 49 -50 0
uf50-0549 119876 1 2 3 4 5 6 7 -8 9 -10 -11 12 13 -14 15 -16 -17 18 -19 20 21 -22 -23 -24 25 -26 -27 28 -29 -30 31 32 33 34 35 36 -37 38 -39 -40 41 42 43 -44 45 46 -47 -48 49 -50 0
uf50-0549 125257 1 2 3 4 5 6 7 -8 9 10 -11 12 13 -14 15 -16 -17 18 19 -20 21 -22 -23 -24 25 -26 -27 28 -29 -30 31 32 33 34 35 36 37 38 -39 -40 41 42 43 44 45 46 -47 -48 49 -50 0
uf50-0549 121640 1 2 3 4 -5 6 7 8 9 -10 -11 12 -13 -14 15 -16 -17 18 -19 20 21 -22 -23 -24 25 -26 -27 28 -29 -30 31 32 33 34 35 36 37 38 -39 -40 41 42 43 -44 45 46 47 48 49 50 0
uf50-0549 120803 1 2 3 4 5 6 7 8 9 -10 -11 12 13 -14 15 -16 -17 18 -19 20 21 -22 -23 -24 25 -26 -27 28 -29 -30 31 32 33 34 35 36 -37 38 -39 -40 41 42 43 -44 45 46 -47 -48 49 -50 0
uf50-0549 125257 1 2 3 4 5 6 7 -8 9 10 -11 12 13 -14 15 -16 -17 18 19 -20 21 -22 -23 -24 25 -26 -27 28 -29 -30 31 32 33 34 35 36 37 38 -39 -40 41 42 43 44 45 46 -47 -48 49 -50 0
uf50-0549 98362 -1 2 3 4 5 6 7 -8 9 10 -11 12 13 -14 15 -16 -17 18 -19 -20 21 -22 23 24 25 -26 27 -28 -29 30 -31 -32 33 34 -35 36 -37 -38 -39 -40 41 42 -43 44 45 46 -47 -48 49 -50 0
uf50-0549 119142 -1 2 3 4 5 6 7 -8 9 10 -11 12 13 -14 15 -16 -17 18 19 -20 21 -22 -23 -24 25 -26 -27 28 -29 -30 31 -32 33 34 35 36 37 38 -39 -40 41 42 43 44 45 46 47 -48 49 -50 0
uf50-0549 119882 1 2 3 4 -5 6 7 -8 9 10 -11 12 13 -14 15 -16 -17 18 19 -20 21 -22 -23 -24 25 -26 -27 28 -29 -30 31 32 33 34 35 36 -37 38 -39 -40 41 42 43 44 45 46 -47 -48 49 -50 0
uf50-0549 121563 1 2 3 4 5 6 7 -8 9 -10 -11 12 13 -14 15 -16 -17 18 -19 20 21 -22 -23 -24 25 -26 -27 28 -29 -30 31 32 33 34 35 36 -37 38 -39 -40 41 42 43 -44 45 46 -47 48 49 50 0
uf50-0549 124061 1 2 3 4 5 6 7 -8 9 -10 -11 12 13 -14 15 -16 -17 18 -19 20 21 -22 -23 -24 25 -26 -27 28 -29 -30 31 32 33 34 35 36 37 38 -39 -40 41 42 43 -44 45 46 -47 48 49 50 0
uf50-0549 118646 1 2 3 4 5 6 7 -8 9 -10 -11 12 13 -14 15 -16 -17 18 -19 20 21 -22 -23 -24 25 -26 -27 28 -29 -30 -31 32 33 34 35 36 37 -38 -39 -40 41 42 43 -44 45 46 -47 48 49 50 0
uf50-0549 124061 1 2 3 4 5 6 7 -8 9 -10 -11 12 13 -14 15 -16 -17 18 -19 20 21 -22 -23 -24 25 -26 -27 28 -29 -30 31 32 33 34 35 36 37 38 -39 -40 41 42 43 -44 45 46 -47 48 49 50 0
uf50-0549 113425 -1 2 3 4 5 6 7 -8 9 10 -11 12 13 -14 15 -16 -17 18 19 -20 21 -22 23 -24 25 -26 -27 28 -29 -30 -31 -32 33 34 35 36 -37 38 -39 -40 41 42 43 44 45 46 -47 -48 49 -50 0
uf50-0549 120720 1 2 3 4 5 6 7 8 9 -10 -11 12 -13 -14 15 -16 -17 18 -19 20 21 -22 -23 -24 25 -26 -27 28 -29 -30 31 32 33 34 35 36 -37 38 -39 -40 41 42 43 -44 45 46 -47 48 49 50 0
uf50-0549 120720 1 2 3 4 5 6 7 8 9 -10 -11 12 -13 -14 15 -16 -17 18 -19 20 21 -22 -23 -24 25 -26 -27 28 -29 -30 31 32 33 34 35 36 -37 38 -39 -40 41 42 43 -44 45 46 -47 48 49 50 0
uf50-0549 117686 -1 2 3 4 5 6 7 -8 9 10 -11 12 13 -14 15 -16 -17 18 19 -20 21 -22 23 -24 25 -26 -27 28 -29 -30 -31 32 33 34 35 36 37 -38 -39 -40 41 42 43 44 45 46 -47 -48 49 -50 0
uf50-0549 120720 1 2 3 4 5 6 7 8 9 -10 -11 12 -13 -14 15 -16 -17 18 -19 20 21 -22 -23 -24 25 -26 -27 28 -29 -30 31 32 33 34 35 36 -37 38 -39 -40 41 42 43 -44 45 46 -47 48 49 50 0
uf50-0549 125257 1 2 3 4 5 6 7 -8 9 10 -11 12 13 -14 15 -16 -17 18 19 -20 21 -22 -23 -24 25 -26 -27 28 -29 -30 31 32 33 34 35 36 37 38 -39 -40 41 42 43 44 45 46 -47 -48 49 -50 0
uf50-0549 125257 1 2 3 4 5 6 7 -8 9 10 -11 12 13 -14 15 -16 -17 18 19 -20 21 -22 -23 -24 25 -26 -27 28 -29 -30 31 32 33 34 35 36 37 38 -39 -40 41 42 43 44 45 46 -47 -48 49 -50 0
uf50-0549 122759 1 2 3 4 5 6 7 -8 9 10 -11 12 13 -14 15 -16 -17 18 19 -20 21 -22 -23 -24 25 -26 -27 28 -29 -30 31 32 33 34 35 36 -37 38 -39 -40 41 42 43 44 45 46 -47 -48 49 -50 0
uf50-0549 124061 1 2 3 4 5 6 7 -8 9 -10 -11 12 13 -14 15 -16 -17 18 -19 20 21 -22 -23 -24 25 -26 -27 28 -29 -30 31 32 33 34 35 36 37 38 -39 -40 41 42 43 -44 45 46 -47 48 49 50 0
uf50-0549 123218 1 2 3 4 5 6 7 8 9 -10 -11 12 -13 -14 15 -16 -17 18 -19 20 21 -22 -23 -24 25 -26 -27 28 -29 -30 31 32 33 34 35 36 37 38 -39 -40 41 42 43 -44 45 46 -47 48 49 50 0
uf50-0549 123218 1 2 3 4 5 6 7 8 9 -10 -11 12 -13 -14 15 -16 -17 18 -19 20 21 -22 -23 -24 25 -26 -27 28 -29 -30 31 32 33 34 35 36 37 38 -39 -40 41 42 43 -44 45 46 -47 48 49 50 0
uf50-0549 120172 1 2 3 4 5 6 7 -8 9 10 -11 12 13 -14 15 -16 -17 18 -19 -20 21 -22 23 -24 25 -26 -27 28 -29 -30 -31 32 33 34 35 36 -37 38 -39 -40 41 42 43 44 45 46 -47 -48 49 -50 0
uf50-0549 121556 -1 2 3 4 5 6 7 -8 9 10 -11 12 -13 -14 15 -16 -17 18 19 -20 21 -22 -23 -24 25 -26 -27 28 -29 -30 31 32 33 34 35 36 37 38 -39 -40 41 42 43 44 45 46 47 -48 49 -50 0
uf50-0549 118975 1 2 3 4 5 6 7 -8 9 -10 -11 12 -13 -14 15 -16 -17 18 -19 -20 21 -22 -23 -24 25 -26 -27 28 -29 -30 31 32 33 34 35 36 37 38 -39 -40 41 42 43 -44 45 46 -47 -48 49 -50 0
uf50-0549 121037 1 2 3 4 -5 6 7 8 9 -10 -11 12 -13 -14 15 -16 -17 18 -19 20 21 -22 -23 -24 25 -26 -27 28 -29 -30 31 32 33 34 35 36 37 38 -39 -40 41 42 43 -44 45 46 47 48 49 -50 0
uf50-0549 110257 1 2 3 4 5 6 7 -8 9 10 -11 12 13 -14 15 -16 -17 18 -19 -20 21 -22 -23 -24 25 -26 -27 28 -29 -30 31 -32 33 34 -35 36 37 -38 -39 -40 41 42 -43 44 45 46 -47 -48 49 -50 0
uf50-0549 121181 1 2 3 4 -5 6 7 -8 9 10 -11 12 13 -14 15 -16 -17 18 19 -20 21 -22 -23 -24 25 -26 -27 28 -29 -30 31 32 33 34 35 36 -37 38 -39 -40 41 42 43 44 45 46 47 -48 49 -50 0
uf50-0549 121556 -1 2 3 4 5 6 7 -8 9 10 -11 12 -13 -14 15 -16 -17 18 19 -20 21 -22 -23 -24 25 -26 -27 28 -29 -30 31 32 33 34 35 36 37 38 -39 -40 41 42 43 44 45 46 47 -48 49 -50 0
uf50-0549 120720 1 2 3 4 5 6 7 8 9 -10 -11 12 -13 -14 15 -16 -17 18 -19 20 21 -22 -23 -24 25 -26 -27 28 -29 -30 31 32 33 34 35 36 -37 38 -39 -40 41 42 43 -44 45 46 -47 48 49 50 0
uf50-0549 119300 1 2 3 4 5 6 7 8 9 -10 -11 12 -13 -14 15 -16 -17 -18 -19 20 21 -22 -23 -24 25 -26 -27 28 -29 -30 31 32 33 34 35 36 37 38 -39 -40 41 42 43 -44 45 46 -47 48 49 -50 0
uf50-0549 123337 1 2 3 4 5 6 7 -8 9 10 -11 12 13 -14 15 -16 -17 18 19 -20 21 -22 23 -24 25 -26 -27 28 -29 -30 -31 32 33 34 35 36 37 38 -39 -40 41 42 43 44 45 46 -47 -48 49 -50 0
uf50-0549 120745 1 2 3 4 5 6 7 -8 9 10 -11 12 13 -14 15 -16 -17 18 -19 -20 21 -22 -23 -24 25 -26 -27 28 -29 -30 31 32 33 34 35 36 -37 38 -39 -40 41 42 43 -44 45 46 -47 -48 49 -50 0
uf50-0242 97266 -1 2 3 -4 5 -6 7 -8 -9 10 11 -12 13 -14 -15 -16 17 18 19 20 21 22 23 24 -25 26 -27 28 29 -30 31 -32 33 34 -35 36 -37 38 39 40 41 -42 43 44 -45 46 -47 -48 -49 -50 0
uf50-0242 217 0
uf50-0242 114855 1 2 3 4 -5 -6 -7 -8 -9 -10 -11 -12 -13 14 15 16 17 18 19 20 21 22 23 24 -25 26 27 28 -29 -30 -31 -32 33 34 35 36 -37 38 39 -40 -41 42 43 44 45 46 47 -48 -49 50 0
uf50-0242 104294 -1 2 3 -4 5 -6 7 -8 -9 10 11 -12 13 -14 -15 -16 17 18 19 20 21 22 23 24 -25 26 -27 28 29 -30 31 -32 33 34 -35 36 -37 38 39 40 41 -42 43 44 45 46 47 -48 -49 -50 0
uf50-0242 115151 1 -2 3 4 -5 -6 7 -8 9 -10 -11 -12 -13 14 15 -16 17 18 19 20 21 22 23 -24 -25 26 27 28 -29 -30 31 -32 33 34 35 36 -37 38 -39 -40 -41 42 43 44 45 46 47 -48 -49 50 0
uf50-0242 217 0
uf50-0242 110420 1 -2 3 4 -5 -6 7 -8 -9 -10 11 -12 -13 14 15 -16 17 18 19 20 21 22 23 24 -25 26 27 28 -29 -30 31 -32 33 34 35 36 -37 38 -39 -40 -41 42 -43 44 45 46 -47 -48 -49 50 0
uf50-0242 94036 -1 -2 3 4 -5 6 7 -8 9 -10 11 -12 13 14 -15 -16 17 18 19 20 21 -22 -23 -24 -25 26 27 28 -29 -30 31 -32 -33 34 -35 36 -37 38 -39 -40 -41 -42 43 44 45 46 47 -48 -49 -50 0
uf50-0242 98211 1 2 3 -4 5 -6 7 -8 -9 10 11 -12 -13 -14 -15 -16 17 18 19 20 -21 22 23 -24 -25 26 27 28 29 -30 31 -32 33 34 -35 36 -37 38 39 40 41 -42 43 -44 45 46 47 -48 -49 -50 0
uf50-0242 104812 -1 2 3 -4 5 -6 7 -8 -9 10 11 -12 13 -14 15 -16 17 18 -19 20 21 22 23 24 -25 26 -27 28 -29 -30 31 -32 33 34 -35 36 -37 38 -39 40 -41 42 43 44 45 46 47 -48 49 -50 0
uf50-0242 104142 -1 2 3 4 5 -6 7 -8 -9 10 11 -12 13 -14 15 -16 -17 18 -19 20 21 22 23 24 -25 26 -27 28 -29 -30 31 -32 33 34 -35 36 -37 38 39 40 -41 42 43 44 45 46 47 -48 49 -50 0
uf50-0242 105855 1 -2 3 4 -5 6 7 -8 9 -10 11 -12 13 14 15 -16 17 -18 19 20 21 -22 -23 -24 -25 26 27 28 -29 -30 31 -32 33 34 -35 36 -37 38 -39 40 -41 -42 43 44 45 46 47 -48 -49 50 0
uf50-0242 107252 1 2 3 -4 -5 -6 -7 -8 -9 -10 -11 -12 -13 14 15 16 17 18 19 20 21 22 -23 24 -25 26 27 28 -29 -30 -31 -32 33 34 35 36 -37 38 -39 -40 -41 42 43 44 45 46 47 -48 -49 50 0
uf50-0242 102047 1 -2 3 -4 -5 -6 -7 -8 9 -10 -11 12 -13 14 15 16 17 18 19 20 21 -22 23 -24 -25 26 27 28 -29 -30 -31 -32 33 34 35 36 -37 38 -39 -40 -41 -42 43 44 45 46 -47 -48 -49 50 0
uf50-0242 217 0
uf50-0242 217 0
uf50-0242 217 0
uf50-0242 105225 -1 2 3 4 5 -6 7 -8 -9 -10 11 -12 13 -14 15 -16 17 18 -19 20 21 22 23 24 -25 26 -27 28 -29 -30 31 -32 33 34 -35 36 -37 38 39 40 -41 -42 43 44 45 46 47 -48 49 -50 0
uf50-0242 216 0
uf50-0242 217 0
uf50-0242 217 0
uf50-0242 94608 1 2 3 -4 5 -6 7 -8 -9 10 11 -12 -13 -14 -15 -16 17 18 19 20 -21 22 23 -24 -25 26 27 28 29 -30 31 -32 -33 34 -35 36 -37 38 39 40 41 -42 43 -44 45 46 47 -48 -49 -50 0
uf50-0242 216 0
uf50-0242 97218 -1 2 3 -4 5 -6 7 -8 -9 10 11 -12 13 -14 15 -16 17 18 -19 20 21 22 23 24 -25 26 -27 28 -29 -30 31 -32 33 34 -35 36 -37 38 39 40 -41 -42 43 44 -45 46 -47 -48 49 -50 0
uf50-0242 217 0
uf50-0242 216 0
uf50-0242 217 0
uf50-0242 112117 1 -2 3 4 -5 -6 7 -8 9 -10 11 -12 -13 14 15 -16 17 18 19 20 21 -22 23 -24 -25 26 27 28 -29 -30 31 -32 33 34 35 36 -37 38 -39 -40 -41 -42 43 44 45 46 47 -48 -49 50 0
uf50-0242 117796 1 -2 3 4 -5 -6 7 -8 9 -10 11 -12 -13 14 15 -16 17 18 19 20 21 22 23 24 -25 26 27 28 -29 -30 31 -32 33 34 35 36 -37 38 -39 -40 -41 -42 43 44 45 46 47 -48 -49 50 0
uf50-0242 116853 1 -2 3 4 -5 -6 7 -8 9 -10 11 -12 -13 14 15 -16 17 18 19 20 21 22 23 24 -25 -26 27 28 -29 -30 31 -32 33 34 35 36 -37 38 39 -40 -41 42 43 44 45 46 47 -48 -49 50 0
uf50-0242 87589 -1 2 3 -4 5 -6 7 -8 -9 10 11 -12 13 14 -15 16 -17 18 19 -20 -21 22 23 -24 -25 26 -27 28 29 -30 31 -32 -33 34 -35 36 -37 38 39 40 41 -42 43 -44 45 46 47 -48 -49 -50 0
uf50-0242 104246 -1 2 3 -4 5 -6 7 -8 -9 10 11 -12 13 -14 15 -16 17 18 -19 20 21 22 23 24 -25 26 -27 28 -29 -30 31 -32 33 34 -35 36 -37 38 39 40 -41 -42 43 44 45 46 47 -48 49 -50 0
uf50-0242 114855 1 2 3 4 -5 -6 -7 -8 -9 -10 -11 -12 -13 14 15 16 17 18 19 20 21 22 23 24 -25 26 27 28 -29 -30 -31 -32 33 34 35 36 -37 38 39 -40 -41 42 43 44 45 46 47 -48 -49 50 0
uf50-0242 216 0
uf50-0242 104294 -1 2 3 -4 5 -6 7 -8 -9 10 11 -12 13 -14 -15 -16 17 18 19 20 21 22 23 24 -25 26 -27 28 29 -30 31 -32 33 34 -35 36 -37 38 39 40 41 -42 43 44 45 46 47 -48 -49 -50 0
uf50-0242 217 0
uf50-0242 119794 1 -2 3 4 -5 -6 7 -8 9 -10 11 -12 -13 14 15 -16 17 18 19 20 21 22 23 24 -25 26 27 28 -29 -30 31 -32 33 34 35 36 -37 38 -39 -40 -41 42 43 44 45 46 47 -48 -49 50 0
uf50-0242 101700 -1 2 3 -4 5 -6 7 -8 -9 10 11 -12 13 -14 -15 -16 17 18 19 20 21 22 23 24 -25 26 -27 28 29 -30 31 -32 33 34 -35 36 -37 38 39 40 41 -42 43 44 45 46 -47 -48 -49 -50 0
uf50-0242 217 0
uf50-0242 116853 1 -2 3 4 -5 -6 7 -8 9 -10 11 -12 -13 14 15 -16 17 18 19 20 21 22 23 24 -25 -26 27 28 -29 -30 31 -32 33 34 35 36 -37 38 39 -40 -41 42 43 44 45 46 47 -48 -49 50 0
uf50-0242 90169 -1 2 3 -4 5 -6 7 -8 -9 10 11 -12 13 14 -15 16 17 18 19 -20 -21 22 23 24 -25 26 -27 28 -29 -30 31 -32 33 34 -35 36 -37 38 39 40 -41 -42 43 -44 -45 46 -47 -48 -49 -50 0
uf50-0242 217 0
uf50-0242 109928 1 -2 3 4 -5 6 7 -8 9 -10 11 -12 13 14 15 -16 17 18 19 20 21 -22 -23 -24 -25 26 27 28 -29 -30 31 -32 33 34 -35 36 -37 38 -39 40 -41 -42 43 44 45 46 47 -48 -49 50 0
uf50-0242 98102 -1 2 3 -4 5 -6 7 -8 -9 10 11 -12 13 -14 15 -16 -17 18 -19 20 21 22 23 24 -25 26 -27 28 -29 -30 31 -32 -33 34 -35 36 -37 38 39 40 -41 42 43 44 45 46 47 -48 49 -50 0
uf50-0242 108383 1 -2 3 4 -5 6 7 -8 9 10 11 -12 13 14 15 -16 17 18 19 20 21 -22 -23 -24 -25 26 27 28 -29 -30 31 -32 33 34 -35 36 -37 38 -39 40 -41 -42 43 44 45 46 47 -48 -49 -50 0
uf50-0242 103271 1 2 3 -4 -5 -6 -7 -8 9 -10 -11 -12 -13 14 15 16 17 -18 19 20 21 22 -23 -24 -25 26 27 28 -29 -30 -31 -32 33 34 35 36 -37 38 -39 -40 -41 42 43 44 45 46 47 -48 -49 50 0
uf50-0242 111552 1 -2 3 4 -5 6 -7 -8 9 -10 -11 12 -13 14 15 16 17 18 19 20 21 -22 23 -24 -25 26 27 28 -29 -30 31 -32 33 34 35 36 -37 38 -39 -40 -41 -42 43 44 45 46 47 -48 -49 50 0
uf50-0242 97824 -1 2 3 4 5 -6 7 -8 -9 10 11 -12 13 14 -15 16 17 18 19 -20 -21 22 23 -24 -25 26 -27 28 29 -30 31 -32 33 34 -35 36 -37 38 39 40 -41 -42 43 -44 45 46 47 -48 -49 -50 0
uf50-0242 112570 1 2 3 4 -5 -6 -7 -8 -9 -10 -11 -12 -13 14 15 16 17 18 19 20 21 22 23 24 -25 26 27 28 -29 30 -31 -32 33 34 35 36 -37 38 39 -40 -41 42 43 44 45 46 -47 -48 -49 50 0
uf50-0242 100221 -1 2 3 4 5 -6 7 -8 -9 10 11 -12 13 -14 15 -16 17 18 -19 20 21 22 23 24 -25 26 -27 28 -29 -30 31 -32 33 34 -35 36 -37 38 -39 40 -41 42 43 44 -45 46 -47 -48 49 -50 0
uf50-0690 216 0
uf50-0690 213 0
uf50-0690 214 0
uf50-0690 215 0
uf50-0690 213 0
uf50-0690 215 0
uf50-0690 214 0
uf50-0690 213 0
uf50-0690 215 0
uf50-0690 216 0
uf50-0690 214 0
uf50-0690 214 0
uf50-0690 215 0
uf50-0690 215 0
uf50-0690 214 0
uf50-0690 216 0
uf50-0690 215 0
uf50-0690 214 0
uf50-0690 214 0
uf50-0690 215 0
uf50-0690 215 0
uf50-0690 213 0
uf50-0690 214 0
uf50-0690 215 0
uf50-0690 213 0
uf50-0690 214 0
uf50-0690 214 0
uf50-0690 215 0
uf50-0690 214 0
uf50-0690 214 0
uf50-0690 214 0
uf50-0690 214 0
uf50-0690 216 0
uf50-0690 213 0
uf50-0690 214 0
uf50-0690 213 0
uf50-0690 215 0
uf50-0690 214 0
uf50-0690 214 0
uf50-0690 214 0
uf50-0690 215 0
uf50-0690 214 0
uf50-0690 216 0
uf50-0690 216 0
uf50-0690 215 0
uf50-0690 215 0
uf50-0690 214 0
uf50-0690 215 0
uf50-0690 217 0
uf50-0690 214 0
uf50-063 214 0
uf50-063 216 0
uf50-063 215 0
uf50-063 214 0
uf50-063 215 0
uf50-063 216 0
uf50-063 214 0
uf50-063 215 0
uf50-063 215 0
uf50-063 214 0
uf50-063 213 0
uf50-063 213 0
uf50-063 214 0
uf50-063 214 0
uf50-063 215 0
uf50-063 215 0
uf50-063 213 0
uf50-063 213 0
uf50-063 215 0
uf50-063 216 0
uf50-063 214 0
uf50-063 216 0
uf50-063 215 0
uf50-063 214 0
uf50-063 216 0
uf50-063 215 0
uf50-063 215 0
uf50-063 215 0
uf50-063 215 0
uf50-063 213 0
uf50-063 213 0
uf50-063 215 0
uf50-063 216 0
uf50-063 215 0
uf50-063 215 0
uf50-063 214 0
uf50-063 216 0
uf50-063 215 0
uf50-063 216 0
uf50-063 216 0
uf50-063 215 0
uf50-063 213 0
uf50-063 213 0
uf50-063 214 0
uf50-063 215 0
uf50-063 214 0
uf50-063 214 0
uf50-063 215 0
uf50-063 215 0
uf50-063 212 0
uf50-0971 132957 1 -2 3 -4 5 6 7 8 -9 10 11 12 13 -14 15 -16 17 18 -19 20 -21 22 -23 -24 -25 26 27 -28 29 30 31 -32 33 -34 35 36 37 -38 39 40 -41 -42 43 -44 45 46 -47 48 49 50 0
uf50-0971 217 0
uf50-0971 217 0
uf50-0971 217 0
uf50-0971 217 0
uf50-0971 217 0
uf50-0971 217 0
uf50-0971 131171 -1 -2 3 -4 5 6 7 8 -9 10 11 12 13 -14 15 -16 17 -18 -19 20 -21 22 -23 -24 -25 26 27 -28 29 30 31 -32 33 -34 35 36 37 -38 39 40 -41 -42 43 -44 45 46 -47 48 49 50 0
uf50-0971 217 0
uf50-0971 217 0
uf50-0971 129309 1 -2 3 -4 -5 6 7 8 -9 10 11 12 13 -14 15 -16 17 18 -19 20 -21 22 -23 -24 -25 26 27 -28 -29 30 31 -32 33 -34 35 36 37 -38 39 40 -41 -42 43 -44 45 46 -47 48 49 50 0
uf50-0971 217 0
uf50-0971 217 0
uf50-0971 217 0
uf50-0971 217 0
uf50-0971 217 0
uf50-0971 119649 1 -2 3 -4 5 6 7 8 -9 10 11 12 13 -14 15 -16 17 18 -19 20 -21 22 23 -24 -25 26 27 -28 29 30 31 32 33 34 35 36 -37 -38 39 40 -41 -42 -43 -44 45 46 47 -48 49 50 0
uf50-0971 217 0
uf50-0971 217 0
uf50-0971 217 0
uf50-0971 217 0
uf50-0971 217 0
uf50-0971 119649 1 -2 3 -4 5 6 7 8 -9 10 11 12 13 -14 15 -16 17 18 -19 20 -21 22 23 -24 -25 26 27 -28 29 30 31 32 33 34 35 36 -37 -38 39 40 -41 -42 -43 -44 45 46 47 -48 49 50 0
uf50-0971 130122 -1 -2 3 4 5 6 7 -8 -9 10 11 12 13 -14 15 -16 17 -18 -19 20 -21 22 -23 -24 -25 26 27 -28 -29 30 31 -32 33 -34 35 36 37 -38 39 40 -41 -42 43 -44 45 46 -47 48 49 50 0
uf50-0971 119649 1 -2 3 -4 5 6 7 8 -9 10 11 12 13 -14 15 -16 17 18 -19 20 -21 22 23 -24 -25 26 27 -28 29 30 31 32 33 34 35 36 -37 -38 39 40 -41 -42 -43 -44 45 46 47 -48 49 50 0
uf50-0971 217 0
uf50-0971 119649 1 -2 3 -4 5 6 7 8 -9 10 11 12 13 -14 15 -16 17 18 -19 20 -21 22 23 -24 -25 26 27 -28 29 30 31 32 33 34 35 36 -37 -38 39 40 -41 -42 -43 -44 45 46 47 -48 49 50 0
uf50-0971 217 0
uf50-0971 217 0
uf50-0971 217 0
uf50-0971 217 0
uf50-0971 217 0
uf50-0971 131751 -1 -2 3 4 -5 6 7 8 -9 10 11 12 13 -14 15 -16 17 -18 -19 20 -21 22 -23 -24 -25 26 27 28 -29 30 31 -32 33 -34 35 36 37 -38 39 40 -41 -42 43 -44 45 46 -47 48 49 50 0
uf50-0971 119649 1 -2 3 -4 5 6 7 8 -9 10 11 12 13 -14 15 -16 17 18 -19 20 -21 22 23 -24 -25 26 27 -28 29 30 31 32 33 34 35 36 -37 -38 39 40 -41 -42 -43 -44 45 46 47 -48 49 50 0
uf50-0971 132346 1 -2 3 -4 5 6 7 8 -9 10 11 12 13 -14 15 -16 17 18 -19 20 -21 22 -23 -24 -25 26 27 -28 -29 30 31 -32 33 -34 35 36 37 -38 39 40 -41 -42 43 -44 45 46 -47 48 49 50 0
uf50-0971 217 0
uf50-0971 115563 1 -2 3 -4 5 6 7 8 -9 10 11 12 13 -14 15 -16 17 18 -19 20 -21 22 23 -24 -25 -26 27 -28 29 30 31 32 33 34 35 36 -37 -38 39 40 -41 -42 -43 -44 45 46 47 -48 49 50 0
uf50-0971 217 0
uf50-0971 217 0
uf50-0971 132957 1 -2 3 -4 5 6 7 8 -9 10 11 12 13 -14 15 -16 17 18 -19 20 -21 22 -23 -24 -25 26 27 -28 29 30 31 -32 33 -34 35 36 37 -38 39 40 -41 -42 43 -44 45 46 -47 48 49 50 0
uf50-0971 217 0
uf50-0971 131030 -1 -2 3 4 5 6 7 -8 -9 10 11 12 13 -14 15 -16 17 -18 -19 20 -21 22 -23 -24 25 26 27 -28 -29 30 31 -32 33 -34 35 36 37 -38 39 40 -41 -42 43 -44 45 46 -47 48 49 50 0
uf50-0971 130122 -1 -2 3 4 5 6 7 -8 -9 10 11 12 13 -14 15 -16 17 -18 -19 20 -21 22 -23 -24 -25 26 27 -28 -29 30 31 -32 33 -34 35 36 37 -38 39 40 -41 -42 43 -44 45 46 -47 48 49 50 0
uf50-0971 135446 1 -2 3 4 5 6 7 8 9 10 11 12 13 -14 15 -16 17 -18 -19 20 -21 22 -23 -24 -25 26 27 28 -29 30 31 -32 33 -34 35 36 37 -38 39 40 -41 -42 43 -44 45 46 -47 48 -49 50 0
uf50-0971 119649 1 -2 3 -4 5 6 7 8 -9 10 11 12 13 -14 15 -16 17 18 -19 20 -21 22 23 -24 -25 26 27 -28 29 30 31 32 33 34 35 36 -37 -38 39 40 -41 -42 -43 -44 45 46 47 -48 49 50 0
uf50-0971 110414 -1 -2 -3 -4 -5 6 7 8 9 10 11 -12 13 14 15 16 17 -18 19 20 -21 22 23 -24 -25 -26 27 -28 -29 30 31 -32 -33 -34 35 -36 37 -38 39 40 -41 -42 43 44 45 46 -47 48 49 50 0
uf50-0971 217 0
uf50-0971 114218 -1 -2 -3 -4 -5 6 7 8 9 10 11 -12 13 14 15 16 17 -18 -19 20 -21 22 23 -24 -25 26 27 -28 -29 30 31 -32 -33 -34 35 -36 37 -38 39 40 -41 -42 43 44 45 46 -47 48 49 50 0
uf50-0971 126382 1 -2 3 -4 -5 6 7 8 -9 10 11 12 13 -14 15 -16 17 18 -19 20 -21 22 -23 -24 -25 26 27 -28 29 30 31 -32 -33 -34 35 36 37 -38 39 40 -41 -42 43 -44 45 46 -47 48 49 50 0
uf50-0971 217 0
uf50-0151 216 0
uf50-0151 216 0
uf50-0151 216 0
uf50-0151 216 0
uf50-0151 215 0
uf50-0151 217 0
uf50-0151 216 0
uf50-0151 216 0
uf50-0151 216 0
uf50-0151 216 0
uf50-0151 215 0
uf50-0151 215 0
uf50-0151 215 0
uf50-0151 217 0
uf50-0151 215 0
uf50-0151 215 0
uf50-0151 215 0
uf50-0151 216 0
uf50-0151 216 0
uf50-0151 216 0
uf50-0151 215 0
uf50-0151 216 0
uf50-0151 216 0
uf50-0151 216 0
uf50-0151 214 0
uf50-0151 216 0
uf50-0151 216 0
uf50-0151 215 0
uf50-0151 216 0
uf50-0151 215 0
uf50-0151 215 0
uf50-0151 215 0
uf50-0151 216 0
uf50-0151 216 0
uf50-0151 216 0
uf50-0151 216 0
uf50-0151 215 0
uf50-0151 217 0
uf50-0151 215 0
uf50-0151 216 0
uf50-0151 216 0
uf50-0151 217 0
uf50-0151 216 0
uf50-0151 216 0
uf50-0151 215 0
uf50-0151 215 0
uf50-0151 216 0
uf50-0151 215 0
uf50-0151 216 0
uf50-0151 217 0
uf50-0355 212 0
uf50-0355 216 0
uf50-0355 213 0
uf50-0355 109229 -1 2 -3 -4 -5 6 -7 -8 -9 10 11 12 13 14 -15 -16 -17 -18 -19 20 -21 -22 -23 24 25 26 27 -28 -29 -30 -31 32 -33 34 35 36 -37 -38 -39 40 -41 42 43 -44 45 46 47 -48 -49 50 0
uf50-0355 213 0
uf50-0355 213 0
uf50-0355 213 0
uf50-0355 212 0
uf50-0355 214 0
uf50-0355 214 0
uf50-0355 213 0
uf50-0355 214 0
uf50-0355 214 0
uf50-0355 213 0
uf50-0355 212 0
uf50-0355 109229 -1 2 -3 -4 -5 6 -7 -8 -9 10 11 12 13 14 -15 -16 -17 -18 -19 20 -21 -22 -23 24 25 26 27 -28 -29 -30 -31 32 -33 34 35 36 -37 -38 -39 40 -41 42 43 -44 45 46 47 -48 -49 50 0
uf50-0355 214 0
uf50-0355 214 0
uf50-0355 216 0
uf50-0355 214 0
uf50-0355 213 0
uf50-0355 214 0
uf50-0355 214 0
uf50-0355 214 0
uf50-0355 215 0
uf50-0355 213 0
uf50-0355 213 0
uf50-0355 215 0
uf50-0355 213 0
uf50-0355 215 0
uf50-0355 215 0
uf50-0355 213 0
uf50-0355 213 0
uf50-0355 216 0
uf50-0355 215 0
uf50-0355 213 0
uf50-0355 212 0
uf50-0355 213 0
uf50-0355 215 0
uf50-0355 214 0
uf50-0355 213 0
uf50-0355 214 0
uf50-0355 214 0
uf50-0355 215 0
uf50-0355 216 0
uf50-0355 214 0
uf50-0355 214 0
uf50-0355 214 0
uf50-0355 214 0
uf50-0355 214 0
