uf50-0746 5606 1 -2 3 -4 -5 6 7 -8 9 10 11 -12 13 14 15 16 17 18 19 -20 21 22 23 24 25 -26 27 28 29 -30 -31 32 -33 34 35 -36 -37 38 -39 40 -41 42 -43 -44 45 -46 47 48 49 50 0
uf50-0746 5935 1 -2 3 -4 -5 6 7 8 9 10 11 -12 13 14 15 16 17 18 19 -20 21 22 23 24 25 -26 27 28 29 30 -31 32 -33 34 35 36 -37 -38 -39 40 -41 42 -43 -44 45 46 47 48 49 -50 0
uf50-0746 5950 1 -2 3 -4 -5 6 7 -8 9 10 11 -12 13 14 15 16 17 18 19 -20 21 22 23 24 25 -26 27 28 29 -30 -31 32 -33 34 35 -36 -37 38 -39 40 -41 42 -43 -44 45 46 47 48 49 50 0
uf50-0746 5749 1 -2 3 -4 -5 6 7 8 9 10 11 -12 13 14 15 16 17 18 19 -20 21 -22 23 24 25 -26 27 28 29 30 -31 32 -33 34 35 36 -37 -38 -39 40 -41 42 -43 -44 45 46 47 48 49 50 0
uf50-0746 6286 1 -2 3 -4 -5 6 7 -8 9 10 11 -12 13 14 15 16 17 18 19 -20 21 22 23 24 25 -26 27 28 29 -30 -31 32 -33 34 35 36 -37 38 -39 40 -41 42 -43 -44 45 46 47 48 49 50 0
uf50-0746 6260 1 -2 3 -4 -5 6 7 -8 9 10 11 -12 13 14 15 16 17 18 19 -20 21 22 23 24 25 -26 27 28 29 -30 -31 32 -33 34 35 36 -37 38 -39 40 -41 42 -43 -44 45 46 47 48 49 -50 0
uf50-0746 6286 1 -2 3 -4 -5 6 7 -8 9 10 11 -12 13 14 15 16 17 18 19 -20 21 22 23 24 25 -26 27 28 29 -30 -31 32 -33 34 35 36 -37 38 -39 40 -41 42 -43 -44 45 46 47 48 49 50 0
uf50-0746 5749 1 -2 3 -4 -5 6 7 8 9 10 11 -12 13 14 15 16 17 18 19 -20 21 -22 23 24 25 -26 27 28 29 30 -31 32 -33 34 35 36 -37 -38 -39 40 -41 42 -43 -44 45 46 47 48 49 50 0
uf50-0746 5923 1 -2 3 -4 -5 6 7 8 9 10 11 -12 13 14 15 16 17 18 19 -20 21 22 23 24 25 -26 27 28 29 -30 -31 32 -33 34 35 36 -37 -38 -39 40 -41 42 -43 -44 45 46 47 48 49 50 0
uf50-0746 5950 1 -2 3 -4 -5 6 7 -8 9 10 11 -12 13 14 15 16 17 18 19 -20 21 22 23 24 25 -26 27 28 29 -30 -31 32 -33 34 35 -36 -37 38 -39 40 -41 42 -43 -44 45 46 47 48 49 50 0
uf50-0746 5942 1 -2 3 -4 -5 6 7 -8 9 10 11 -12 13 14 15 16 17 18 19 -20 21 22 23 24 25 -26 27 28 29 -30 -31 32 -33 34 35 36 -37 38 -39 40 -41 42 -43 -44 45 -46 47 48 49 50 0
uf50-0746 5961 1 -2 3 -4 -5 6 7 8 9 10 11 -12 13 14 15 16 17 18 19 -20 21 22 23 24 25 -26 27 28 29 30 -31 32 -33 34 35 36 -37 -38 -39 40 -41 42 -43 -44 45 46 47 48 49 50 0
uf50-0746 5636 1 -2 3 -4 -5 6 7 8 9 10 11 -12 13 14 15 16 17 18 19 -20 -21 22 23 24 25 -26 27 28 29 30 -31 32 -33 34 35 36 -37 -38 -39 40 -41 42 -43 -44 45 46 47 48 49 -50 0
uf50-0746 5950 1 -2 3 -4 -5 6 7 -8 9 10 11 -12 13 14 15 16 17 18 19 -20 21 22 23 24 25 -26 27 28 29 -30 -31 32 -33 34 35 -36 -37 38 -39 40 -41 42 -43 -44 45 46 47 48 49 50 0
uf50-0746 5942 1 -2 3 -4 -5 6 7 -8 9 10 11 -12 13 14 15 16 17 18 19 -20 21 22 23 24 25 -26 27 28 29 -30 -31 32 -33 34 35 36 -37 38 -39 40 -41 42 -43 -44 45 -46 47 48 49 50 0
uf50-0746 6286 1 -2 3 -4 -5 6 7 -8 9 10 11 -12 13 14 15 16 17 18 19 -20 21 22 23 24 25 -26 27 28 29 -30 -31 32 -33 34 35 36 -37 38 -39 40 -41 42 -43 -44 45 46 47 48 49 50 0
uf50-0746 6286 1 -2 3 -4 -5 6 7 -8 9 10 11 -12 13 14 15 16 17 18 19 -20 21 22 23 24 25 -26 27 28 29 -30 -31 32 -33 34 35 36 -37 38 -39 40 -41 42 -43 -44 45 46 47 48 49 50 0
uf50-0746 5749 1 -2 3 -4 -5 6 7 8 9 10 11 -12 13 14 15 16 17 18 19 -20 21 -22 23 24 25 -26 27 28 29 30 -31 32 -33 34 35 36 -37 -38 -39 40 -41 42 -43 -44 45 46 47 48 49 50 0
uf50-0746 5749 1 -2 3 -4 -5 6 7 8 9 10 11 -12 13 14 15 16 17 18 19 -20 21 -22 23 24 25 -26 27 28 29 30 -31 32 -33 34 35 36 -37 -38 -39 40 -41 42 -43 -44 45 46 47 48 49 50 0
uf50-0746 6286 1 -2 3 -4 -5 6 7 -8 9 10 11 -12 13 14 15 16 17 18 19 -20 21 22 23 24 25 -26 27 28 29 -30 -31 32 -33 34 35 36 -37 38 -39 40 -41 42 -43 -44 45 46 47 48 49 50 0
uf50-0746 6286 1 -2 3 -4 -5 6 7 -8 9 10 11 -12 13 14 15 16 17 18 19 -20 21 22 23 24 25 -26 27 28 29 -30 -31 32 -33 34 35 36 -37 38 -39 40 -41 42 -43 -44 45 46 47 48 49 50 0
uf50-0746 5961 1 -2 3 -4 -5 6 7 8 9 10 11 -12 13 14 15 16 17 18 19 -20 21 22 23 24 25 -26 27 28 29 30 -31 32 -33 34 35 36 -37 -38 -39 40 -41 42 -43 -44 45 46 47 48 49 50 0
uf50-0746 5961 1 -2 3 -4 -5 6 7 8 9 10 11 -12 13 14 15 16 17 18 19 -20 21 22 23 24 25 -26 27 28 29 30 -31 32 -33 34 35 36 -37 -38 -39 40 -41 42 -43 -44 45 46 47 48 49 50 0
uf50-0746 6070 1 -2 3 -4 -5 6 7 -8 9 10 11 -12 13 14 15 16 17 18 19 -20 21 22 23 24 25 -26 27 28 29 -30 -31 32 -33 34 35 36 -37 38 -39 40 -41 42 -43 -44 45 46 -47 48 49 50 0
uf50-0746 6286 1 -2 3 -4 -5 6 7 -8 9 10 11 -12 13 14 15 16 17 18 19 -20 21 22 23 24 25 -26 27 28 29 -30 -31 32 -33 34 35 36 -37 38 -39 40 -41 42 -43 -44 45 46 47 48 49 50 0
uf50-0746 5942 1 -2 3 -4 -5 6 7 -8 9 10 11 -12 13 14 15 16 17 18 19 -20 21 22 23 24 25 -26 27 28 29 -30 -31 32 -33 34 35 36 -37 38 -39 40 -41 42 -43 -44 45 -46 47 48 49 50 0
uf50-0746 6286 1 -2 3 -4 -5 6 7 -8 9 10 11 -12 13 14 15 16 17 18 19 -20 21 22 23 24 25 -26 27 28 29 -30 -31 32 -33 34 35 36 -37 38 -39 40 -41 42 -43 -44 45 46 47 48 49 50 0
uf50-0746 6044 1 -2 3 -4 -5 6 7 -8 9 10 11 -12 13 14 15 16 17 18 19 -20 21 22 23 24 25 -26 27 28 29 -30 -31 32 -33 34 35 36 -37 38 -39 40 -41 42 -43 -44 45 46 -47 48 49 -50 0
uf50-0746 5895 1 -2 3 -4 -5 6 7 -8 9 10 11 -12 13 14 -15 16 17 -18 19 -20 21 22 23 24 25 -26 27 28 29 -30 -31 32 -33 34 35 36 -37 38 -39 40 -41 42 -43 -44 45 46 47 48 49 50 0
uf50-0746 6260 1 -2 3 -4 -5 6 7 -8 9 10 11 -12 13 14 15 16 17 18 19 -20 21 22 23 24 25 -26 27 28 29 -30 -31 32 -33 34 35 36 -37 38 -39 40 -41 42 -43 -44 45 46 47 48 49 -50 0
uf50-0746 6260 1 -2 3 -4 -5 6 7 -8 9 10 11 -12 13 14 15 16 17 18 19 -20 21 22 23 24 25 -26 27 28 29 -30 -31 32 -33 34 35 36 -37 38 -39 40 -41 42 -43 -44 45 46 47 48 49 -50 0
uf50-0746 5662 1 -2 3 -4 -5 6 7 8 9 10 11 -12 13 14 15 16 17 18 19 -20 -21 22 23 24 25 -26 27 28 29 30 -31 32 -33 34 35 36 -37 -38 -39 40 -41 42 -43 -44 45 46 47 48 49 50 0
uf50-0746 5942 1 -2 3 -4 -5 6 7 -8 9 10 11 -12 13 14 15 16 17 18 19 -20 21 22 23 24 25 -26 27 28 29 -30 -31 32 -33 34 35 36 -37 38 -39 40 -41 42 -43 -44 45 -46 47 48 49 50 0
uf50-0746 6286 1 -2 3 -4 -5 6 7 -8 9 10 11 -12 13 14 15 16 17 18 19 -20 21 22 23 24 25 -26 27 28 29 -30 -31 32 -33 34 35 36 -37 38 -39 40 -41 42 -43 -44 45 46 47 48 49 50 0
uf50-0746 6286 1 -2 3 -4 -5 6 7 -8 9 10 11 -12 13 14 15 16 17 18 19 -20 21 22 23 24 25 -26 27 28 29 -30 -31 32 -33 34 35 36 -37 38 -39 40 -41 42 -43 -44 45 46 47 48 49 50 0
uf50-0746 6286 1 -2 3 -4 -5 6 7 -8 9 10 11 -12 13 14 15 16 17 18 19 -20 21 22 23 24 25 -26 27 28 29 -30 -31 32 -33 34 35 36 -37 38 -39 40 -41 42 -43 -44 45 46 47 48 49 50 0
uf50-0746 6260 1 -2 3 -4 -5 6 7 -8 9 10 11 -12 13 14 15 16 17 18 19 -20 21 22 23 24 25 -26 27 28 29 -30 -31 32 -33 34 35 36 -37 38 -39 40 -41 42 -43 -44 45 46 47 48 49 -50 0
uf50-0746 5942 1 -2 3 -4 -5 6 7 -8 9 10 11 -12 13 14 15 16 17 18 19 -20 21 22 23 24 25 -26 27 28 29 -30 -31 32 -33 34 35 36 -37 38 -39 40 -41 42 -43 -44 45 -46 47 48 49 50 0
uf50-0746 6286 1 -2 3 -4 -5 6 7 -8 9 10 11 -12 13 14 15 16 17 18 19 -20 21 22 23 24 25 -26 27 28 29 -30 -31 32 -33 34 35 36 -37 38 -39 40 -41 42 -43 -44 45 46 47 48 49 50 0
uf50-0746 5961 1 -2 3 -4 -5 6 7 8 9 10 11 -12 13 14 15 16 17 18 19 -20 21 22 23 24 25 -26 27 28 29 30 -31 32 -33 34 35 36 -37 -38 -39 40 -41 42 -43 -44 45 46 47 48 49 50 0
uf50-0746 6044 1 -2 3 -4 -5 6 7 -8 9 10 11 -12 13 14 15 16 17 18 19 -20 21 22 23 24 25 -26 27 28 29 -30 -31 32 -33 34 35 36 -37 38 -39 40 -41 42 -43 -44 45 46 -47 48 49 -50 0
uf50-0746 6286 1 -2 3 -4 -5 6 7 -8 9 10 11 -12 13 14 15 16 17 18 19 -20 21 22 23 24 25 -26 27 28 29 -30 -31 32 -33 34 35 36 -37 38 -39 40 -41 42 -43 -44 45 46 47 48 49 50 0
uf50-0746 6070 1 -2 3 -4 -5 6 7 -8 9 10 11 -12 13 14 15 16 17 18 19 -20 21 22 23 24 25 -26 27 28 29 -30 -31 32 -33 34 35 36 -37 38 -39 40 -41 42 -43 -44 45 46 -47 48 49 50 0
uf50-0746 5961 1 -2 3 -4 -5 6 7 8 9 10 11 -12 13 14 15 16 17 18 19 -20 21 22 23 24 25 -26 27 28 29 30 -31 32 -33 34 35 36 -37 -38 -39 40 -41 42 -43 -44 45 46 47 48 49 50 0
uf50-0746 5961 1 -2 3 -4 -5 6 7 8 9 10 11 -12 13 14 15 16 17 18 19 -20 21 22 23 24 25 -26 27 28 29 30 -31 32 -33 34 35 36 -37 -38 -39 40 -41 42 -43 -44 45 46 47 48 49 50 0
uf50-0746 5726 1 -2 3 -4 -5 6 7 -8 9 10 11 -12 13 14 15 16 17 18 19 -20 21 22 23 24 25 -26 27 28 29 -30 -31 32 -33 34 35 36 -37 38 -39 40 -41 42 -43 -44 45 -46 -47 48 49 50 0
uf50-0746 6286 1 -2 3 -4 -5 6 7 -8 9 10 11 -12 13 14 15 16 17 18 19 -20 21 22 23 24 25 -26 27 28 29 -30 -31 32 -33 34 35 36 -37 38 -39 40 -41 42 -43 -44 45 46 47 48 49 50 0
uf50-0746 5942 1 -2 3 -4 -5 6 7 -8 9 10 11 -12 13 14 15 16 17 18 19 -20 21 22 23 24 25 -26 27 28 29 -30 -31 32 -33 34 35 36 -37 38 -39 40 -41 42 -43 -44 45 -46 47 48 49 50 0
uf50-0746 6286 1 -2 3 -4 -5 6 7 -8 9 10 11 -12 13 14 15 16 17 18 19 -20 21 22 23 24 25 -26 27 28 29 -30 -31 32 -33 34 35 36 -37 38 -39 40 -41 42 -43 -44 45 46 47 48 49 50 0
uf50-0746 6286 1 -2 3 -4 -5 6 7 -8 9 10 11 -12 13 14 15 16 17 18 19 -20 21 22 23 24 25 -26 27 28 29 -30 -31 32 -33 34 35 36 -37 38 -39 40 -41 42 -43 -44 45 46 47 48 49 50 0
