uf50-0320 5818 1 2 -3 4 -5 -6 7 -8 -9 10 -11 12 -13 14 -15 -16 17 -18 19 -20 21 22 23 24 25 -26 27 28 -29 30 -31 32 33 -34 35 -36 -37 -38 -39 40 41 42 -43 -44 45 -46 47 -48 49 -50 0
uf50-0320 3350 1 2 -3 -4 5 -6 -7 -8 9 -10 -11 -12 13 -14 -15 -16 17 -18 19 20 -21 22 23 24 25 26 27 -28 29 30 31 -32 -33 -34 -35 36 -37 38 -39 40 41 -42 -43 44 45 -46 47 48 -49 50 0
uf50-0320 4262 -1 -2 3 -4 5 -6 -7 8 9 -10 -11 -12 -13 14 15 -16 -17 18 19 20 -21 -22 23 24 -25 26 -27 28 29 -30 -31 32 33 -34 35 -36 37 38 -39 40 -41 -42 -43 -44 45 -46 -47 -48 -49 -50 0
uf50-0320 5263 1 2 -3 4 -5 -6 7 -8 -9 10 -11 12 -13 -14 -15 -16 17 -18 19 -20 21 22 23 24 25 -26 27 28 -29 -30 -31 32 33 -34 35 -36 -37 -38 -39 40 41 42 -43 -44 45 -46 47 -48 49 -50 0
uf50-0320 3350 1 2 -3 -4 5 -6 -7 -8 9 -10 -11 -12 13 -14 -15 -16 17 -18 19 20 -21 22 23 24 25 26 27 -28 29 30 31 -32 -33 -34 -35 36 -37 38 -39 40 41 -42 -43 44 45 -46 47 48 -49 50 0
uf50-0320 5653 1 2 -3 4 -5 -6 7 -8 -9 10 -11 12 -13 14 -15 -16 17 -18 19 -20 21 22 23 24 25 -26 27 28 -29 -30 -31 32 33 -34 35 -36 -37 -38 -39 40 41 42 -43 -44 45 -46 47 -48 49 -50 0
uf50-0320 5818 1 2 -3 4 -5 -6 7 -8 -9 10 -11 12 -13 14 -15 -16 17 -18 19 -20 21 22 23 24 25 -26 27 28 -29 30 -31 32 33 -34 35 -36 -37 -38 -39 40 41 42 -43 -44 45 -46 47 -48 49 -50 0
uf50-0320 3350 1 2 -3 -4 5 -6 -7 -8 9 -10 -11 -12 13 -14 -15 -16 17 -18 19 20 -21 22 23 24 25 26 27 -28 29 30 31 -32 -33 -34 -35 36 -37 38 -39 40 41 -42 -43 44 45 -46 47 48 -49 50 0
uf50-0320 3350 1 2 -3 -4 5 -6 -7 -8 9 -10 -11 -12 13 -14 -15 -16 17 -18 19 20 -21 22 23 24 25 26 27 -28 29 30 31 -32 -33 -34 -35 36 -37 38 -39 40 41 -42 -43 44 45 -46 47 48 -49 50 0
uf50-0320 5818 1 2 -3 4 -5 -6 7 -8 -9 10 -11 12 -13 14 -15 -16 17 -18 19 -20 21 22 23 24 25 -26 27 28 -29 30 -31 32 33 -34 35 -36 -37 -38 -39 40 41 42 -43 -44 45 -46 47 -48 49 -50 0
uf50-0320 3350 1 2 -3 -4 5 -6 -7 -8 9 -10 -11 -12 13 -14 -15 -16 17 -18 19 20 -21 22 23 24 25 26 27 -28 29 30 31 -32 -33 -34 -35 36 -37 38 -39 40 41 -42 -43 44 45 -46 47 48 -49 50 0
uf50-0320 5818 1 2 -3 4 -5 -6 7 -8 -9 10 -11 12 -13 14 -15 -16 17 -18 19 -20 21 22 23 24 25 -26 27 28 -29 30 -31 32 33 -34 35 -36 -37 -38 -39 40 41 42 -43 -44 45 -46 47 -48 49 -50 0
uf50-0320 3350 1 2 -3 -4 5 -6 -7 -8 9 -10 -11 -12 13 -14 -15 -16 17 -18 19 20 -21 22 23 24 25 26 27 -28 29 30 31 -32 -33 -34 -35 36 -37 38 -39 40 41 -42 -43 44 45 -46 47 48 -49 50 0
uf50-0320 3350 1 2 -3 -4 5 -6 -7 -8 9 -10 -11 -12 13 -14 -15 -16 17 -18 19 20 -21 22 23 24 25 26 27 -28 29 30 31 -32 -33 -34 -35 36 -37 38 -39 40 41 -42 -43 44 45 -46 47 48 -49 50 0
uf50-0320 5418 1 2 -3 4 -5 -6 7 -8 -9 10 -11 12 -13 -14 -15 -16 17 -18 19 -20 21 22 -23 24 25 -26 27 28 -29 30 -31 32 33 -34 35 -36 -37 -38 -39 40 41 42 -43 -44 45 -46 47 -48 49 -50 0
uf50-0320 3183 -1 2 3 -4 5 -6 -7 8 9 -10 -11 -12 -13 -14 15 -16 17 18 19 -20 -21 22 23 24 -25 -26 -27 -28 29 -30 -31 -32 33 -34 -35 -36 37 38 -39 40 -41 42 -43 -44 45 -46 47 -48 49 -50 0
uf50-0320 3350 1 2 -3 -4 5 -6 -7 -8 9 -10 -11 -12 13 -14 -15 -16 17 -18 19 20 -21 22 23 24 25 26 27 -28 29 30 31 -32 -33 -34 -35 36 -37 38 -39 40 41 -42 -43 44 45 -46 47 48 -49 50 0
uf50-0320 3350 1 2 -3 -4 5 -6 -7 -8 9 -10 -11 -12 13 -14 -15 -16 17 -18 19 20 -21 22 23 24 25 26 27 -28 29 30 31 -32 -33 -34 -35 36 -37 38 -39 40 41 -42 -43 44 45 -46 47 48 -49 50 0
uf50-0320 3350 1 2 -3 -4 5 -6 -7 -8 9 -10 -11 -12 13 -14 -15 -16 17 -18 19 20 -21 22 23 24 25 26 27 -28 29 30 31 -32 -33 -34 -35 36 -37 38 -39 40 41 -42 -43 44 45 -46 47 48 -49 50 0
uf50-0320 3350 1 2 -3 -4 5 -6 -7 -8 9 -10 -11 -12 13 -14 -15 -16 17 -18 19 20 -21 22 23 24 25 26 27 -28 29 30 31 -32 -33 -34 -35 36 -37 38 -39 40 41 -42 -43 44 45 -46 47 48 -49 50 0
uf50-0320 5013 1 2 -3 4 -5 -6 7 -8 -9 10 -11 12 -13 -14 -15 -16 17 -18 19 -20 -21 22 23 24 25 -26 27 28 -29 30 -31 32 33 -34 35 -36 -37 -38 -39 40 41 42 -43 -44 45 -46 47 -48 49 -50 0
uf50-0320 3350 1 2 -3 -4 5 -6 -7 -8 9 -10 -11 -12 13 -14 -15 -16 17 -18 19 20 -21 22 23 24 25 26 27 -28 29 30 31 -32 -33 -34 -35 36 -37 38 -39 40 41 -42 -43 44 45 -46 47 48 -49 50 0
uf50-0320 3350 1 2 -3 -4 5 -6 -7 -8 9 -10 -11 -12 13 -14 -15 -16 17 -18 19 20 -21 22 23 24 25 26 27 -28 29 30 31 -32 -33 -34 -35 36 -37 38 -39 40 41 -42 -43 44 45 -46 47 48 -49 50 0
uf50-0320 5818 1 2 -3 4 -5 -6 7 -8 -9 10 -11 12 -13 14 -15 -16 17 -18 19 -20 21 22 23 24 25 -26 27 28 -29 30 -31 32 33 -34 35 -36 -37 -38 -39 40 41 42 -43 -44 45 -46 47 -48 49 -50 0
uf50-0320 5352 1 2 -3 4 -5 -6 7 -8 -9 10 -11 12 -13 -14 -15 -16 17 -18 19 -20 21 22 23 -24 25 -26 27 28 -29 30 -31 32 33 -34 35 -36 -37 -38 -39 40 41 42 -43 -44 45 -46 47 -48 49 -50 0
uf50-0320 5818 1 2 -3 4 -5 -6 7 -8 -9 10 -11 12 -13 14 -15 -16 17 -18 19 -20 21 22 23 24 25 -26 27 28 -29 30 -31 32 33 -34 35 -36 -37 -38 -39 40 41 42 -43 -44 45 -46 47 -48 49 -50 0
uf50-0320 3350 1 2 -3 -4 5 -6 -7 -8 9 -10 -11 -12 13 -14 -15 -16 17 -18 19 20 -21 22 23 24 25 26 27 -28 29 30 31 -32 -33 -34 -35 36 -37 38 -39 40 41 -42 -43 44 45 -46 47 48 -49 50 0
uf50-0320 3350 1 2 -3 -4 5 -6 -7 -8 9 -10 -11 -12 13 -14 -15 -16 17 -18 19 20 -21 22 23 24 25 26 27 -28 29 30 31 -32 -33 -34 -35 36 -37 38 -39 40 41 -42 -43 44 45 -46 47 48 -49 50 0
uf50-0320 3350 1 2 -3 -4 5 -6 -7 -8 9 -10 -11 -12 13 -14 -15 -16 17 -18 19 20 -21 22 23 24 25 26 27 -28 29 30 31 -32 -33 -34 -35 36 -37 38 -39 40 41 -42 -43 44 45 -46 47 48 -49 50 0
uf50-0320 3350 1 2 -3 -4 5 -6 -7 -8 9 -10 -11 -12 13 -14 -15 -16 17 -18 19 20 -21 22 23 24 25 26 27 -28 29 30 31 -32 -33 -34 -35 36 -37 38 -39 40 41 -42 -43 44 45 -46 47 48 -49 50 0
uf50-0320 3254 1 2 -3 -4 5 -6 -7 -8 -9 -10 -11 -12 13 -14 -15 -16 17 -18 19 20 -21 22 23 24 25 26 27 -28 29 30 31 -32 33 -34 -35 36 -37 38 -39 40 41 -42 -43 44 45 -46 47 48 -49 50 0
uf50-0320 3350 1 2 -3 -4 5 -6 -7 -8 9 -10 -11 -12 13 -14 -15 -16 17 -18 19 20 -21 22 23 24 25 26 27 -28 29 30 31 -32 -33 -34 -35 36 -37 38 -39 40 41 -42 -43 44 45 -46 47 48 -49 50 0
uf50-0320 3350 1 2 -3 -4 5 -6 -7 -8 9 -10 -11 -12 13 -14 -15 -16 17 -18 19 20 -21 22 23 24 25 26 27 -28 29 30 31 -32 -33 -34 -35 36 -37 38 -39 40 41 -42 -43 44 45 -46 47 48 -49 50 0
uf50-0320 3350 1 2 -3 -4 5 -6 -7 -8 9 -10 -11 -12 13 -14 -15 -16 17 -18 19 20 -21 22 23 24 25 26 27 -28 29 30 31 -32 -33 -34 -35 36 -37 38 -39 40 41 -42 -43 44 45 -46 47 48 -49 50 0
uf50-0320 3350 1 2 -3 -4 5 -6 -7 -8 9 -10 -11 -12 13 -14 -15 -16 17 -18 19 20 -21 22 23 24 25 26 27 -28 29 30 31 -32 -33 -34 -35 36 -37 38 -39 40 41 -42 -43 44 45 -46 47 48 -49 50 0
uf50-0320 3350 1 2 -3 -4 5 -6 -7 -8 9 -10 -11 -12 13 -14 -15 -16 17 -18 19 20 -21 22 23 24 25 26 27 -28 29 30 31 -32 -33 -34 -35 36 -37 38 -39 40 41 -42 -43 44 45 -46 47 48 -49 50 0
uf50-0320 3350 1 2 -3 -4 5 -6 -7 -8 9 -10 -11 -12 13 -14 -15 -16 17 -18 19 20 -21 22 23 24 25 26 27 -28 29 30 31 -32 -33 -34 -35 36 -37 38 -39 40 41 -42 -43 44 45 -46 47 48 -49 50 0
uf50-0320 3350 1 2 -3 -4 5 -6 -7 -8 9 -10 -11 -12 13 -14 -15 -16 17 -18 19 20 -21 22 23 24 25 26 27 -28 29 30 31 -32 -33 -34 -35 36 -37 38 -39 40 41 -42 -43 44 45 -46 47 48 -49 50 0
uf50-0320 3350 1 2 -3 -4 5 -6 -7 -8 9 -10 -11 -12 13 -14 -15 -16 17 -18 19 20 -21 22 23 24 25 26 27 -28 29 30 31 -32 -33 -34 -35 36 -37 38 -39 40 41 -42 -43 44 45 -46 47 48 -49 50 0
uf50-0320 4535 1 2 -3 -4 -5 -6 7 -8 -9 10 -11 12 -13 -14 -15 -16 17 -18 19 -20 -21 22 23 24 25 -26 27 28 -29 -30 -31 32 33 -34 35 -36 -37 -38 -39 40 41 42 -43 -44 45 -46 47 -48 49 -50 0
uf50-0320 3350 1 2 -3 -4 5 -6 -7 -8 9 -10 -11 -12 13 -14 -15 -16 17 -18 19 20 -21 22 23 24 25 26 27 -28 29 30 31 -32 -33 -34 -35 36 -37 38 -39 40 41 -42 -43 44 45 -46 47 48 -49 50 0
uf50-0320 3449 -1 2 3 4 5 -6 -7 8 -9 -10 -11 -12 -13 -14 15 -16 -17 18 19 -20 -21 22 23 24 -25 26 -27 -28 29 -30 31 -32 -33 -34 -35 -36 37 38 -39 40 -41 42 43 44 45 -46 47 -48 -49 -50 0
uf50-0320 3350 1 2 -3 -4 5 -6 -7 -8 9 -10 -11 -12 13 -14 -15 -16 17 -18 19 20 -21 22 23 24 25 26 27 -28 29 30 31 -32 -33 -34 -35 36 -37 38 -39 40 41 -42 -43 44 45 -46 47 48 -49 50 0
uf50-0320 3350 1 2 -3 -4 5 -6 -7 -8 9 -10 -11 -12 13 -14 -15 -16 17 -18 19 20 -21 22 23 24 25 26 27 -28 29 30 31 -32 -33 -34 -35 36 -37 38 -39 40 41 -42 -43 44 45 -46 47 48 -49 50 0
uf50-0320 3350 1 2 -3 -4 5 -6 -7 -8 9 -10 -11 -12 13 -14 -15 -16 17 -18 19 20 -21 22 23 24 25 26 27 -28 29 30 31 -32 -33 -34 -35 36 -37 38 -39 40 41 -42 -43 44 45 -46 47 48 -49 50 0
uf50-0320 3350 1 2 -3 -4 5 -6 -7 -8 9 -10 -11 -12 13 -14 -15 -16 17 -18 19 20 -21 22 23 24 25 26 27 -28 29 30 31 -32 -33 -34 -35 36 -37 38 -39 40 41 -42 -43 44 45 -46 47 48 -49 50 0
uf50-0320 3350 1 2 -3 -4 5 -6 -7 -8 9 -10 -11 -12 13 -14 -15 -16 17 -18 19 20 -21 22 23 24 25 26 27 -28 29 30 31 -32 -33 -34 -35 36 -37 38 -39 40 41 -42 -43 44 45 -46 47 48 -49 50 0
uf50-0320 5818 1 2 -3 4 -5 -6 7 -8 -9 10 -11 12 -13 14 -15 -16 17 -18 19 -20 21 22 23 24 25 -26 27 28 -29 30 -31 32 33 -34 35 -36 -37 -38 -39 40 41 42 -43 -44 45 -46 47 -48 49 -50 0
uf50-0320 3350 1 2 -3 -4 5 -6 -7 -8 9 -10 -11 -12 13 -14 -15 -16 17 -18 19 20 -21 22 23 24 25 26 27 -28 29 30 31 -32 -33 -34 -35 36 -37 38 -39 40 41 -42 -43 44 45 -46 47 48 -49 50 0
uf50-0320 4865 -1 -2 3 -4 5 -6 -7 8 9 -10 -11 12 -13 14 15 -16 -17 18 19 20 -21 -22 23 -24 -25 26 -27 28 29 -30 -31 32 33 -34 35 -36 37 38 -39 -40 -41 -42 -43 -44 45 -46 -47 -48 49 -50 0
uf50-0320 3350 1 2 -3 -4 5 -6 -7 -8 9 -10 -11 -12 13 -14 -15 -16 17 -18 19 20 -21 22 23 24 25 26 27 -28 29 30 31 -32 -33 -34 -35 36 -37 38 -39 40 41 -42 -43 44 45 -46 47 48 -49 50 0
uf50-0320 3350 1 2 -3 -4 5 -6 -7 -8 9 -10 -11 -12 13 -14 -15 -16 17 -18 19 20 -21 22 23 24 25 26 27 -28 29 30 31 -32 -33 -34 -35 36 -37 38 -39 40 41 -42 -43 44 45 -46 47 48 -49 50 0
uf50-0320 5263 1 2 -3 4 -5 -6 7 -8 -9 10 -11 12 -13 -14 -15 -16 17 -18 19 -20 21 22 23 24 25 -26 27 28 -29 -30 -31 32 33 -34 35 -36 -37 -38 -39 40 41 42 -43 -44 45 -46 47 -48 49 -50 0
uf50-0320 3350 1 2 -3 -4 5 -6 -7 -8 9 -10 -11 -12 13 -14 -15 -16 17 -18 19 20 -21 22 23 24 25 26 27 -28 29 30 31 -32 -33 -34 -35 36 -37 38 -39 40 41 -42 -43 44 45 -46 47 48 -49 50 0
uf50-0320 3350 1 2 -3 -4 5 -6 -7 -8 9 -10 -11 -12 13 -14 -15 -16 17 -18 19 20 -21 22 23 24 25 26 27 -28 29 30 31 -32 -33 -34 -35 36 -37 38 -39 40 41 -42 -43 44 45 -46 47 48 -49 50 0
uf50-0320 3350 1 2 -3 -4 5 -6 -7 -8 9 -10 -11 -12 13 -14 -15 -16 17 -18 19 20 -21 22 23 24 25 26 27 -28 29 30 31 -32 -33 -34 -35 36 -37 38 -39 40 41 -42 -43 44 45 -46 47 48 -49 50 0
uf50-0320 5818 1 2 -3 4 -5 -6 7 -8 -9 10 -11 12 -13 14 -15 -16 17 -18 19 -20 21 22 23 24 25 -26 27 28 -29 30 -31 32 33 -34 35 -36 -37 -38 -39 40 41 42 -43 -44 45 -46 47 -48 49 -50 0
uf50-0320 5818 1 2 -3 4 -5 -6 7 -8 -9 10 -11 12 -13 14 -15 -16 17 -18 19 -20 21 22 23 24 25 -26 27 28 -29 30 -31 32 33 -34 35 -36 -37 -38 -39 40 41 42 -43 -44 45 -46 47 -48 49 -50 0
uf50-0320 3350 1 2 -3 -4 5 -6 -7 -8 9 -10 -11 -12 13 -14 -15 -16 17 -18 19 20 -21 22 23 24 25 26 27 -28 29 30 31 -32 -33 -34 -35 36 -37 38 -39 40 41 -42 -43 44 45 -46 47 48 -49 50 0
uf50-0320 5653 1 2 -3 4 -5 -6 7 -8 -9 10 -11 12 -13 14 -15 -16 17 -18 19 -20 21 22 23 24 25 -26 27 28 -29 -30 -31 32 33 -34 35 -36 -37 -38 -39 40 41 42 -43 -44 45 -46 47 -48 49 -50 0
uf50-0320 2965 -1 2 -3 -4 5 -6 -7 8 -9 10 -11 -12 13 -14 -15 -16 17 -18 19 20 -21 22 23 -24 -25 26 27 -28 29 30 31 -32 33 -34 -35 36 -37 38 -39 -40 41 -42 -43 44 45 -46 47 48 -49 50 0
uf50-0320 3350 1 2 -3 -4 5 -6 -7 -8 9 -10 -11 -12 13 -14 -15 -16 17 -18 19 20 -21 22 23 24 25 26 27 -28 29 30 31 -32 -33 -34 -35 36 -37 38 -39 40 41 -42 -43 44 45 -46 47 48 -49 50 0
uf50-0320 4865 -1 -2 3 -4 5 -6 -7 8 9 -10 -11 12 -13 14 15 -16 -17 18 19 20 -21 -22 23 -24 -25 26 -27 28 29 -30 -31 32 33 -34 35 -36 37 38 -39 -40 -41 -42 -43 -44 45 -46 -47 -48 49 -50 0
uf50-0320 3350 1 2 -3 -4 5 -6 -7 -8 9 -10 -11 -12 13 -14 -15 -16 17 -18 19 20 -21 22 23 24 25 26 27 -28 29 30 31 -32 -33 -34 -35 36 -37 38 -39 40 41 -42 -43 44 45 -46 47 48 -49 50 0
uf50-0320 3350 1 2 -3 -4 5 -6 -7 -8 9 -10 -11 -12 13 -14 -15 -16 17 -18 19 20 -21 22 23 24 25 26 27 -28 29 30 31 -32 -33 -34 -35 36 -37 38 -39 40 41 -42 -43 44 45 -46 47 48 -49 50 0
uf50-0320 5263 1 2 -3 4 -5 -6 7 -8 -9 10 -11 12 -13 -14 -15 -16 17 -18 19 -20 21 22 23 24 25 -26 27 28 -29 -30 -31 32 33 -34 35 -36 -37 -38 -39 40 41 42 -43 -44 45 -46 47 -48 49 -50 0
uf50-0320 3350 1 2 -3 -4 5 -6 -7 -8 9 -10 -11 -12 13 -14 -15 -16 17 -18 19 20 -21 22 23 24 25 26 27 -28 29 30 31 -32 -33 -34 -35 36 -37 38 -39 40 41 -42 -43 44 45 -46 47 48 -49 50 0
uf50-0320 4848 1 2 -3 4 -5 -6 7 -8 -9 10 -11 12 -13 -14 -15 -16 17 -18 19 -20 -21 22 23 24 25 -26 27 28 -29 -30 -31 32 33 -34 35 -36 -37 -38 -39 40 41 42 -43 -44 45 -46 47 -48 49 -50 0
uf50-0320 3350 1 2 -3 -4 5 -6 -7 -8 9 -10 -11 -12 13 -14 -15 -16 17 -18 19 20 -21 22 23 24 25 26 27 -28 29 30 31 -32 -33 -34 -35 36 -37 38 -39 40 41 -42 -43 44 45 -46 47 48 -49 50 0
uf50-0320 3655 -1 -2 3 -4 5 -6 -7 8 9 -10 -11 -12 -13 14 15 -16 17 18 19 20 -21 -22 23 24 -25 -26 -27 -28 29 -30 -31 32 33 -34 35 -36 37 38 -39 40 -41 -42 -43 -44 45 -46 -47 -48 -49 -50 0
uf50-0320 3350 1 2 -3 -4 5 -6 -7 -8 9 -10 -11 -12 13 -14 -15 -16 17 -18 19 20 -21 22 23 24 25 26 27 -28 29 30 31 -32 -33 -34 -35 36 -37 38 -39 40 41 -42 -43 44 45 -46 47 48 -49 50 0
uf50-0320 3350 1 2 -3 -4 5 -6 -7 -8 9 -10 -11 -12 13 -14 -15 -16 17 -18 19 20 -21 22 23 24 25 26 27 -28 29 30 31 -32 -33 -34 -35 36 -37 38 -39 40 41 -42 -43 44 45 -46 47 48 -49 50 0
uf50-0320 3350 1 2 -3 -4 5 -6 -7 -8 9 -10 -11 -12 13 -14 -15 -16 17 -18 19 20 -21 22 23 24 25 26 27 -28 29 30 31 -32 -33 -34 -35 36 -37 38 -39 40 41 -42 -43 44 45 -46 47 48 -49 50 0
uf50-0320 3350 1 2 -3 -4 5 -6 -7 -8 9 -10 -11 -12 13 -14 -15 -16 17 -18 19 20 -21 22 23 24 25 26 27 -28 29 30 31 -32 -33 -34 -35 36 -37 38 -39 40 41 -42 -43 44 45 -46 47 48 -49 50 0
uf50-0320 3350 1 2 -3 -4 5 -6 -7 -8 9 -10 -11 -12 13 -14 -15 -16 17 -18 19 20 -21 22 23 24 25 26 27 -28 29 30 31 -32 -33 -34 -35 36 -37 38 -39 40 41 -42 -43 44 45 -46 47 48 -49 50 0
uf50-0320 3350 1 2 -3 -4 5 -6 -7 -8 9 -10 -11 -12 13 -14 -15 -16 17 -18 19 20 -21 22 23 24 25 26 27 -28 29 30 31 -32 -33 -34 -35 36 -37 38 -39 40 41 -42 -43 44 45 -46 47 48 -49 50 0
uf50-0320 3350 1 2 -3 -4 5 -6 -7 -8 9 -10 -11 -12 13 -14 -15 -16 17 -18 19 20 -21 22 23 24 25 26 27 -28 29 30 31 -32 -33 -34 -35 36 -37 38 -39 40 41 -42 -43 44 45 -46 47 48 -49 50 0
uf50-0320 3350 1 2 -3 -4 5 -6 -7 -8 9 -10 -11 -12 13 -14 -15 -16 17 -18 19 20 -21 22 23 24 25 26 27 -28 29 30 31 -32 -33 -34 -35 36 -37 38 -39 40 41 -42 -43 44 45 -46 47 48 -49 50 0
uf50-0320 5818 1 2 -3 4 -5 -6 7 -8 -9 10 -11 12 -13 14 -15 -16 17 -18 19 -20 21 22 23 24 25 -26 27 28 -29 30 -31 32 33 -34 35 -36 -37 -38 -39 40 41 42 -43 -44 45 -46 47 -48 49 -50 0
uf50-0320 3350 1 2 -3 -4 5 -6 -7 -8 9 -10 -11 -12 13 -14 -15 -16 17 -18 19 20 -21 22 23 24 25 26 27 -28 29 30 31 -32 -33 -34 -35 36 -37 38 -39 40 41 -42 -43 44 45 -46 47 48 -49 50 0
uf50-0320 5818 1 2 -3 4 -5 -6 7 -8 -9 10 -11 12 -13 14 -15 -16 17 -18 19 -20 21 22 23 24 25 -26 27 28 -29 30 -31 32 33 -34 35 -36 -37 -38 -39 40 41 42 -43 -44 45 -46 47 -48 49 -50 0
uf50-0320 5263 1 2 -3 4 -5 -6 7 -8 -9 10 -11 12 -13 -14 -15 -16 17 -18 19 -20 21 22 23 24 25 -26 27 28 -29 -30 -31 32 33 -34 35 -36 -37 -38 -39 40 41 42 -43 -44 45 -46 47 -48 49 -50 0
uf50-0320 3350 1 2 -3 -4 5 -6 -7 -8 9 -10 -11 -12 13 -14 -15 -16 17 -18 19 20 -21 22 23 24 25 26 27 -28 29 30 31 -32 -33 -34 -35 36 -37 38 -39 40 41 -42 -43 44 45 -46 47 48 -49 50 0
uf50-0320 3350 1 2 -3 -4 5 -6 -7 -8 9 -10 -11 -12 13 -14 -15 -16 17 -18 19 20 -21 22 23 24 25 26 27 -28 29 30 31 -32 -33 -34 -35 36 -37 38 -39 40 41 -42 -43 44 45 -46 47 48 -49 50 0
uf50-0320 3350 1 2 -3 -4 5 -6 -7 -8 9 -10 -11 -12 13 -14 -15 -16 17 -18 19 20 -21 22 23 24 25 26 27 -28 29 30 31 -32 -33 -34 -35 36 -37 38 -39 40 41 -42 -43 44 45 -46 47 48 -49 50 0
uf50-0320 3350 1 2 -3 -4 5 -6 -7 -8 9 -10 -11 -12 13 -14 -15 -16 17 -18 19 20 -21 22 23 24 25 26 27 -28 29 30 31 -32 -33 -34 -35 36 -37 38 -39 40 41 -42 -43 44 45 -46 47 48 -49 50 0
uf50-0320 3350 1 2 -3 -4 5 -6 -7 -8 9 -10 -11 -12 13 -14 -15 -16 17 -18 19 20 -21 22 23 24 25 26 27 -28 29 30 31 -32 -33 -34 -35 36 -37 38 -39 40 41 -42 -43 44 45 -46 47 48 -49 50 0
uf50-0320 3350 1 2 -3 -4 5 -6 -7 -8 9 -10 -11 -12 13 -14 -15 -16 17 -18 19 20 -21 22 23 24 25 26 27 -28 29 30 31 -32 -33 -34 -35 36 -37 38 -39 40 41 -42 -43 44 45 -46 47 48 -49 50 0
uf50-0320 5818 1 2 -3 4 -5 -6 7 -8 -9 10 -11 12 -13 14 -15 -16 17 -18 19 -20 21 22 23 24 25 -26 27 28 -29 30 -31 32 33 -34 35 -36 -37 -38 -39 40 41 42 -43 -44 45 -46 47 -48 49 -50 0
uf50-0320 3350 1 2 -3 -4 5 -6 -7 -8 9 -10 -11 -12 13 -14 -15 -16 17 -18 19 20 -21 22 23 24 25 26 27 -28 29 30 31 -32 -33 -34 -35 36 -37 38 -39 40 41 -42 -43 44 45 -46 47 48 -49 50 0
uf50-0320 3350 1 2 -3 -4 5 -6 -7 -8 9 -10 -11 -12 13 -14 -15 -16 17 -18 19 20 -21 22 23 24 25 26 27 -28 29 30 31 -32 -33 -34 -35 36 -37 38 -39 40 41 -42 -43 44 45 -46 47 48 -49 50 0
uf50-0320 5013 1 2 -3 4 -5 -6 7 -8 -9 10 -11 12 -13 -14 -15 -16 17 -18 19 -20 -21 22 23 24 25 -26 27 28 -29 30 -31 32 33 -34 35 -36 -37 -38 -39 40 41 42 -43 -44 45 -46 47 -48 49 -50 0
uf50-0320 3350 1 2 -3 -4 5 -6 -7 -8 9 -10 -11 -12 13 -14 -15 -16 17 -18 19 20 -21 22 23 24 25 26 27 -28 29 30 31 -32 -33 -34 -35 36 -37 38 -39 40 41 -42 -43 44 45 -46 47 48 -49 50 0
uf50-0320 3449 -1 2 3 4 5 -6 -7 8 -9 -10 -11 -12 -13 -14 15 -16 -17 18 19 -20 -21 22 23 24 -25 26 -27 -28 29 -30 31 -32 -33 -34 -35 -36 37 38 -39 40 -41 42 43 44 45 -46 47 -48 -49 -50 0
uf50-0320 4253 -1 -2 3 -4 5 -6 -7 8 9 -10 -11 -12 -13 14 15 -16 -17 18 19 20 -21 -22 23 24 -25 26 -27 -28 29 -30 -31 32 33 -34 35 -36 37 38 -39 40 -41 -42 -43 -44 45 -46 -47 -48 49 -50 0
uf50-0320 3350 1 2 -3 -4 5 -6 -7 -8 9 -10 -11 -12 13 -14 -15 -16 17 -18 19 20 -21 22 23 24 25 26 27 -28 29 30 31 -32 -33 -34 -35 36 -37 38 -39 40 41 -42 -43 44 45 -46 47 48 -49 50 0
uf50-0320 3350 1 2 -3 -4 5 -6 -7 -8 9 -10 -11 -12 13 -14 -15 -16 17 -18 19 20 -21 22 23 24 25 26 27 -28 29 30 31 -32 -33 -34 -35 36 -37 38 -39 40 41 -42 -43 44 45 -46 47 48 -49 50 0
uf50-0320 5818 1 2 -3 4 -5 -6 7 -8 -9 10 -11 12 -13 14 -15 -16 17 -18 19 -20 21 22 23 24 25 -26 27 28 -29 30 -31 32 33 -34 35 -36 -37 -38 -39 40 41 42 -43 -44 45 -46 47 -48 49 -50 0
uf50-0320 3350 1 2 -3 -4 5 -6 -7 -8 9 -10 -11 -12 13 -14 -15 -16 17 -18 19 20 -21 22 23 24 25 26 27 -28 29 30 31 -32 -33 -34 -35 36 -37 38 -39 40 41 -42 -43 44 45 -46 47 48 -49 50 0
uf50-0320 3350 1 2 -3 -4 5 -6 -7 -8 9 -10 -11 -12 13 -14 -15 -16 17 -18 19 20 -21 22 23 24 25 26 27 -28 29 30 31 -32 -33 -34 -35 36 -37 38 -39 40 41 -42 -43 44 45 -46 47 48 -49 50 0
