uf50-0657 3475 -1 2 -3 4 5 -6 7 -8 -9 -10 11 12 -13 14 -15 -16 17 18 19 20 21 22 -23 24 25 26 -27 28 29 30 -31 -32 33 34 -35 36 37 38 39 -40 41 -42 -43 44 -45 -46 47 -48 -49 -50 0
uf50-0657 3475 -1 2 -3 4 5 -6 7 -8 -9 -10 11 12 -13 14 -15 -16 17 18 19 20 21 22 -23 24 25 26 -27 28 29 30 -31 -32 33 34 -35 36 37 38 39 -40 41 -42 -43 44 -45 -46 47 -48 -49 -50 0
uf50-0657 3277 -1 2 -3 -4 5 -6 7 -8 -9 -10 11 12 -13 14 15 -16 17 18 19 20 21 22 -23 24 -25 26 27 28 29 30 -31 -32 33 34 -35 36 37 38 39 -40 41 -42 -43 44 -45 -46 47 -48 -49 -50 0
uf50-0657 3475 -1 2 -3 4 5 -6 7 -8 -9 -10 11 12 -13 14 -15 -16 17 18 19 20 21 22 -23 24 25 26 -27 28 29 30 -31 -32 33 34 -35 36 37 38 39 -40 41 -42 -43 44 -45 -46 47 -48 -49 -50 0
uf50-0657 3318 -1 2 -3 4 5 -6 7 -8 -9 -10 11 12 -13 14 -15 -16 17 18 19 20 21 22 -23 24 -25 26 27 28 29 30 -31 -32 33 -34 -35 36 37 38 39 40 41 -42 -43 44 -45 -46 47 -48 -49 -50 0
uf50-0657 3201 1 -2 -3 4 5 -6 7 8 -9 -10 -11 12 -13 14 -15 -16 17 -18 19 20 21 -22 23 24 -25 26 -27 28 29 30 -31 32 33 -34 -35 -36 37 -38 39 40 -41 42 -43 -44 -45 46 47 -48 -49 50 0
uf50-0657 3475 -1 2 -3 4 5 -6 7 -8 -9 -10 11 12 -13 14 -15 -16 17 18 19 20 21 22 -23 24 25 26 -27 28 29 30 -31 -32 33 34 -35 36 37 38 39 -40 41 -42 -43 44 -45 -46 47 -48 -49 -50 0
uf50-0657 3475 -1 2 -3 4 5 -6 7 -8 -9 -10 11 12 -13 14 -15 -16 17 18 19 20 21 22 -23 24 25 26 -27 28 29 30 -31 -32 33 34 -35 36 37 38 39 -40 41 -42 -43 44 -45 -46 47 -48 -49 -50 0
uf50-0657 3148 1 2 -3 -4 5 -6 7 -8 -9 -10 11 12 -13 14 15 -16 17 -18 19 20 21 22 23 24 -25 26 27 28 29 30 -31 32 33 -34 -35 36 37 38 39 -40 -41 42 43 44 -45 -46 47 -48 -49 -50 0
uf50-0657 3475 -1 2 -3 4 5 -6 7 -8 -9 -10 11 12 -13 14 -15 -16 17 18 19 20 21 22 -23 24 25 26 -27 28 29 30 -31 -32 33 34 -35 36 37 38 39 -40 41 -42 -43 44 -45 -46 47 -48 -49 -50 0
uf50-0657 3261 -1 2 -3 4 5 -6 7 -8 -9 -10 11 12 -13 14 -15 -16 17 18 19 -20 21 22 -23 24 -25 26 27 28 29 30 -31 -32 33 -34 -35 36 37 38 39 40 41 -42 -43 44 -45 -46 47 -48 -49 -50 0
uf50-0657 3475 -1 2 -3 4 5 -6 7 -8 -9 -10 11 12 -13 14 -15 -16 17 18 19 20 21 22 -23 24 25 26 -27 28 29 30 -31 -32 33 34 -35 36 37 38 39 -40 41 -42 -43 44 -45 -46 47 -48 -49 -50 0
uf50-0657 3475 -1 2 -3 4 5 -6 7 -8 -9 -10 11 12 -13 14 -15 -16 17 18 19 20 21 22 -23 24 25 26 -27 28 29 30 -31 -32 33 34 -35 36 37 38 39 -40 41 -42 -43 44 -45 -46 47 -48 -49 -50 0
uf50-0657 3475 -1 2 -3 4 5 -6 7 -8 -9 -10 11 12 -13 14 -15 -16 17 18 19 20 21 22 -23 24 25 26 -27 28 29 30 -31 -32 33 34 -35 36 37 38 39 -40 41 -42 -43 44 -45 -46 47 -48 -49 -50 0
uf50-0657 3318 -1 2 -3 4 5 -6 7 -8 -9 -10 11 12 -13 14 -15 -16 17 18 19 20 21 22 -23 24 -25 26 27 28 29 30 -31 -32 33 -34 -35 36 37 38 39 40 41 -42 -43 44 -45 -46 47 -48 -49 -50 0
uf50-0657 3475 -1 2 -3 4 5 -6 7 -8 -9 -10 11 12 -13 14 -15 -16 17 18 19 20 21 22 -23 24 25 26 -27 28 29 30 -31 -32 33 34 -35 36 37 38 39 -40 41 -42 -43 44 -45 -46 47 -48 -49 -50 0
uf50-0657 3277 -1 2 -3 -4 5 -6 7 -8 -9 -10 11 12 -13 14 15 -16 17 18 19 20 21 22 -23 24 -25 26 27 28 29 30 -31 -32 33 34 -35 36 37 38 39 -40 41 -42 -43 44 -45 -46 47 -48 -49 -50 0
uf50-0657 3475 -1 2 -3 4 5 -6 7 -8 -9 -10 11 12 -13 14 -15 -16 17 18 19 20 21 22 -23 24 25 26 -27 28 29 30 -31 -32 33 34 -35 36 37 38 39 -40 41 -42 -43 44 -45 -46 47 -48 -49 -50 0
uf50-0657 3277 -1 2 -3 -4 5 -6 7 -8 -9 -10 11 12 -13 14 15 -16 17 18 19 20 21 22 -23 24 -25 26 27 28 29 30 -31 -32 33 34 -35 36 37 38 39 -40 41 -42 -43 44 -45 -46 47 -48 -49 -50 0
uf50-0657 3201 1 -2 -3 4 5 -6 7 8 -9 -10 -11 12 -13 14 -15 -16 17 -18 19 20 21 -22 23 24 -25 26 -27 28 29 30 -31 32 33 -34 -35 -36 37 -38 39 40 -41 42 -43 -44 -45 46 47 -48 -49 50 0
uf50-0657 3318 -1 2 -3 4 5 -6 7 -8 -9 -10 11 12 -13 14 -15 -16 17 18 19 20 21 22 -23 24 -25 26 27 28 29 30 -31 -32 33 -34 -35 36 37 38 39 40 41 -42 -43 44 -45 -46 47 -48 -49 -50 0
uf50-0657 3475 -1 2 -3 4 5 -6 7 -8 -9 -10 11 12 -13 14 -15 -16 17 18 19 20 21 22 -23 24 25 26 -27 28 29 30 -31 -32 33 34 -35 36 37 38 39 -40 41 -42 -43 44 -45 -46 47 -48 -49 -50 0
uf50-0657 3475 -1 2 -3 4 5 -6 7 -8 -9 -10 11 12 -13 14 -15 -16 17 18 19 20 21 22 -23 24 25 26 -27 28 29 30 -31 -32 33 34 -35 36 37 38 39 -40 41 -42 -43 44 -45 -46 47 -48 -49 -50 0
uf50-0657 3475 -1 2 -3 4 5 -6 7 -8 -9 -10 11 12 -13 14 -15 -16 17 18 19 20 21 22 -23 24 25 26 -27 28 29 30 -31 -32 33 34 -35 36 37 38 39 -40 41 -42 -43 44 -45 -46 47 -48 -49 -50 0
uf50-0657 3475 -1 2 -3 4 5 -6 7 -8 -9 -10 11 12 -13 14 -15 -16 17 18 19 20 21 22 -23 24 25 26 -27 28 29 30 -31 -32 33 34 -35 36 37 38 39 -40 41 -42 -43 44 -45 -46 47 -48 -49 -50 0
uf50-0657 3318 -1 2 -3 4 5 -6 7 -8 -9 -10 11 12 -13 14 -15 -16 17 18 19 20 21 22 -23 24 -25 26 27 28 29 30 -31 -32 33 -34 -35 36 37 38 39 40 41 -42 -43 44 -45 -46 47 -48 -49 -50 0
uf50-0657 3475 -1 2 -3 4 5 -6 7 -8 -9 -10 11 12 -13 14 -15 -16 17 18 19 20 21 22 -23 24 25 26 -27 28 29 30 -31 -32 33 34 -35 36 37 38 39 -40 41 -42 -43 44 -45 -46 47 -48 -49 -50 0
uf50-0657 3475 -1 2 -3 4 5 -6 7 -8 -9 -10 11 12 -13 14 -15 -16 17 18 19 20 21 22 -23 24 25 26 -27 28 29 30 -31 -32 33 34 -35 36 37 38 39 -40 41 -42 -43 44 -45 -46 47 -48 -49 -50 0
uf50-0657 3318 -1 2 -3 4 5 -6 7 -8 -9 -10 11 12 -13 14 -15 -16 17 18 19 20 21 22 -23 24 -25 26 27 28 29 30 -31 -32 33 -34 -35 36 37 38 39 40 41 -42 -43 44 -45 -46 47 -48 -49 -50 0
uf50-0657 3475 -1 2 -3 4 5 -6 7 -8 -9 -10 11 12 -13 14 -15 -16 17 18 19 20 21 22 -23 24 25 26 -27 28 29 30 -31 -32 33 34 -35 36 37 38 39 -40 41 -42 -43 44 -45 -46 47 -48 -49 -50 0
uf50-0657 3475 -1 2 -3 4 5 -6 7 -8 -9 -10 11 12 -13 14 -15 -16 17 18 19 20 21 22 -23 24 25 26 -27 28 29 30 -31 -32 33 34 -35 36 37 38 39 -40 41 -42 -43 44 -45 -46 47 -48 -49 -50 0
uf50-0657 3318 -1 2 -3 4 5 -6 7 -8 -9 -10 11 12 -13 14 -15 -16 17 18 19 20 21 22 -23 24 -25 26 27 28 29 30 -31 -32 33 -34 -35 36 37 38 39 40 41 -42 -43 44 -45 -46 47 -48 -49 -50 0
uf50-0657 3277 -1 2 -3 -4 5 -6 7 -8 -9 -10 11 12 -13 14 15 -16 17 18 19 20 21 22 -23 24 -25 26 27 28 29 30 -31 -32 33 34 -35 36 37 38 39 -40 41 -42 -43 44 -45 -46 47 -48 -49 -50 0
uf50-0657 3148 1 2 -3 -4 5 -6 7 -8 -9 -10 11 12 -13 14 15 -16 17 -18 19 20 21 22 23 24 -25 26 27 28 29 30 -31 32 33 -34 -35 36 37 38 39 -40 -41 42 43 44 -45 -46 47 -48 -49 -50 0
uf50-0657 3475 -1 2 -3 4 5 -6 7 -8 -9 -10 11 12 -13 14 -15 -16 17 18 19 20 21 22 -23 24 25 26 -27 28 29 30 -31 -32 33 34 -35 36 37 38 39 -40 41 -42 -43 44 -45 -46 47 -48 -49 -50 0
uf50-0657 3475 -1 2 -3 4 5 -6 7 -8 -9 -10 11 12 -13 14 -15 -16 17 18 19 20 21 22 -23 24 25 26 -27 28 29 30 -31 -32 33 34 -35 36 37 38 39 -40 41 -42 -43 44 -45 -46 47 -48 -49 -50 0
uf50-0657 3475 -1 2 -3 4 5 -6 7 -8 -9 -10 11 12 -13 14 -15 -16 17 18 19 20 21 22 -23 24 25 26 -27 28 29 30 -31 -32 33 34 -35 36 37 38 39 -40 41 -42 -43 44 -45 -46 47 -48 -49 -50 0
uf50-0657 3261 -1 2 -3 4 5 -6 7 -8 -9 -10 11 12 -13 14 -15 -16 17 18 19 -20 21 22 -23 24 -25 26 27 28 29 30 -31 -32 33 -34 -35 36 37 38 39 40 41 -42 -43 44 -45 -46 47 -48 -49 -50 0
uf50-0657 3475 -1 2 -3 4 5 -6 7 -8 -9 -10 11 12 -13 14 -15 -16 17 18 19 20 21 22 -23 24 25 26 -27 28 29 30 -31 -32 33 34 -35 36 37 38 39 -40 41 -42 -43 44 -45 -46 47 -48 -49 -50 0
uf50-0657 3475 -1 2 -3 4 5 -6 7 -8 -9 -10 11 12 -13 14 -15 -16 17 18 19 20 21 22 -23 24 25 26 -27 28 29 30 -31 -32 33 34 -35 36 37 38 39 -40 41 -42 -43 44 -45 -46 47 -48 -49 -50 0
uf50-0657 3318 -1 2 -3 4 5 -6 7 -8 -9 -10 11 12 -13 14 -15 -16 17 18 19 20 21 22 -23 24 -25 26 27 28 29 30 -31 -32 33 -34 -35 36 37 38 39 40 41 -42 -43 44 -45 -46 47 -48 -49 -50 0
uf50-0657 3201 1 -2 -3 4 5 -6 7 8 -9 -10 -11 12 -13 14 -15 -16 17 -18 19 20 21 -22 23 24 -25 26 -27 28 29 30 -31 32 33 -34 -35 -36 37 -38 39 40 -41 42 -43 -44 -45 46 47 -48 -49 50 0
uf50-0657 3148 1 2 -3 -4 5 -6 7 -8 -9 -10 11 12 -13 14 15 -16 17 -18 19 20 21 22 23 24 -25 26 27 28 29 30 -31 32 33 -34 -35 36 37 38 39 -40 -41 42 43 44 -45 -46 47 -48 -49 -50 0
uf50-0657 3475 -1 2 -3 4 5 -6 7 -8 -9 -10 11 12 -13 14 -15 -16 17 18 19 20 21 22 -23 24 25 26 -27 28 29 30 -31 -32 33 34 -35 36 37 38 39 -40 41 -42 -43 44 -45 -46 47 -48 -49 -50 0
uf50-0657 3475 -1 2 -3 4 5 -6 7 -8 -9 -10 11 12 -13 14 -15 -16 17 18 19 20 21 22 -23 24 25 26 -27 28 29 30 -31 -32 33 34 -35 36 37 38 39 -40 41 -42 -43 44 -45 -46 47 -48 -49 -50 0
uf50-0657 3475 -1 2 -3 4 5 -6 7 -8 -9 -10 11 12 -13 14 -15 -16 17 18 19 20 21 22 -23 24 25 26 -27 28 29 30 -31 -32 33 34 -35 36 37 38 39 -40 41 -42 -43 44 -45 -46 47 -48 -49 -50 0
uf50-0657 3475 -1 2 -3 4 5 -6 7 -8 -9 -10 11 12 -13 14 -15 -16 17 18 19 20 21 22 -23 24 25 26 -27 28 29 30 -31 -32 33 34 -35 36 37 38 39 -40 41 -42 -43 44 -45 -46 47 -48 -49 -50 0
uf50-0657 3475 -1 2 -3 4 5 -6 7 -8 -9 -10 11 12 -13 14 -15 -16 17 18 19 20 21 22 -23 24 25 26 -27 28 29 30 -31 -32 33 34 -35 36 37 38 39 -40 41 -42 -43 44 -45 -46 47 -48 -49 -50 0
uf50-0657 3475 -1 2 -3 4 5 -6 7 -8 -9 -10 11 12 -13 14 -15 -16 17 18 19 20 21 22 -23 24 25 26 -27 28 29 30 -31 -32 33 34 -35 36 37 38 39 -40 41 -42 -43 44 -45 -46 47 -48 -49 -50 0
uf50-0657 3475 -1 2 -3 4 5 -6 7 -8 -9 -10 11 12 -13 14 -15 -16 17 18 19 20 21 22 -23 24 25 26 -27 28 29 30 -31 -32 33 34 -35 36 37 38 39 -40 41 -42 -43 44 -45 -46 47 -48 -49 -50 0
uf50-0657 3475 -1 2 -3 4 5 -6 7 -8 -9 -10 11 12 -13 14 -15 -16 17 18 19 20 21 22 -23 24 25 26 -27 28 29 30 -31 -32 33 34 -35 36 37 38 39 -40 41 -42 -43 44 -45 -46 47 -48 -49 -50 0
uf50-0657 3277 -1 2 -3 -4 5 -6 7 -8 -9 -10 11 12 -13 14 15 -16 17 18 19 20 21 22 -23 24 -25 26 27 28 29 30 -31 -32 33 34 -35 36 37 38 39 -40 41 -42 -43 44 -45 -46 47 -48 -49 -50 0
uf50-0657 3148 1 2 -3 -4 5 -6 7 -8 -9 -10 11 12 -13 14 15 -16 17 -18 19 20 21 22 23 24 -25 26 27 28 29 30 -31 32 33 -34 -35 36 37 38 39 -40 -41 42 43 44 -45 -46 47 -48 -49 -50 0
uf50-0657 3475 -1 2 -3 4 5 -6 7 -8 -9 -10 11 12 -13 14 -15 -16 17 18 19 20 21 22 -23 24 25 26 -27 28 29 30 -31 -32 33 34 -35 36 37 38 39 -40 41 -42 -43 44 -45 -46 47 -48 -49 -50 0
uf50-0657 3475 -1 2 -3 4 5 -6 7 -8 -9 -10 11 12 -13 14 -15 -16 17 18 19 20 21 22 -23 24 25 26 -27 28 29 30 -31 -32 33 34 -35 36 37 38 39 -40 41 -42 -43 44 -45 -46 47 -48 -49 -50 0
uf50-0657 3201 1 -2 -3 4 5 -6 7 8 -9 -10 -11 12 -13 14 -15 -16 17 -18 19 20 21 -22 23 24 -25 26 -27 28 29 30 -31 32 33 -34 -35 -36 37 -38 39 40 -41 42 -43 -44 -45 46 47 -48 -49 50 0
uf50-0657 3148 1 2 -3 -4 5 -6 7 -8 -9 -10 11 12 -13 14 15 -16 17 -18 19 20 21 22 23 24 -25 26 27 28 29 30 -31 32 33 -34 -35 36 37 38 39 -40 -41 42 43 44 -45 -46 47 -48 -49 -50 0
uf50-0657 3475 -1 2 -3 4 5 -6 7 -8 -9 -10 11 12 -13 14 -15 -16 17 18 19 20 21 22 -23 24 25 26 -27 28 29 30 -31 -32 33 34 -35 36 37 38 39 -40 41 -42 -43 44 -45 -46 47 -48 -49 -50 0
uf50-0657 3318 -1 2 -3 4 5 -6 7 -8 -9 -10 11 12 -13 14 -15 -16 17 18 19 20 21 22 -23 24 -25 26 27 28 29 30 -31 -32 33 -34 -35 36 37 38 39 40 41 -42 -43 44 -45 -46 47 -48 -49 -50 0
uf50-0657 3318 -1 2 -3 4 5 -6 7 -8 -9 -10 11 12 -13 14 -15 -16 17 18 19 20 21 22 -23 24 -25 26 27 28 29 30 -31 -32 33 -34 -35 36 37 38 39 40 41 -42 -43 44 -45 -46 47 -48 -49 -50 0
uf50-0657 3475 -1 2 -3 4 5 -6 7 -8 -9 -10 11 12 -13 14 -15 -16 17 18 19 20 21 22 -23 24 25 26 -27 28 29 30 -31 -32 33 34 -35 36 37 38 39 -40 41 -42 -43 44 -45 -46 47 -48 -49 -50 0
uf50-0657 3475 -1 2 -3 4 5 -6 7 -8 -9 -10 11 12 -13 14 -15 -16 17 18 19 20 21 22 -23 24 25 26 -27 28 29 30 -31 -32 33 34 -35 36 37 38 39 -40 41 -42 -43 44 -45 -46 47 -48 -49 -50 0
uf50-0657 3475 -1 2 -3 4 5 -6 7 -8 -9 -10 11 12 -13 14 -15 -16 17 18 19 20 21 22 -23 24 25 26 -27 28 29 30 -31 -32 33 34 -35 36 37 38 39 -40 41 -42 -43 44 -45 -46 47 -48 -49 -50 0
uf50-0657 3318 -1 2 -3 4 5 -6 7 -8 -9 -10 11 12 -13 14 -15 -16 17 18 19 20 21 22 -23 24 -25 26 27 28 29 30 -31 -32 33 -34 -35 36 37 38 39 40 41 -42 -43 44 -45 -46 47 -48 -49 -50 0
uf50-0657 3475 -1 2 -3 4 5 -6 7 -8 -9 -10 11 12 -13 14 -15 -16 17 18 19 20 21 22 -23 24 25 26 -27 28 29 30 -31 -32 33 34 -35 36 37 38 39 -40 41 -42 -43 44 -45 -46 47 -48 -49 -50 0
uf50-0657 3277 -1 2 -3 -4 5 -6 7 -8 -9 -10 11 12 -13 14 15 -16 17 18 19 20 21 22 -23 24 -25 26 27 28 29 30 -31 -32 33 34 -35 36 37 38 39 -40 41 -42 -43 44 -45 -46 47 -48 -49 -50 0
uf50-0657 3201 1 -2 -3 4 5 -6 7 8 -9 -10 -11 12 -13 14 -15 -16 17 -18 19 20 21 -22 23 24 -25 26 -27 28 29 30 -31 32 33 -34 -35 -36 37 -38 39 40 -41 42 -43 -44 -45 46 47 -48 -49 50 0
uf50-0657 3259 -1 2 -3 4 5 -6 7 -8 -9 -10 11 12 -13 14 -15 -16 17 18 19 20 21 22 -23 24 -25 26 27 28 29 30 -31 -32 33 34 -35 36 37 38 39 -40 41 -42 -43 44 -45 -46 47 -48 -49 -50 0
uf50-0657 3318 -1 2 -3 4 5 -6 7 -8 -9 -10 11 12 -13 14 -15 -16 17 18 19 20 21 22 -23 24 -25 26 27 28 29 30 -31 -32 33 -34 -35 36 37 38 39 40 41 -42 -43 44 -45 -46 47 -48 -49 -50 0
uf50-0657 3475 -1 2 -3 4 5 -6 7 -8 -9 -10 11 12 -13 14 -15 -16 17 18 19 20 21 22 -23 24 25 26 -27 28 29 30 -31 -32 33 34 -35 36 37 38 39 -40 41 -42 -43 44 -45 -46 47 -48 -49 -50 0
uf50-0657 3277 -1 2 -3 -4 5 -6 7 -8 -9 -10 11 12 -13 14 15 -16 17 18 19 20 21 22 -23 24 -25 26 27 28 29 30 -31 -32 33 34 -35 36 37 38 39 -40 41 -42 -43 44 -45 -46 47 -48 -49 -50 0
uf50-0657 3475 -1 2 -3 4 5 -6 7 -8 -9 -10 11 12 -13 14 -15 -16 17 18 19 20 21 22 -23 24 25 26 -27 28 29 30 -31 -32 33 34 -35 36 37 38 39 -40 41 -42 -43 44 -45 -46 47 -48 -49 -50 0
uf50-0657 3475 -1 2 -3 4 5 -6 7 -8 -9 -10 11 12 -13 14 -15 -16 17 18 19 20 21 22 -23 24 25 26 -27 28 29 30 -31 -32 33 34 -35 36 37 38 39 -40 41 -42 -43 44 -45 -46 47 -48 -49 -50 0
uf50-0657 3475 -1 2 -3 4 5 -6 7 -8 -9 -10 11 12 -13 14 -15 -16 17 18 19 20 21 22 -23 24 25 26 -27 28 29 30 -31 -32 33 34 -35 36 37 38 39 -40 41 -42 -43 44 -45 -46 47 -48 -49 -50 0
uf50-0657 3475 -1 2 -3 4 5 -6 7 -8 -9 -10 11 12 -13 14 -15 -16 17 18 19 20 21 22 -23 24 25 26 -27 28 29 30 -31 -32 33 34 -35 36 37 38 39 -40 41 -42 -43 44 -45 -46 47 -48 -49 -50 0
uf50-0657 3475 -1 2 -3 4 5 -6 7 -8 -9 -10 11 12 -13 14 -15 -16 17 18 19 20 21 22 -23 24 25 26 -27 28 29 30 -31 -32 33 34 -35 36 37 38 39 -40 41 -42 -43 44 -45 -46 47 -48 -49 -50 0
uf50-0657 3148 1 2 -3 -4 5 -6 7 -8 -9 -10 11 12 -13 14 15 -16 17 -18 19 20 21 22 23 24 -25 26 27 28 29 30 -31 32 33 -34 -35 36 37 38 39 -40 -41 42 43 44 -45 -46 47 -48 -49 -50 0
uf50-0657 3475 -1 2 -3 4 5 -6 7 -8 -9 -10 11 12 -13 14 -15 -16 17 18 19 20 21 22 -23 24 25 26 -27 28 29 30 -31 -32 33 34 -35 36 37 38 39 -40 41 -42 -43 44 -45 -46 47 -48 -49 -50 0
uf50-0657 3475 -1 2 -3 4 5 -6 7 -8 -9 -10 11 12 -13 14 -15 -16 17 18 19 20 21 22 -23 24 25 26 -27 28 29 30 -31 -32 33 34 -35 36 37 38 39 -40 41 -42 -43 44 -45 -46 47 -48 -49 -50 0
uf50-0657 3475 -1 2 -3 4 5 -6 7 -8 -9 -10 11 12 -13 14 -15 -16 17 18 19 20 21 22 -23 24 25 26 -27 28 29 30 -31 -32 33 34 -35 36 37 38 39 -40 41 -42 -43 44 -45 -46 47 -48 -49 -50 0
uf50-0657 3318 -1 2 -3 4 5 -6 7 -8 -9 -10 11 12 -13 14 -15 -16 17 18 19 20 21 22 -23 24 -25 26 27 28 29 30 -31 -32 33 -34 -35 36 37 38 39 40 41 -42 -43 44 -45 -46 47 -48 -49 -50 0
uf50-0657 3277 -1 2 -3 -4 5 -6 7 -8 -9 -10 11 12 -13 14 15 -16 17 18 19 20 21 22 -23 24 -25 26 27 28 29 30 -31 -32 33 34 -35 36 37 38 39 -40 41 -42 -43 44 -45 -46 47 -48 -49 -50 0
uf50-0657 3148 1 2 -3 -4 5 -6 7 -8 -9 -10 11 12 -13 14 15 -16 17 -18 19 20 21 22 23 24 -25 26 27 28 29 30 -31 32 33 -34 -35 36 37 38 39 -40 -41 42 43 44 -45 -46 47 -48 -49 -50 0
uf50-0657 3475 -1 2 -3 4 5 -6 7 -8 -9 -10 11 12 -13 14 -15 -16 17 18 19 20 21 22 -23 24 25 26 -27 28 29 30 -31 -32 33 34 -35 36 37 38 39 -40 41 -42 -43 44 -45 -46 47 -48 -49 -50 0
uf50-0657 3261 -1 2 -3 4 5 -6 7 -8 -9 -10 11 12 -13 14 -15 -16 17 18 19 -20 21 22 -23 24 -25 26 27 28 29 30 -31 -32 33 -34 -35 36 37 38 39 40 41 -42 -43 44 -45 -46 47 -48 -49 -50 0
uf50-0657 3475 -1 2 -3 4 5 -6 7 -8 -9 -10 11 12 -13 14 -15 -16 17 18 19 20 21 22 -23 24 25 26 -27 28 29 30 -31 -32 33 34 -35 36 37 38 39 -40 41 -42 -43 44 -45 -46 47 -48 -49 -50 0
uf50-0657 3475 -1 2 -3 4 5 -6 7 -8 -9 -10 11 12 -13 14 -15 -16 17 18 19 20 21 22 -23 24 25 26 -27 28 29 30 -31 -32 33 34 -35 36 37 38 39 -40 41 -42 -43 44 -45 -46 47 -48 -49 -50 0
uf50-0657 3475 -1 2 -3 4 5 -6 7 -8 -9 -10 11 12 -13 14 -15 -16 17 18 19 20 21 22 -23 24 25 26 -27 28 29 30 -31 -32 33 34 -35 36 37 38 39 -40 41 -42 -43 44 -45 -46 47 -48 -49 -50 0
uf50-0657 3475 -1 2 -3 4 5 -6 7 -8 -9 -10 11 12 -13 14 -15 -16 17 18 19 20 21 22 -23 24 25 26 -27 28 29 30 -31 -32 33 34 -35 36 37 38 39 -40 41 -42 -43 44 -45 -46 47 -48 -49 -50 0
uf50-0657 3148 1 2 -3 -4 5 -6 7 -8 -9 -10 11 12 -13 14 15 -16 17 -18 19 20 21 22 23 24 -25 26 27 28 29 30 -31 32 33 -34 -35 36 37 38 39 -40 -41 42 43 44 -45 -46 47 -48 -49 -50 0
uf50-0657 3148 1 2 -3 -4 5 -6 7 -8 -9 -10 11 12 -13 14 15 -16 17 -18 19 20 21 22 23 24 -25 26 27 28 29 30 -31 32 33 -34 -35 36 37 38 39 -40 -41 42 43 44 -45 -46 47 -48 -49 -50 0
uf50-0657 3475 -1 2 -3 4 5 -6 7 -8 -9 -10 11 12 -13 14 -15 -16 17 18 19 20 21 22 -23 24 25 26 -27 28 29 30 -31 -32 33 34 -35 36 37 38 39 -40 41 -42 -43 44 -45 -46 47 -48 -49 -50 0
uf50-0657 3261 -1 2 -3 4 5 -6 7 -8 -9 -10 11 12 -13 14 -15 -16 17 18 19 -20 21 22 -23 24 -25 26 27 28 29 30 -31 -32 33 -34 -35 36 37 38 39 40 41 -42 -43 44 -45 -46 47 -48 -49 -50 0
uf50-0657 3475 -1 2 -3 4 5 -6 7 -8 -9 -10 11 12 -13 14 -15 -16 17 18 19 20 21 22 -23 24 25 26 -27 28 29 30 -31 -32 33 34 -35 36 37 38 39 -40 41 -42 -43 44 -45 -46 47 -48 -49 -50 0
uf50-0657 3148 1 2 -3 -4 5 -6 7 -8 -9 -10 11 12 -13 14 15 -16 17 -18 19 20 21 22 23 24 -25 26 27 28 29 30 -31 32 33 -34 -35 36 37 38 39 -40 -41 42 43 44 -45 -46 47 -48 -49 -50 0
uf50-0657 3277 -1 2 -3 -4 5 -6 7 -8 -9 -10 11 12 -13 14 15 -16 17 18 19 20 21 22 -23 24 -25 26 27 28 29 30 -31 -32 33 34 -35 36 37 38 39 -40 41 -42 -43 44 -45 -46 47 -48 -49 -50 0
uf50-0657 3475 -1 2 -3 4 5 -6 7 -8 -9 -10 11 12 -13 14 -15 -16 17 18 19 20 21 22 -23 24 25 26 -27 28 29 30 -31 -32 33 34 -35 36 37 38 39 -40 41 -42 -43 44 -45 -46 47 -48 -49 -50 0
uf50-0657 3475 -1 2 -3 4 5 -6 7 -8 -9 -10 11 12 -13 14 -15 -16 17 18 19 20 21 22 -23 24 25 26 -27 28 29 30 -31 -32 33 34 -35 36 37 38 39 -40 41 -42 -43 44 -45 -46 47 -48 -49 -50 0
uf50-0657 3318 -1 2 -3 4 5 -6 7 -8 -9 -10 11 12 -13 14 -15 -16 17 18 19 20 21 22 -23 24 -25 26 27 28 29 30 -31 -32 33 -34 -35 36 37 38 39 40 41 -42 -43 44 -45 -46 47 -48 -49 -50 0
uf50-0657 3475 -1 2 -3 4 5 -6 7 -8 -9 -10 11 12 -13 14 -15 -16 17 18 19 20 21 22 -23 24 25 26 -27 28 29 30 -31 -32 33 34 -35 36 37 38 39 -40 41 -42 -43 44 -45 -46 47 -48 -49 -50 0
