uf50-0242 4493 -1 2 3 -4 5 -6 7 -8 -9 10 11 -12 13 14 -15 16 17 18 19 -20 -21 22 23 24 -25 26 -27 28 29 -30 31 -32 33 34 -35 36 -37 38 39 40 41 -42 43 -44 45 46 47 -48 -49 -50 0
uf50-0242 4887 1 2 3 -4 -5 -6 -7 -8 9 10 11 -12 13 14 15 16 17 -18 19 20 21 -22 -23 -24 -25 26 27 28 -29 30 -31 32 -33 34 35 36 37 -38 -39 40 -41 -42 43 -44 45 46 47 48 -49 50 0
uf50-0242 4392 -1 2 3 -4 5 -6 7 -8 -9 10 11 -12 13 -14 -15 -16 17 18 19 20 21 22 23 24 -25 26 -27 28 29 -30 31 -32 33 34 -35 36 -37 38 39 40 41 -42 43 44 45 46 47 -48 -49 -50 0
uf50-0242 4887 1 2 3 -4 -5 -6 -7 -8 9 10 11 -12 13 14 15 16 17 -18 19 20 21 -22 -23 -24 -25 26 27 28 -29 30 -31 32 -33 34 35 36 37 -38 -39 40 -41 -42 43 -44 45 46 47 48 -49 50 0
uf50-0242 4493 -1 2 3 -4 5 -6 7 -8 -9 10 11 -12 13 14 -15 16 17 18 19 -20 -21 22 23 24 -25 26 -27 28 29 -30 31 -32 33 34 -35 36 -37 38 39 40 41 -42 43 -44 45 46 47 -48 -49 -50 0
uf50-0242 4887 1 2 3 -4 -5 -6 -7 -8 9 10 11 -12 13 14 15 16 17 -18 19 20 21 -22 -23 -24 -25 26 27 28 -29 30 -31 32 -33 34 35 36 37 -38 -39 40 -41 -42 43 -44 45 46 47 48 -49 50 0
uf50-0242 4493 -1 2 3 -4 5 -6 7 -8 -9 10 11 -12 13 14 -15 16 17 18 19 -20 -21 22 23 24 -25 26 -27 28 29 -30 31 -32 33 34 -35 36 -37 38 39 40 41 -42 43 -44 45 46 47 -48 -49 -50 0
uf50-0242 4447 -1 2 3 4 5 -6 7 -8 -9 10 11 -12 13 -14 15 -16 17 18 -19 20 21 22 23 24 -25 26 -27 28 -29 -30 31 -32 33 34 -35 36 -37 38 39 40 -41 42 43 44 45 46 47 -48 49 -50 0
uf50-0242 4887 1 2 3 -4 -5 -6 -7 -8 9 10 11 -12 13 14 15 16 17 -18 19 20 21 -22 -23 -24 -25 26 27 28 -29 30 -31 32 -33 34 35 36 37 -38 -39 40 -41 -42 43 -44 45 46 47 48 -49 50 0
uf50-0242 4485 1 2 3 -4 -5 -6 -7 -8 9 10 11 -12 13 14 15 16 17 -18 19 20 21 -22 -23 -24 -25 26 27 28 -29 -30 -31 32 -33 34 35 36 37 -38 -39 40 -41 -42 43 -44 45 46 47 48 -49 50 0
uf50-0242 4493 -1 2 3 -4 5 -6 7 -8 -9 10 11 -12 13 14 -15 16 17 18 19 -20 -21 22 23 24 -25 26 -27 28 29 -30 31 -32 33 34 -35 36 -37 38 39 40 41 -42 43 -44 45 46 47 -48 -49 -50 0
uf50-0242 4392 -1 2 3 -4 5 -6 7 -8 -9 10 11 -12 13 -14 -15 -16 17 18 19 20 21 22 23 24 -25 26 -27 28 29 -30 31 -32 33 34 -35 36 -37 38 39 40 41 -42 43 44 45 46 47 -48 -49 -50 0
uf50-0242 4447 -1 2 3 4 5 -6 7 -8 -9 10 11 -12 13 -14 15 -16 17 18 -19 20 21 22 23 24 -25 26 -27 28 -29 -30 31 -32 33 34 -35 36 -37 38 39 40 -41 42 43 44 45 46 47 -48 49 -50 0
uf50-0242 4447 -1 2 3 4 5 -6 7 -8 -9 10 11 -12 13 -14 15 -16 17 18 -19 20 21 22 23 24 -25 26 -27 28 -29 -30 31 -32 33 34 -35 36 -37 38 39 40 -41 42 43 44 45 46 47 -48 49 -50 0
uf50-0242 4451 -1 2 3 -4 5 -6 7 -8 -9 10 11 -12 13 14 -15 16 -17 18 19 -20 -21 22 23 24 -25 26 -27 28 29 -30 31 -32 33 34 -35 36 -37 38 39 40 41 -42 43 -44 45 46 47 -48 -49 -50 0
uf50-0242 4208 -1 2 3 -4 5 -6 7 8 -9 10 -11 -12 13 14 -15 16 -17 18 19 -20 -21 22 23 -24 -25 26 -27 28 29 -30 31 -32 33 34 -35 36 -37 38 39 40 41 -42 43 -44 45 46 -47 -48 -49 -50 0
uf50-0242 4887 1 2 3 -4 -5 -6 -7 -8 9 10 11 -12 13 14 15 16 17 -18 19 20 21 -22 -23 -24 -25 26 27 28 -29 30 -31 32 -33 34 35 36 37 -38 -39 40 -41 -42 43 -44 45 46 47 48 -49 50 0
uf50-0242 4887 1 2 3 -4 -5 -6 -7 -8 9 10 11 -12 13 14 15 16 17 -18 19 20 21 -22 -23 -24 -25 26 27 28 -29 30 -31 32 -33 34 35 36 37 -38 -39 40 -41 -42 43 -44 45 46 47 48 -49 50 0
uf50-0242 4447 -1 2 3 4 5 -6 7 -8 -9 10 11 -12 13 -14 15 -16 17 18 -19 20 21 22 23 24 -25 26 -27 28 -29 -30 31 -32 33 34 -35 36 -37 38 39 40 -41 42 43 44 45 46 47 -48 49 -50 0
uf50-0242 4451 -1 2 3 -4 5 -6 7 -8 -9 10 11 -12 13 14 -15 16 -17 18 19 -20 -21 22 23 24 -25 26 -27 28 29 -30 31 -32 33 34 -35 36 -37 38 39 40 41 -42 43 -44 45 46 47 -48 -49 -50 0
uf50-0242 4447 -1 2 3 4 5 -6 7 -8 -9 10 11 -12 13 -14 15 -16 17 18 -19 20 21 22 23 24 -25 26 -27 28 -29 -30 31 -32 33 34 -35 36 -37 38 39 40 -41 42 43 44 45 46 47 -48 49 -50 0
uf50-0242 4493 -1 2 3 -4 5 -6 7 -8 -9 10 11 -12 13 14 -15 16 17 18 19 -20 -21 22 23 24 -25 26 -27 28 29 -30 31 -32 33 34 -35 36 -37 38 39 40 41 -42 43 -44 45 46 47 -48 -49 -50 0
uf50-0242 4244 -1 2 3 -4 5 -6 7 -8 -9 10 11 -12 13 14 -15 16 -17 18 19 -20 -21 22 23 24 -25 26 -27 28 29 -30 31 -32 33 34 -35 36 -37 38 39 40 41 -42 43 -44 45 46 -47 -48 -49 -50 0
uf50-0242 4758 1 2 3 -4 5 -6 7 -8 -9 10 11 -12 -13 -14 -15 -16 17 18 19 20 -21 22 23 -24 -25 26 27 28 29 30 31 -32 -33 34 -35 36 37 38 39 40 41 -42 43 -44 45 46 47 -48 -49 -50 0
uf50-0242 4610 1 2 3 -4 5 -6 7 -8 -9 10 11 -12 -13 -14 -15 -16 17 18 19 20 -21 22 23 -24 -25 26 -27 28 29 30 31 -32 -33 34 -35 36 37 38 39 40 41 -42 43 -44 45 46 47 -48 -49 -50 0
uf50-0242 4493 -1 2 3 -4 5 -6 7 -8 -9 10 11 -12 13 14 -15 16 17 18 19 -20 -21 22 23 24 -25 26 -27 28 29 -30 31 -32 33 34 -35 36 -37 38 39 40 41 -42 43 -44 45 46 47 -48 -49 -50 0
uf50-0242 4392 -1 2 3 -4 5 -6 7 -8 -9 10 11 -12 13 -14 -15 -16 17 18 19 20 21 22 23 24 -25 26 -27 28 29 -30 31 -32 33 34 -35 36 -37 38 39 40 41 -42 43 44 45 46 47 -48 -49 -50 0
uf50-0242 4758 1 2 3 -4 5 -6 7 -8 -9 10 11 -12 -13 -14 -15 -16 17 18 19 20 -21 22 23 -24 -25 26 27 28 29 30 31 -32 -33 34 -35 36 37 38 39 40 41 -42 43 -44 45 46 47 -48 -49 -50 0
uf50-0242 4758 1 2 3 -4 5 -6 7 -8 -9 10 11 -12 -13 -14 -15 -16 17 18 19 20 -21 22 23 -24 -25 26 27 28 29 30 31 -32 -33 34 -35 36 37 38 39 40 41 -42 43 -44 45 46 47 -48 -49 -50 0
uf50-0242 4392 -1 2 3 -4 5 -6 7 -8 -9 10 11 -12 13 -14 -15 -16 17 18 19 20 21 22 23 24 -25 26 -27 28 29 -30 31 -32 33 34 -35 36 -37 38 39 40 41 -42 43 44 45 46 47 -48 -49 -50 0
uf50-0242 4447 -1 2 3 4 5 -6 7 -8 -9 10 11 -12 13 -14 15 -16 17 18 -19 20 21 22 23 24 -25 26 -27 28 -29 -30 31 -32 33 34 -35 36 -37 38 39 40 -41 42 43 44 45 46 47 -48 49 -50 0
uf50-0242 4493 -1 2 3 -4 5 -6 7 -8 -9 10 11 -12 13 14 -15 16 17 18 19 -20 -21 22 23 24 -25 26 -27 28 29 -30 31 -32 33 34 -35 36 -37 38 39 40 41 -42 43 -44 45 46 47 -48 -49 -50 0
uf50-0242 4493 -1 2 3 -4 5 -6 7 -8 -9 10 11 -12 13 14 -15 16 17 18 19 -20 -21 22 23 24 -25 26 -27 28 29 -30 31 -32 33 34 -35 36 -37 38 39 40 41 -42 43 -44 45 46 47 -48 -49 -50 0
uf50-0242 4493 -1 2 3 -4 5 -6 7 -8 -9 10 11 -12 13 14 -15 16 17 18 19 -20 -21 22 23 24 -25 26 -27 28 29 -30 31 -32 33 34 -35 36 -37 38 39 40 41 -42 43 -44 45 46 47 -48 -49 -50 0
uf50-0242 4887 1 2 3 -4 -5 -6 -7 -8 9 10 11 -12 13 14 15 16 17 -18 19 20 21 -22 -23 -24 -25 26 27 28 -29 30 -31 32 -33 34 35 36 37 -38 -39 40 -41 -42 43 -44 45 46 47 48 -49 50 0
uf50-0242 4392 -1 2 3 -4 5 -6 7 -8 -9 10 11 -12 13 -14 -15 -16 17 18 19 20 21 22 23 24 -25 26 -27 28 29 -30 31 -32 33 34 -35 36 -37 38 39 40 41 -42 43 44 45 46 47 -48 -49 -50 0
uf50-0242 4447 -1 2 3 4 5 -6 7 -8 -9 10 11 -12 13 -14 15 -16 17 18 -19 20 21 22 23 24 -25 26 -27 28 -29 -30 31 -32 33 34 -35 36 -37 38 39 40 -41 42 43 44 45 46 47 -48 49 -50 0
uf50-0242 4447 -1 2 3 4 5 -6 7 -8 -9 10 11 -12 13 -14 15 -16 17 18 -19 20 21 22 23 24 -25 26 -27 28 -29 -30 31 -32 33 34 -35 36 -37 38 39 40 -41 42 43 44 45 46 47 -48 49 -50 0
uf50-0242 4493 -1 2 3 -4 5 -6 7 -8 -9 10 11 -12 13 14 -15 16 17 18 19 -20 -21 22 23 24 -25 26 -27 28 29 -30 31 -32 33 34 -35 36 -37 38 39 40 41 -42 43 -44 45 46 47 -48 -49 -50 0
uf50-0242 4887 1 2 3 -4 -5 -6 -7 -8 9 10 11 -12 13 14 15 16 17 -18 19 20 21 -22 -23 -24 -25 26 27 28 -29 30 -31 32 -33 34 35 36 37 -38 -39 40 -41 -42 43 -44 45 46 47 48 -49 50 0
uf50-0242 4493 -1 2 3 -4 5 -6 7 -8 -9 10 11 -12 13 14 -15 16 17 18 19 -20 -21 22 23 24 -25 26 -27 28 29 -30 31 -32 33 34 -35 36 -37 38 39 40 41 -42 43 -44 45 46 47 -48 -49 -50 0
uf50-0242 4493 -1 2 3 -4 5 -6 7 -8 -9 10 11 -12 13 14 -15 16 17 18 19 -20 -21 22 23 24 -25 26 -27 28 29 -30 31 -32 33 34 -35 36 -37 38 39 40 41 -42 43 -44 45 46 47 -48 -49 -50 0
uf50-0242 4392 -1 2 3 -4 5 -6 7 -8 -9 10 11 -12 13 -14 -15 -16 17 18 19 20 21 22 23 24 -25 26 -27 28 29 -30 31 -32 33 34 -35 36 -37 38 39 40 41 -42 43 44 45 46 47 -48 -49 -50 0
uf50-0242 4447 -1 2 3 4 5 -6 7 -8 -9 10 11 -12 13 -14 15 -16 17 18 -19 20 21 22 23 24 -25 26 -27 28 -29 -30 31 -32 33 34 -35 36 -37 38 39 40 -41 42 43 44 45 46 47 -48 49 -50 0
uf50-0242 4447 -1 2 3 4 5 -6 7 -8 -9 10 11 -12 13 -14 15 -16 17 18 -19 20 21 22 23 24 -25 26 -27 28 -29 -30 31 -32 33 34 -35 36 -37 38 39 40 -41 42 43 44 45 46 47 -48 49 -50 0
uf50-0242 4405 -1 2 3 4 5 -6 7 -8 -9 10 11 -12 13 -14 15 -16 -17 18 -19 20 21 22 23 24 -25 26 -27 28 -29 -30 31 -32 33 34 -35 36 -37 38 39 40 -41 42 43 44 45 46 47 -48 49 -50 0
uf50-0242 4447 -1 2 3 4 5 -6 7 -8 -9 10 11 -12 13 -14 15 -16 17 18 -19 20 21 22 23 24 -25 26 -27 28 -29 -30 31 -32 33 34 -35 36 -37 38 39 40 -41 42 43 44 45 46 47 -48 49 -50 0
uf50-0242 4447 -1 2 3 4 5 -6 7 -8 -9 10 11 -12 13 -14 15 -16 17 18 -19 20 21 22 23 24 -25 26 -27 28 -29 -30 31 -32 33 34 -35 36 -37 38 39 40 -41 42 43 44 45 46 47 -48 49 -50 0
uf50-0242 4447 -1 2 3 4 5 -6 7 -8 -9 10 11 -12 13 -14 15 -16 17 18 -19 20 21 22 23 24 -25 26 -27 28 -29 -30 31 -32 33 34 -35 36 -37 38 39 40 -41 42 43 44 45 46 47 -48 49 -50 0
uf50-0242 4493 -1 2 3 -4 5 -6 7 -8 -9 10 11 -12 13 14 -15 16 17 18 19 -20 -21 22 23 24 -25 26 -27 28 29 -30 31 -32 33 34 -35 36 -37 38 39 40 41 -42 43 -44 45 46 47 -48 -49 -50 0
uf50-0242 4887 1 2 3 -4 -5 -6 -7 -8 9 10 11 -12 13 14 15 16 17 -18 19 20 21 -22 -23 -24 -25 26 27 28 -29 30 -31 32 -33 34 35 36 37 -38 -39 40 -41 -42 43 -44 45 46 47 48 -49 50 0
uf50-0242 4758 1 2 3 -4 5 -6 7 -8 -9 10 11 -12 -13 -14 -15 -16 17 18 19 20 -21 22 23 -24 -25 26 27 28 29 30 31 -32 -33 34 -35 36 37 38 39 40 41 -42 43 -44 45 46 47 -48 -49 -50 0
uf50-0242 4493 -1 2 3 -4 5 -6 7 -8 -9 10 11 -12 13 14 -15 16 17 18 19 -20 -21 22 23 24 -25 26 -27 28 29 -30 31 -32 33 34 -35 36 -37 38 39 40 41 -42 43 -44 45 46 47 -48 -49 -50 0
uf50-0242 4493 -1 2 3 -4 5 -6 7 -8 -9 10 11 -12 13 14 -15 16 17 18 19 -20 -21 22 23 24 -25 26 -27 28 29 -30 31 -32 33 34 -35 36 -37 38 39 40 41 -42 43 -44 45 46 47 -48 -49 -50 0
uf50-0242 4447 -1 2 3 4 5 -6 7 -8 -9 10 11 -12 13 -14 15 -16 17 18 -19 20 21 22 23 24 -25 26 -27 28 -29 -30 31 -32 33 34 -35 36 -37 38 39 40 -41 42 43 44 45 46 47 -48 49 -50 0
uf50-0242 4392 -1 2 3 -4 5 -6 7 -8 -9 10 11 -12 13 -14 -15 -16 17 18 19 20 21 22 23 24 -25 26 -27 28 29 -30 31 -32 33 34 -35 36 -37 38 39 40 41 -42 43 44 45 46 47 -48 -49 -50 0
uf50-0242 4493 -1 2 3 -4 5 -6 7 -8 -9 10 11 -12 13 14 -15 16 17 18 19 -20 -21 22 23 24 -25 26 -27 28 29 -30 31 -32 33 34 -35 36 -37 38 39 40 41 -42 43 -44 45 46 47 -48 -49 -50 0
uf50-0242 4493 -1 2 3 -4 5 -6 7 -8 -9 10 11 -12 13 14 -15 16 17 18 19 -20 -21 22 23 24 -25 26 -27 28 29 -30 31 -32 33 34 -35 36 -37 38 39 40 41 -42 43 -44 45 46 47 -48 -49 -50 0
uf50-0242 4447 -1 2 3 4 5 -6 7 -8 -9 10 11 -12 13 -14 15 -16 17 18 -19 20 21 22 23 24 -25 26 -27 28 -29 -30 31 -32 33 34 -35 36 -37 38 39 40 -41 42 43 44 45 46 47 -48 49 -50 0
uf50-0242 4887 1 2 3 -4 -5 -6 -7 -8 9 10 11 -12 13 14 15 16 17 -18 19 20 21 -22 -23 -24 -25 26 27 28 -29 30 -31 32 -33 34 35 36 37 -38 -39 40 -41 -42 43 -44 45 46 47 48 -49 50 0
uf50-0242 4617 1 2 3 -4 -5 -6 -7 -8 9 10 11 -12 13 14 15 16 17 -18 19 -20 21 -22 -23 -24 -25 26 27 28 -29 30 -31 32 -33 34 35 36 37 -38 -39 40 -41 -42 43 -44 45 46 -47 48 -49 50 0
uf50-0242 4493 -1 2 3 -4 5 -6 7 -8 -9 10 11 -12 13 14 -15 16 17 18 19 -20 -21 22 23 24 -25 26 -27 28 29 -30 31 -32 33 34 -35 36 -37 38 39 40 41 -42 43 -44 45 46 47 -48 -49 -50 0
uf50-0242 4436 -1 2 3 -4 5 -6 7 8 -9 10 -11 -12 13 14 -15 16 -17 18 19 -20 -21 22 23 24 -25 26 -27 28 29 -30 31 -32 33 34 -35 36 -37 38 39 40 41 -42 43 -44 45 46 -47 -48 -49 -50 0
uf50-0242 4493 -1 2 3 -4 5 -6 7 -8 -9 10 11 -12 13 14 -15 16 17 18 19 -20 -21 22 23 24 -25 26 -27 28 29 -30 31 -32 33 34 -35 36 -37 38 39 40 41 -42 43 -44 45 46 47 -48 -49 -50 0
uf50-0242 4493 -1 2 3 -4 5 -6 7 -8 -9 10 11 -12 13 14 -15 16 17 18 19 -20 -21 22 23 24 -25 26 -27 28 29 -30 31 -32 33 34 -35 36 -37 38 39 40 41 -42 43 -44 45 46 47 -48 -49 -50 0
uf50-0242 4447 -1 2 3 4 5 -6 7 -8 -9 10 11 -12 13 -14 15 -16 17 18 -19 20 21 22 23 24 -25 26 -27 28 -29 -30 31 -32 33 34 -35 36 -37 38 39 40 -41 42 43 44 45 46 47 -48 49 -50 0
uf50-0242 4447 -1 2 3 4 5 -6 7 -8 -9 10 11 -12 13 -14 15 -16 17 18 -19 20 21 22 23 24 -25 26 -27 28 -29 -30 31 -32 33 34 -35 36 -37 38 39 40 -41 42 43 44 45 46 47 -48 49 -50 0
uf50-0242 4392 -1 2 3 -4 5 -6 7 -8 -9 10 11 -12 13 -14 -15 -16 17 18 19 20 21 22 23 24 -25 26 -27 28 29 -30 31 -32 33 34 -35 36 -37 38 39 40 41 -42 43 44 45 46 47 -48 -49 -50 0
uf50-0242 4887 1 2 3 -4 -5 -6 -7 -8 9 10 11 -12 13 14 15 16 17 -18 19 20 21 -22 -23 -24 -25 26 27 28 -29 30 -31 32 -33 34 35 36 37 -38 -39 40 -41 -42 43 -44 45 46 47 48 -49 50 0
uf50-0242 4392 -1 2 3 -4 5 -6 7 -8 -9 10 11 -12 13 -14 -15 -16 17 18 19 20 21 22 23 24 -25 26 -27 28 29 -30 31 -32 33 34 -35 36 -37 38 39 40 41 -42 43 44 45 46 47 -48 -49 -50 0
uf50-0242 4758 1 2 3 -4 5 -6 7 -8 -9 10 11 -12 -13 -14 -15 -16 17 18 19 20 -21 22 23 -24 -25 26 27 28 29 30 31 -32 -33 34 -35 36 37 38 39 40 41 -42 43 -44 45 46 47 -48 -49 -50 0
uf50-0242 4405 -1 2 3 4 5 -6 7 -8 -9 10 11 -12 13 -14 15 -16 -17 18 -19 20 21 22 23 24 -25 26 -27 28 -29 -30 31 -32 33 34 -35 36 -37 38 39 40 -41 42 43 44 45 46 47 -48 49 -50 0
uf50-0242 4447 -1 2 3 4 5 -6 7 -8 -9 10 11 -12 13 -14 15 -16 17 18 -19 20 21 22 23 24 -25 26 -27 28 -29 -30 31 -32 33 34 -35 36 -37 38 39 40 -41 42 43 44 45 46 47 -48 49 -50 0
uf50-0242 4493 -1 2 3 -4 5 -6 7 -8 -9 10 11 -12 13 14 -15 16 17 18 19 -20 -21 22 23 24 -25 26 -27 28 29 -30 31 -32 33 34 -35 36 -37 38 39 40 41 -42 43 -44 45 46 47 -48 -49 -50 0
uf50-0242 4493 -1 2 3 -4 5 -6 7 -8 -9 10 11 -12 13 14 -15 16 17 18 19 -20 -21 22 23 24 -25 26 -27 28 29 -30 31 -32 33 34 -35 36 -37 38 39 40 41 -42 43 -44 45 46 47 -48 -49 -50 0
uf50-0242 4493 -1 2 3 -4 5 -6 7 -8 -9 10 11 -12 13 14 -15 16 17 18 19 -20 -21 22 23 24 -25 26 -27 28 29 -30 31 -32 33 34 -35 36 -37 38 39 40 41 -42 43 -44 45 46 47 -48 -49 -50 0
uf50-0242 4758 1 2 3 -4 5 -6 7 -8 -9 10 11 -12 -13 -14 -15 -16 17 18 19 20 -21 22 23 -24 -25 26 27 28 29 30 31 -32 -33 34 -35 36 37 38 39 40 41 -42 43 -44 45 46 47 -48 -49 -50 0
uf50-0242 4887 1 2 3 -4 -5 -6 -7 -8 9 10 11 -12 13 14 15 16 17 -18 19 20 21 -22 -23 -24 -25 26 27 28 -29 30 -31 32 -33 34 35 36 37 -38 -39 40 -41 -42 43 -44 45 46 47 48 -49 50 0
uf50-0242 4493 -1 2 3 -4 5 -6 7 -8 -9 10 11 -12 13 14 -15 16 17 18 19 -20 -21 22 23 24 -25 26 -27 28 29 -30 31 -32 33 34 -35 36 -37 38 39 40 41 -42 43 -44 45 46 47 -48 -49 -50 0
uf50-0242 4610 1 2 3 -4 5 -6 7 -8 -9 10 11 -12 -13 -14 -15 -16 17 18 19 20 -21 22 23 -24 -25 26 -27 28 29 30 31 -32 -33 34 -35 36 37 38 39 40 41 -42 43 -44 45 46 47 -48 -49 -50 0
uf50-0242 4887 1 2 3 -4 -5 -6 -7 -8 9 10 11 -12 13 14 15 16 17 -18 19 20 21 -22 -23 -24 -25 26 27 28 -29 30 -31 32 -33 34 35 36 37 -38 -39 40 -41 -42 43 -44 45 46 47 48 -49 50 0
uf50-0242 4493 -1 2 3 -4 5 -6 7 -8 -9 10 11 -12 13 14 -15 16 17 18 19 -20 -21 22 23 24 -25 26 -27 28 29 -30 31 -32 33 34 -35 36 -37 38 39 40 41 -42 43 -44 45 46 47 -48 -49 -50 0
uf50-0242 4493 -1 2 3 -4 5 -6 7 -8 -9 10 11 -12 13 14 -15 16 17 18 19 -20 -21 22 23 24 -25 26 -27 28 29 -30 31 -32 33 34 -35 36 -37 38 39 40 41 -42 43 -44 45 46 47 -48 -49 -50 0
uf50-0242 4451 -1 2 3 -4 5 -6 7 -8 -9 10 11 -12 13 14 -15 16 -17 18 19 -20 -21 22 23 24 -25 26 -27 28 29 -30 31 -32 33 34 -35 36 -37 38 39 40 41 -42 43 -44 45 46 47 -48 -49 -50 0
uf50-0242 4493 -1 2 3 -4 5 -6 7 -8 -9 10 11 -12 13 14 -15 16 17 18 19 -20 -21 22 23 24 -25 26 -27 28 29 -30 31 -32 33 34 -35 36 -37 38 39 40 41 -42 43 -44 45 46 47 -48 -49 -50 0
uf50-0242 4436 -1 2 3 -4 5 -6 7 8 -9 10 -11 -12 13 14 -15 16 -17 18 19 -20 -21 22 23 24 -25 26 -27 28 29 -30 31 -32 33 34 -35 36 -37 38 39 40 41 -42 43 -44 45 46 -47 -48 -49 -50 0
uf50-0242 4405 -1 2 3 4 5 -6 7 -8 -9 10 11 -12 13 -14 15 -16 -17 18 -19 20 21 22 23 24 -25 26 -27 28 -29 -30 31 -32 33 34 -35 36 -37 38 39 40 -41 42 43 44 45 46 47 -48 49 -50 0
uf50-0242 4493 -1 2 3 -4 5 -6 7 -8 -9 10 11 -12 13 14 -15 16 17 18 19 -20 -21 22 23 24 -25 26 -27 28 29 -30 31 -32 33 34 -35 36 -37 38 39 40 41 -42 43 -44 45 46 47 -48 -49 -50 0
uf50-0242 4493 -1 2 3 -4 5 -6 7 -8 -9 10 11 -12 13 14 -15 16 17 18 19 -20 -21 22 23 24 -25 26 -27 28 29 -30 31 -32 33 34 -35 36 -37 38 39 40 41 -42 43 -44 45 46 47 -48 -49 -50 0
uf50-0242 4758 1 2 3 -4 5 -6 7 -8 -9 10 11 -12 -13 -14 -15 -16 17 18 19 20 -21 22 23 -24 -25 26 27 28 29 30 31 -32 -33 34 -35 36 37 38 39 40 41 -42 43 -44 45 46 47 -48 -49 -50 0
uf50-0242 4493 -1 2 3 -4 5 -6 7 -8 -9 10 11 -12 13 14 -15 16 17 18 19 -20 -21 22 23 24 -25 26 -27 28 29 -30 31 -32 33 34 -35 36 -37 38 39 40 41 -42 43 -44 45 46 47 -48 -49 -50 0
uf50-0242 4758 1 2 3 -4 5 -6 7 -8 -9 10 11 -12 -13 -14 -15 -16 17 18 19 20 -21 22 23 -24 -25 26 27 28 29 30 31 -32 -33 34 -35 36 37 38 39 40 41 -42 43 -44 45 46 47 -48 -49 -50 0
uf50-0242 4493 -1 2 3 -4 5 -6 7 -8 -9 10 11 -12 13 14 -15 16 17 18 19 -20 -21 22 23 24 -25 26 -27 28 29 -30 31 -32 33 34 -35 36 -37 38 39 40 41 -42 43 -44 45 46 47 -48 -49 -50 0
uf50-0242 4350 -1 2 3 -4 5 -6 7 -8 -9 10 11 -12 13 -14 -15 -16 -17 18 19 20 21 22 23 24 -25 26 -27 28 29 -30 31 -32 33 34 -35 36 -37 38 39 40 41 -42 43 44 45 46 47 -48 -49 -50 0
uf50-0242 4198 -1 2 3 4 5 -6 7 -8 -9 10 11 -12 13 -14 15 -16 -17 18 -19 20 21 22 23 24 -25 26 -27 28 -29 -30 31 -32 33 34 -35 36 -37 38 39 40 -41 42 43 44 45 46 -47 -48 49 -50 0
uf50-0242 4887 1 2 3 -4 -5 -6 -7 -8 9 10 11 -12 13 14 15 16 17 -18 19 20 21 -22 -23 -24 -25 26 27 28 -29 30 -31 32 -33 34 35 36 37 -38 -39 40 -41 -42 43 -44 45 46 47 48 -49 50 0
uf50-0242 4451 -1 2 3 -4 5 -6 7 -8 -9 10 11 -12 13 14 -15 16 -17 18 19 -20 -21 22 23 24 -25 26 -27 28 29 -30 31 -32 33 34 -35 36 -37 38 39 40 41 -42 43 -44 45 46 47 -48 -49 -50 0
uf50-0242 4451 -1 2 3 -4 5 -6 7 -8 -9 10 11 -12 13 14 -15 16 -17 18 19 -20 -21 22 23 24 -25 26 -27 28 29 -30 31 -32 33 34 -35 36 -37 38 39 40 41 -42 43 -44 45 46 47 -48 -49 -50 0
uf50-0242 4493 -1 2 3 -4 5 -6 7 -8 -9 10 11 -12 13 14 -15 16 17 18 19 -20 -21 22 23 24 -25 26 -27 28 29 -30 31 -32 33 34 -35 36 -37 38 39 40 41 -42 43 -44 45 46 47 -48 -49 -50 0
uf50-0242 4493 -1 2 3 -4 5 -6 7 -8 -9 10 11 -12 13 14 -15 16 17 18 19 -20 -21 22 23 24 -25 26 -27 28 29 -30 31 -32 33 34 -35 36 -37 38 39 40 41 -42 43 -44 45 46 47 -48 -49 -50 0
