uf50-0110 2690 -1 2 3 -4 5 6 -7 -8 9 -10 11 12 -13 -14 -15 16 -17 -18 19 20 21 -22 23 -24 -25 -26 -27 -28 29 30 31 32 -33 34 35 36 37 38 -39 -40 41 42 -43 44 45 -46 47 48 49 50 0
uf50-0110 2443 -1 2 3 -4 -5 6 -7 -8 9 -10 11 12 -13 -14 -15 16 -17 18 19 20 21 -22 23 -24 -25 -26 -27 -28 29 30 31 32 -33 34 35 36 37 38 -39 -40 41 42 -43 44 45 -46 47 48 49 -50 0
uf50-0110 2443 -1 2 3 -4 -5 6 -7 -8 9 -10 11 12 -13 -14 -15 16 -17 18 19 20 21 -22 23 -24 -25 -26 -27 -28 29 30 31 32 -33 34 35 36 37 38 -39 -40 41 42 -43 44 45 -46 47 48 49 -50 0
uf50-0110 2975 -1 2 -3 4 5 6 -7 -8 9 -10 11 -12 -13 -14 -15 -16 -17 -18 19 20 -21 22 23 24 25 -26 -27 28 29 -30 31 32 -33 -34 35 36 37 38 -39 -40 41 -42 -43 44 45 46 47 48 49 -50 0
uf50-0110 2975 -1 2 -3 4 5 6 -7 -8 9 -10 11 -12 -13 -14 -15 -16 -17 -18 19 20 -21 22 23 24 25 -26 -27 28 29 -30 31 32 -33 -34 35 36 37 38 -39 -40 41 -42 -43 44 45 46 47 48 49 -50 0
uf50-0110 2182 -1 2 3 -4 -5 6 -7 -8 9 -10 11 12 -13 14 -15 16 -17 18 19 20 21 -22 23 -24 -25 -26 -27 -28 29 30 31 -32 -33 -34 35 36 37 38 39 -40 41 -42 -43 44 45 46 -47 48 49 -50 0
uf50-0110 1936 -1 2 -3 -4 -5 6 -7 -8 9 -10 11 12 -13 -14 -15 16 -17 -18 19 20 -21 22 23 -24 -25 -26 -27 -28 29 30 31 32 -33 -34 35 36 37 38 39 -40 41 -42 -43 44 45 46 47 48 49 50 0
uf50-0110 2975 -1 2 -3 4 5 6 -7 -8 9 -10 11 -12 -13 -14 -15 -16 -17 -18 19 20 -21 22 23 24 25 -26 -27 28 29 -30 31 32 -33 -34 35 36 37 38 -39 -40 41 -42 -43 44 45 46 47 48 49 -50 0
uf50-0110 2443 -1 2 3 -4 -5 6 -7 -8 9 -10 11 12 -13 -14 -15 16 -17 18 19 20 21 -22 23 -24 -25 -26 -27 -28 29 30 31 32 -33 34 35 36 37 38 -39 -40 41 42 -43 44 45 -46 47 48 49 -50 0
uf50-0110 2156 -1 2 -3 -4 -5 6 -7 -8 9 -10 11 12 -13 -14 -15 16 17 -18 19 20 -21 22 23 -24 -25 -26 -27 -28 29 30 31 -32 -33 -34 35 36 37 38 39 -40 41 -42 -43 44 45 46 47 48 49 50 0
uf50-0110 2975 -1 2 -3 4 5 6 -7 -8 9 -10 11 -12 -13 -14 -15 -16 -17 -18 19 20 -21 22 23 24 25 -26 -27 28 29 -30 31 32 -33 -34 35 36 37 38 -39 -40 41 -42 -43 44 45 46 47 48 49 -50 0
uf50-0110 2690 -1 2 3 -4 5 6 -7 -8 9 -10 11 12 -13 -14 -15 16 -17 -18 19 20 21 -22 23 -24 -25 -26 -27 -28 29 30 31 32 -33 34 35 36 37 38 -39 -40 41 42 -43 44 45 -46 47 48 49 50 0
uf50-0110 2975 -1 2 -3 4 5 6 -7 -8 9 -10 11 -12 -13 -14 -15 -16 -17 -18 19 20 -21 22 23 24 25 -26 -27 28 29 -30 31 32 -33 -34 35 36 37 38 -39 -40 41 -42 -43 44 45 46 47 48 49 -50 0
uf50-0110 2975 -1 2 -3 4 5 6 -7 -8 9 -10 11 -12 -13 -14 -15 -16 -17 -18 19 20 -21 22 23 24 25 -26 -27 28 29 -30 31 32 -33 -34 35 36 37 38 -39 -40 41 -42 -43 44 45 46 47 48 49 -50 0
uf50-0110 2156 -1 2 -3 -4 -5 6 -7 -8 9 -10 11 12 -13 -14 -15 16 17 -18 19 20 -21 22 23 -24 -25 -26 -27 -28 29 30 31 -32 -33 -34 35 36 37 38 39 -40 41 -42 -43 44 45 46 47 48 49 50 0
uf50-0110 2443 -1 2 3 -4 -5 6 -7 -8 9 -10 11 12 -13 -14 -15 16 -17 18 19 20 21 -22 23 -24 -25 -26 -27 -28 29 30 31 32 -33 34 35 36 37 38 -39 -40 41 42 -43 44 45 -46 47 48 49 -50 0
uf50-0110 2443 -1 2 3 -4 -5 6 -7 -8 9 -10 11 12 -13 -14 -15 16 -17 18 19 20 21 -22 23 -24 -25 -26 -27 -28 29 30 31 32 -33 34 35 36 37 38 -39 -40 41 42 -43 44 45 -46 47 48 49 -50 0
uf50-0110 2690 -1 2 3 -4 5 6 -7 -8 9 -10 11 12 -13 -14 -15 16 -17 -18 19 20 21 -22 23 -24 -25 -26 -27 -28 29 30 31 32 -33 34 35 36 37 38 -39 -40 41 42 -43 44 45 -46 47 48 49 50 0
uf50-0110 2690 -1 2 3 -4 5 6 -7 -8 9 -10 11 12 -13 -14 -15 16 -17 -18 19 20 21 -22 23 -24 -25 -26 -27 -28 29 30 31 32 -33 34 35 36 37 38 -39 -40 41 42 -43 44 45 -46 47 48 49 50 0
uf50-0110 2443 -1 2 3 -4 -5 6 -7 -8 9 -10 11 12 -13 -14 -15 16 -17 18 19 20 21 -22 23 -24 -25 -26 -27 -28 29 30 31 32 -33 34 35 36 37 38 -39 -40 41 42 -43 44 45 -46 47 48 49 -50 0
uf50-0110 2443 -1 2 3 -4 -5 6 -7 -8 9 -10 11 12 -13 -14 -15 16 -17 18 19 20 21 -22 23 -24 -25 -26 -27 -28 29 30 31 32 -33 34 35 36 37 38 -39 -40 41 42 -43 44 45 -46 47 48 49 -50 0
uf50-0110 2690 -1 2 3 -4 5 6 -7 -8 9 -10 11 12 -13 -14 -15 16 -17 -18 19 20 21 -22 23 -24 -25 -26 -27 -28 29 30 31 32 -33 34 35 36 37 38 -39 -40 41 42 -43 44 45 -46 47 48 49 50 0
uf50-0110 2975 -1 2 -3 4 5 6 -7 -8 9 -10 11 -12 -13 -14 -15 -16 -17 -18 19 20 -21 22 23 24 25 -26 -27 28 29 -30 31 32 -33 -34 35 36 37 38 -39 -40 41 -42 -43 44 45 46 47 48 49 -50 0
uf50-0110 2443 -1 2 3 -4 -5 6 -7 -8 9 -10 11 12 -13 -14 -15 16 -17 18 19 20 21 -22 23 -24 -25 -26 -27 -28 29 30 31 32 -33 34 35 36 37 38 -39 -40 41 42 -43 44 45 -46 47 48 49 -50 0
uf50-0110 2182 -1 2 3 -4 -5 6 -7 -8 9 -10 11 12 -13 14 -15 16 -17 18 19 20 21 -22 23 -24 -25 -26 -27 -28 29 30 31 -32 -33 -34 35 36 37 38 39 -40 41 -42 -43 44 45 46 -47 48 49 -50 0
uf50-0110 2443 -1 2 3 -4 -5 6 -7 -8 9 -10 11 12 -13 -14 -15 16 -17 18 19 20 21 -22 23 -24 -25 -26 -27 -28 29 30 31 32 -33 34 35 36 37 38 -39 -40 41 42 -43 44 45 -46 47 48 49 -50 0
uf50-0110 2690 -1 2 3 -4 5 6 -7 -8 9 -10 11 12 -13 -14 -15 16 -17 -18 19 20 21 -22 23 -24 -25 -26 -27 -28 29 30 31 32 -33 34 35 36 37 38 -39 -40 41 42 -43 44 45 -46 47 48 49 50 0
uf50-0110 2182 -1 2 3 -4 -5 6 -7 -8 9 -10 11 12 -13 14 -15 16 -17 18 19 20 21 -22 23 -24 -25 -26 -27 -28 29 30 31 -32 -33 -34 35 36 37 38 39 -40 41 -42 -43 44 45 46 -47 48 49 -50 0
uf50-0110 2690 -1 2 3 -4 5 6 -7 -8 9 -10 11 12 -13 -14 -15 16 -17 -18 19 20 21 -22 23 -24 -25 -26 -27 -28 29 30 31 32 -33 34 35 36 37 38 -39 -40 41 42 -43 44 45 -46 47 48 49 50 0
uf50-0110 2690 -1 2 3 -4 5 6 -7 -8 9 -10 11 12 -13 -14 -15 16 -17 -18 19 20 21 -22 23 -24 -25 -26 -27 -28 29 30 31 32 -33 34 35 36 37 38 -39 -40 41 42 -43 44 45 -46 47 48 49 50 0
uf50-0110 2690 -1 2 3 -4 5 6 -7 -8 9 -10 11 12 -13 -14 -15 16 -17 -18 19 20 21 -22 23 -24 -25 -26 -27 -28 29 30 31 32 -33 34 35 36 37 38 -39 -40 41 42 -43 44 45 -46 47 48 49 50 0
uf50-0110 2975 -1 2 -3 4 5 6 -7 -8 9 -10 11 -12 -13 -14 -15 -16 -17 -18 19 20 -21 22 23 24 25 -26 -27 28 29 -30 31 32 -33 -34 35 36 37 38 -39 -40 41 -42 -43 44 45 46 47 48 49 -50 0
uf50-0110 2443 -1 2 3 -4 -5 6 -7 -8 9 -10 11 12 -13 -14 -15 16 -17 18 19 20 21 -22 23 -24 -25 -26 -27 -28 29 30 31 32 -33 34 35 36 37 38 -39 -40 41 42 -43 44 45 -46 47 48 49 -50 0
uf50-0110 2975 -1 2 -3 4 5 6 -7 -8 9 -10 11 -12 -13 -14 -15 -16 -17 -18 19 20 -21 22 23 24 25 -26 -27 28 29 -30 31 32 -33 -34 35 36 37 38 -39 -40 41 -42 -43 44 45 46 47 48 49 -50 0
uf50-0110 2975 -1 2 -3 4 5 6 -7 -8 9 -10 11 -12 -13 -14 -15 -16 -17 -18 19 20 -21 22 23 24 25 -26 -27 28 29 -30 31 32 -33 -34 35 36 37 38 -39 -40 41 -42 -43 44 45 46 47 48 49 -50 0
uf50-0110 2443 -1 2 3 -4 -5 6 -7 -8 9 -10 11 12 -13 -14 -15 16 -17 18 19 20 21 -22 23 -24 -25 -26 -27 -28 29 30 31 32 -33 34 35 36 37 38 -39 -40 41 42 -43 44 45 -46 47 48 49 -50 0
uf50-0110 2182 -1 2 3 -4 -5 6 -7 -8 9 -10 11 12 -13 14 -15 16 -17 18 19 20 21 -22 23 -24 -25 -26 -27 -28 29 30 31 -32 -33 -34 35 36 37 38 39 -40 41 -42 -43 44 45 46 -47 48 49 -50 0
uf50-0110 2182 -1 2 3 -4 -5 6 -7 -8 9 -10 11 12 -13 14 -15 16 -17 18 19 20 21 -22 23 -24 -25 -26 -27 -28 29 30 31 -32 -33 -34 35 36 37 38 39 -40 41 -42 -43 44 45 46 -47 48 49 -50 0
uf50-0110 2182 -1 2 3 -4 -5 6 -7 -8 9 -10 11 12 -13 14 -15 16 -17 18 19 20 21 -22 23 -24 -25 -26 -27 -28 29 30 31 -32 -33 -34 35 36 37 38 39 -40 41 -42 -43 44 45 46 -47 48 49 -50 0
uf50-0110 2156 -1 2 -3 -4 -5 6 -7 -8 9 -10 11 12 -13 -14 -15 16 17 -18 19 20 -21 22 23 -24 -25 -26 -27 -28 29 30 31 -32 -33 -34 35 36 37 38 39 -40 41 -42 -43 44 45 46 47 48 49 50 0
uf50-0110 2690 -1 2 3 -4 5 6 -7 -8 9 -10 11 12 -13 -14 -15 16 -17 -18 19 20 21 -22 23 -24 -25 -26 -27 -28 29 30 31 32 -33 34 35 36 37 38 -39 -40 41 42 -43 44 45 -46 47 48 49 50 0
uf50-0110 2182 -1 2 3 -4 -5 6 -7 -8 9 -10 11 12 -13 14 -15 16 -17 18 19 20 21 -22 23 -24 -25 -26 -27 -28 29 30 31 -32 -33 -34 35 36 37 38 39 -40 41 -42 -43 44 45 46 -47 48 49 -50 0
uf50-0110 2690 -1 2 3 -4 5 6 -7 -8 9 -10 11 12 -13 -14 -15 16 -17 -18 19 20 21 -22 23 -24 -25 -26 -27 -28 29 30 31 32 -33 34 35 36 37 38 -39 -40 41 42 -43 44 45 -46 47 48 49 50 0
uf50-0110 2975 -1 2 -3 4 5 6 -7 -8 9 -10 11 -12 -13 -14 -15 -16 -17 -18 19 20 -21 22 23 24 25 -26 -27 28 29 -30 31 32 -33 -34 35 36 37 38 -39 -40 41 -42 -43 44 45 46 47 48 49 -50 0
uf50-0110 2443 -1 2 3 -4 -5 6 -7 -8 9 -10 11 12 -13 -14 -15 16 -17 18 19 20 21 -22 23 -24 -25 -26 -27 -28 29 30 31 32 -33 34 35 36 37 38 -39 -40 41 42 -43 44 45 -46 47 48 49 -50 0
uf50-0110 2443 -1 2 3 -4 -5 6 -7 -8 9 -10 11 12 -13 -14 -15 16 -17 18 19 20 21 -22 23 -24 -25 -26 -27 -28 29 30 31 32 -33 34 35 36 37 38 -39 -40 41 42 -43 44 45 -46 47 48 49 -50 0
uf50-0110 2182 -1 2 3 -4 -5 6 -7 -8 9 -10 11 12 -13 14 -15 16 -17 18 19 20 21 -22 23 -24 -25 -26 -27 -28 29 30 31 -32 -33 -34 35 36 37 38 39 -40 41 -42 -43 44 45 46 -47 48 49 -50 0
uf50-0110 2975 -1 2 -3 4 5 6 -7 -8 9 -10 11 -12 -13 -14 -15 -16 -17 -18 19 20 -21 22 23 24 25 -26 -27 28 29 -30 31 32 -33 -34 35 36 37 38 -39 -40 41 -42 -43 44 45 46 47 48 49 -50 0
uf50-0110 2443 -1 2 3 -4 -5 6 -7 -8 9 -10 11 12 -13 -14 -15 16 -17 18 19 20 21 -22 23 -24 -25 -26 -27 -28 29 30 31 32 -33 34 35 36 37 38 -39 -40 41 42 -43 44 45 -46 47 48 49 -50 0
uf50-0110 2975 -1 2 -3 4 5 6 -7 -8 9 -10 11 -12 -13 -14 -15 -16 -17 -18 19 20 -21 22 23 24 25 -26 -27 28 29 -30 31 32 -33 -34 35 36 37 38 -39 -40 41 -42 -43 44 45 46 47 48 49 -50 0
uf50-0110 2975 -1 2 -3 4 5 6 -7 -8 9 -10 11 -12 -13 -14 -15 -16 -17 -18 19 20 -21 22 23 24 25 -26 -27 28 29 -30 31 32 -33 -34 35 36 37 38 -39 -40 41 -42 -43 44 45 46 47 48 49 -50 0
uf50-0110 2436 -1 2 3 -4 -5 6 -7 -8 9 -10 11 12 -13 -14 -15 16 -17 18 19 20 21 -22 23 -24 -25 -26 -27 -28 29 30 31 32 -33 34 35 36 37 38 -39 -40 41 42 -43 44 45 -46 47 48 -49 -50 0
uf50-0110 2975 -1 2 -3 4 5 6 -7 -8 9 -10 11 -12 -13 -14 -15 -16 -17 -18 19 20 -21 22 23 24 25 -26 -27 28 29 -30 31 32 -33 -34 35 36 37 38 -39 -40 41 -42 -43 44 45 46 47 48 49 -50 0
uf50-0110 2690 -1 2 3 -4 5 6 -7 -8 9 -10 11 12 -13 -14 -15 16 -17 -18 19 20 21 -22 23 -24 -25 -26 -27 -28 29 30 31 32 -33 34 35 36 37 38 -39 -40 41 42 -43 44 45 -46 47 48 49 50 0
uf50-0110 2443 -1 2 3 -4 -5 6 -7 -8 9 -10 11 12 -13 -14 -15 16 -17 18 19 20 21 -22 23 -24 -25 -26 -27 -28 29 30 31 32 -33 34 35 36 37 38 -39 -40 41 42 -43 44 45 -46 47 48 49 -50 0
uf50-0110 2690 -1 2 3 -4 5 6 -7 -8 9 -10 11 12 -13 -14 -15 16 -17 -18 19 20 21 -22 23 -24 -25 -26 -27 -28 29 30 31 32 -33 34 35 36 37 38 -39 -40 41 42 -43 44 45 -46 47 48 49 50 0
uf50-0110 2156 -1 2 -3 -4 -5 6 -7 -8 9 -10 11 12 -13 -14 -15 16 17 -18 19 20 -21 22 23 -24 -25 -26 -27 -28 29 30 31 -32 -33 -34 35 36 37 38 39 -40 41 -42 -43 44 45 46 47 48 49 50 0
uf50-0110 2975 -1 2 -3 4 5 6 -7 -8 9 -10 11 -12 -13 -14 -15 -16 -17 -18 19 20 -21 22 23 24 25 -26 -27 28 29 -30 31 32 -33 -34 35 36 37 38 -39 -40 41 -42 -43 44 45 46 47 48 49 -50 0
uf50-0110 2182 -1 2 3 -4 -5 6 -7 -8 9 -10 11 12 -13 14 -15 16 -17 18 19 20 21 -22 23 -24 -25 -26 -27 -28 29 30 31 -32 -33 -34 35 36 37 38 39 -40 41 -42 -43 44 45 46 -47 48 49 -50 0
uf50-0110 2443 -1 2 3 -4 -5 6 -7 -8 9 -10 11 12 -13 -14 -15 16 -17 18 19 20 21 -22 23 -24 -25 -26 -27 -28 29 30 31 32 -33 34 35 36 37 38 -39 -40 41 42 -43 44 45 -46 47 48 49 -50 0
uf50-0110 2690 -1 2 3 -4 5 6 -7 -8 9 -10 11 12 -13 -14 -15 16 -17 -18 19 20 21 -22 23 -24 -25 -26 -27 -28 29 30 31 32 -33 34 35 36 37 38 -39 -40 41 42 -43 44 45 -46 47 48 49 50 0
uf50-0110 2975 -1 2 -3 4 5 6 -7 -8 9 -10 11 -12 -13 -14 -15 -16 -17 -18 19 20 -21 22 23 24 25 -26 -27 28 29 -30 31 32 -33 -34 35 36 37 38 -39 -40 41 -42 -43 44 45 46 47 48 49 -50 0
uf50-0110 2182 -1 2 3 -4 -5 6 -7 -8 9 -10 11 12 -13 14 -15 16 -17 18 19 20 21 -22 23 -24 -25 -26 -27 -28 29 30 31 -32 -33 -34 35 36 37 38 39 -40 41 -42 -43 44 45 46 -47 48 49 -50 0
uf50-0110 2182 -1 2 3 -4 -5 6 -7 -8 9 -10 11 12 -13 14 -15 16 -17 18 19 20 21 -22 23 -24 -25 -26 -27 -28 29 30 31 -32 -33 -34 35 36 37 38 39 -40 41 -42 -43 44 45 46 -47 48 49 -50 0
uf50-0110 2182 -1 2 3 -4 -5 6 -7 -8 9 -10 11 12 -13 14 -15 16 -17 18 19 20 21 -22 23 -24 -25 -26 -27 -28 29 30 31 -32 -33 -34 35 36 37 38 39 -40 41 -42 -43 44 45 46 -47 48 49 -50 0
uf50-0110 2975 -1 2 -3 4 5 6 -7 -8 9 -10 11 -12 -13 -14 -15 -16 -17 -18 19 20 -21 22 23 24 25 -26 -27 28 29 -30 31 32 -33 -34 35 36 37 38 -39 -40 41 -42 -43 44 45 46 47 48 49 -50 0
uf50-0110 2443 -1 2 3 -4 -5 6 -7 -8 9 -10 11 12 -13 -14 -15 16 -17 18 19 20 21 -22 23 -24 -25 -26 -27 -28 29 30 31 32 -33 34 35 36 37 38 -39 -40 41 42 -43 44 45 -46 47 48 49 -50 0
uf50-0110 2690 -1 2 3 -4 5 6 -7 -8 9 -10 11 12 -13 -14 -15 16 -17 -18 19 20 21 -22 23 -24 -25 -26 -27 -28 29 30 31 32 -33 34 35 36 37 38 -39 -40 41 42 -43 44 45 -46 47 48 49 50 0
uf50-0110 1988 -1 2 -3 -4 5 6 -7 -8 9 -10 11 12 -13 -14 -15 16 -17 -18 19 20 -21 22 23 -24 -25 -26 -27 -28 29 30 31 32 -33 -34 35 36 37 38 -39 -40 41 -42 -43 44 45 46 47 48 49 50 0
uf50-0110 2182 -1 2 3 -4 -5 6 -7 -8 9 -10 11 12 -13 14 -15 16 -17 18 19 20 21 -22 23 -24 -25 -26 -27 -28 29 30 31 -32 -33 -34 35 36 37 38 39 -40 41 -42 -43 44 45 46 -47 48 49 -50 0
uf50-0110 2182 -1 2 3 -4 -5 6 -7 -8 9 -10 11 12 -13 14 -15 16 -17 18 19 20 21 -22 23 -24 -25 -26 -27 -28 29 30 31 -32 -33 -34 35 36 37 38 39 -40 41 -42 -43 44 45 46 -47 48 49 -50 0
uf50-0110 2690 -1 2 3 -4 5 6 -7 -8 9 -10 11 12 -13 -14 -15 16 -17 -18 19 20 21 -22 23 -24 -25 -26 -27 -28 29 30 31 32 -33 34 35 36 37 38 -39 -40 41 42 -43 44 45 -46 47 48 49 50 0
uf50-0110 2690 -1 2 3 -4 5 6 -7 -8 9 -10 11 12 -13 -14 -15 16 -17 -18 19 20 21 -22 23 -24 -25 -26 -27 -28 29 30 31 32 -33 34 35 36 37 38 -39 -40 41 42 -43 44 45 -46 47 48 49 50 0
uf50-0110 2975 -1 2 -3 4 5 6 -7 -8 9 -10 11 -12 -13 -14 -15 -16 -17 -18 19 20 -21 22 23 24 25 -26 -27 28 29 -30 31 32 -33 -34 35 36 37 38 -39 -40 41 -42 -43 44 45 46 47 48 49 -50 0
uf50-0110 2690 -1 2 3 -4 5 6 -7 -8 9 -10 11 12 -13 -14 -15 16 -17 -18 19 20 21 -22 23 -24 -25 -26 -27 -28 29 30 31 32 -33 34 35 36 37 38 -39 -40 41 42 -43 44 45 -46 47 48 49 50 0
uf50-0110 2690 -1 2 3 -4 5 6 -7 -8 9 -10 11 12 -13 -14 -15 16 -17 -18 19 20 21 -22 23 -24 -25 -26 -27 -28 29 30 31 32 -33 34 35 36 37 38 -39 -40 41 42 -43 44 45 -46 47 48 49 50 0
uf50-0110 2897 -1 2 -3 4 5 6 -7 -8 9 -10 11 -12 -13 -14 -15 -16 -17 -18 19 20 -21 22 23 24 25 -26 -27 28 29 -30 31 32 -33 -34 35 36 37 38 -39 -40 41 -42 -43 44 -45 46 47 48 49 -50 0
uf50-0110 2443 -1 2 3 -4 -5 6 -7 -8 9 -10 11 12 -13 -14 -15 16 -17 18 19 20 21 -22 23 -24 -25 -26 -27 -28 29 30 31 32 -33 34 35 36 37 38 -39 -40 41 42 -43 44 45 -46 47 48 49 -50 0
uf50-0110 2443 -1 2 3 -4 -5 6 -7 -8 9 -10 11 12 -13 -14 -15 16 -17 18 19 20 21 -22 23 -24 -25 -26 -27 -28 29 30 31 32 -33 34 35 36 37 38 -39 -40 41 42 -43 44 45 -46 47 48 49 -50 0
uf50-0110 2975 -1 2 -3 4 5 6 -7 -8 9 -10 11 -12 -13 -14 -15 -16 -17 -18 19 20 -21 22 23 24 25 -26 -27 28 29 -30 31 32 -33 -34 35 36 37 38 -39 -40 41 -42 -43 44 45 46 47 48 49 -50 0
uf50-0110 2430 -1 2 3 -4 5 6 -7 -8 9 -10 11 12 -13 -14 -15 16 -17 -18 19 20 -21 -22 23 -24 -25 -26 -27 -28 29 30 31 32 -33 34 35 36 37 38 -39 -40 41 42 -43 44 45 -46 47 48 49 50 0
uf50-0110 2443 -1 2 3 -4 -5 6 -7 -8 9 -10 11 12 -13 -14 -15 16 -17 18 19 20 21 -22 23 -24 -25 -26 -27 -28 29 30 31 32 -33 34 35 36 37 38 -39 -40 41 42 -43 44 45 -46 47 48 49 -50 0
uf50-0110 2182 -1 2 3 -4 -5 6 -7 -8 9 -10 11 12 -13 14 -15 16 -17 18 19 20 21 -22 23 -24 -25 -26 -27 -28 29 30 31 -32 -33 -34 35 36 37 38 39 -40 41 -42 -43 44 45 46 -47 48 49 -50 0
uf50-0110 2975 -1 2 -3 4 5 6 -7 -8 9 -10 11 -12 -13 -14 -15 -16 -17 -18 19 20 -21 22 23 24 25 -26 -27 28 29 -30 31 32 -33 -34 35 36 37 38 -39 -40 41 -42 -43 44 45 46 47 48 49 -50 0
uf50-0110 2560 -1 2 3 -4 5 6 -7 -8 -9 -10 11 12 -13 -14 -15 16 -17 -18 19 20 21 -22 23 -24 -25 -26 -27 -28 29 30 31 32 -33 34 35 36 37 38 -39 -40 41 42 -43 44 45 -46 47 48 49 50 0
uf50-0110 1988 -1 2 -3 -4 5 6 -7 -8 9 -10 11 12 -13 -14 -15 16 -17 -18 19 20 -21 22 23 -24 -25 -26 -27 -28 29 30 31 32 -33 -34 35 36 37 38 -39 -40 41 -42 -43 44 45 46 47 48 49 50 0
uf50-0110 2436 -1 2 3 -4 -5 6 -7 -8 9 -10 11 12 -13 -14 -15 16 -17 18 19 20 21 -22 23 -24 -25 -26 -27 -28 29 30 31 32 -33 34 35 36 37 38 -39 -40 41 42 -43 44 45 -46 47 48 -49 -50 0
uf50-0110 2443 -1 2 3 -4 -5 6 -7 -8 9 -10 11 12 -13 -14 -15 16 -17 18 19 20 21 -22 23 -24 -25 -26 -27 -28 29 30 31 32 -33 34 35 36 37 38 -39 -40 41 42 -43 44 45 -46 47 48 49 -50 0
uf50-0110 2975 -1 2 -3 4 5 6 -7 -8 9 -10 11 -12 -13 -14 -15 -16 -17 -18 19 20 -21 22 23 24 25 -26 -27 28 29 -30 31 32 -33 -34 35 36 37 38 -39 -40 41 -42 -43 44 45 46 47 48 49 -50 0
uf50-0110 2975 -1 2 -3 4 5 6 -7 -8 9 -10 11 -12 -13 -14 -15 -16 -17 -18 19 20 -21 22 23 24 25 -26 -27 28 29 -30 31 32 -33 -34 35 36 37 38 -39 -40 41 -42 -43 44 45 46 47 48 49 -50 0
uf50-0110 2975 -1 2 -3 4 5 6 -7 -8 9 -10 11 -12 -13 -14 -15 -16 -17 -18 19 20 -21 22 23 24 25 -26 -27 28 29 -30 31 32 -33 -34 35 36 37 38 -39 -40 41 -42 -43 44 45 46 47 48 49 -50 0
uf50-0110 2182 -1 2 3 -4 -5 6 -7 -8 9 -10 11 12 -13 14 -15 16 -17 18 19 20 21 -22 23 -24 -25 -26 -27 -28 29 30 31 -32 -33 -34 35 36 37 38 39 -40 41 -42 -43 44 45 46 -47 48 49 -50 0
uf50-0110 2443 -1 2 3 -4 -5 6 -7 -8 9 -10 11 12 -13 -14 -15 16 -17 18 19 20 21 -22 23 -24 -25 -26 -27 -28 29 30 31 32 -33 34 35 36 37 38 -39 -40 41 42 -43 44 45 -46 47 48 49 -50 0
uf50-0110 2690 -1 2 3 -4 5 6 -7 -8 9 -10 11 12 -13 -14 -15 16 -17 -18 19 20 21 -22 23 -24 -25 -26 -27 -28 29 30 31 32 -33 34 35 36 37 38 -39 -40 41 42 -43 44 45 -46 47 48 49 50 0
uf50-0110 2443 -1 2 3 -4 -5 6 -7 -8 9 -10 11 12 -13 -14 -15 16 -17 18 19 20 21 -22 23 -24 -25 -26 -27 -28 29 30 31 32 -33 34 35 36 37 38 -39 -40 41 42 -43 44 45 -46 47 48 49 -50 0
uf50-0110 2975 -1 2 -3 4 5 6 -7 -8 9 -10 11 -12 -13 -14 -15 -16 -17 -18 19 20 -21 22 23 24 25 -26 -27 28 29 -30 31 32 -33 -34 35 36 37 38 -39 -40 41 -42 -43 44 45 46 47 48 49 -50 0
uf50-0110 2690 -1 2 3 -4 5 6 -7 -8 9 -10 11 12 -13 -14 -15 16 -17 -18 19 20 21 -22 23 -24 -25 -26 -27 -28 29 30 31 32 -33 34 35 36 37 38 -39 -40 41 42 -43 44 45 -46 47 48 49 50 0
uf50-0110 2182 -1 2 3 -4 -5 6 -7 -8 9 -10 11 12 -13 14 -15 16 -17 18 19 20 21 -22 23 -24 -25 -26 -27 -28 29 30 31 -32 -33 -34 35 36 37 38 39 -40 41 -42 -43 44 45 46 -47 48 49 -50 0
uf50-0110 1988 -1 2 -3 -4 5 6 -7 -8 9 -10 11 12 -13 -14 -15 16 -17 -18 19 20 -21 22 23 -24 -25 -26 -27 -28 29 30 31 32 -33 -34 35 36 37 38 -39 -40 41 -42 -43 44 45 46 47 48 49 50 0
uf50-0110 2975 -1 2 -3 4 5 6 -7 -8 9 -10 11 -12 -13 -14 -15 -16 -17 -18 19 20 -21 22 23 24 25 -26 -27 28 29 -30 31 32 -33 -34 35 36 37 38 -39 -40 41 -42 -43 44 45 46 47 48 49 -50 0
