uf50-0416 3192 1 -2 -3 4 -5 -6 -7 8 9 10 11 -12 13 14 15 16 -17 18 19 -20 -21 -22 23 24 25 -26 27 -28 29 -30 31 32 -33 34 -35 -36 37 -38 39 40 41 42 -43 -44 -45 46 -47 48 -49 50 0
uf50-0416 3142 1 -2 -3 4 -5 -6 -7 8 9 10 11 -12 13 14 15 16 -17 18 19 -20 -21 -22 23 24 25 -26 27 -28 29 -30 -31 32 -33 34 -35 -36 37 -38 39 40 41 42 -43 -44 -45 46 -47 48 -49 50 0
uf50-0416 3279 1 -2 -3 4 5 -6 -7 8 9 10 11 -12 13 14 15 -16 -17 18 19 -20 -21 -22 23 24 -25 -26 27 -28 29 -30 -31 32 -33 34 -35 -36 37 -38 39 40 41 42 -43 -44 -45 46 -47 48 -49 50 0
uf50-0416 3279 1 -2 -3 4 5 -6 -7 8 9 10 11 -12 13 14 15 -16 -17 18 19 -20 -21 -22 23 24 -25 -26 27 -28 29 -30 -31 32 -33 34 -35 -36 37 -38 39 40 41 42 -43 -44 -45 46 -47 48 -49 50 0
uf50-0416 3279 1 -2 -3 4 5 -6 -7 8 9 10 11 -12 13 14 15 -16 -17 18 19 -20 -21 -22 23 24 -25 -26 27 -28 29 -30 -31 32 -33 34 -35 -36 37 -38 39 40 41 42 -43 -44 -45 46 -47 48 -49 50 0
uf50-0416 3279 1 -2 -3 4 5 -6 -7 8 9 10 11 -12 13 14 15 -16 -17 18 19 -20 -21 -22 23 24 -25 -26 27 -28 29 -30 -31 32 -33 34 -35 -36 37 -38 39 40 41 42 -43 -44 -45 46 -47 48 -49 50 0
uf50-0416 3387 1 -2 -3 -4 -5 -6 7 8 -9 10 11 -12 13 14 15 16 -17 18 19 20 -21 -22 23 24 25 26 -27 -28 29 -30 -31 -32 33 -34 -35 -36 37 -38 39 40 41 -42 -43 -44 -45 46 47 48 -49 -50 0
uf50-0416 3252 1 -2 -3 -4 -5 6 7 8 -9 10 11 -12 13 14 15 16 -17 18 19 20 -21 -22 23 24 25 26 -27 -28 29 -30 -31 -32 33 34 -35 -36 37 -38 39 40 41 -42 -43 -44 -45 46 -47 48 -49 -50 0
uf50-0416 3252 1 -2 -3 -4 -5 6 7 8 -9 10 11 -12 13 14 15 16 -17 18 19 20 -21 -22 23 24 25 26 -27 -28 29 -30 -31 -32 33 34 -35 -36 37 -38 39 40 41 -42 -43 -44 -45 46 -47 48 -49 -50 0
uf50-0416 3279 1 -2 -3 4 5 -6 -7 8 9 10 11 -12 13 14 15 -16 -17 18 19 -20 -21 -22 23 24 -25 -26 27 -28 29 -30 -31 32 -33 34 -35 -36 37 -38 39 40 41 42 -43 -44 -45 46 -47 48 -49 50 0
uf50-0416 3279 1 -2 -3 4 5 -6 -7 8 9 10 11 -12 13 14 15 -16 -17 18 19 -20 -21 -22 23 24 -25 -26 27 -28 29 -30 -31 32 -33 34 -35 -36 37 -38 39 40 41 42 -43 -44 -45 46 -47 48 -49 50 0
uf50-0416 3192 1 -2 -3 4 -5 -6 -7 8 9 10 11 -12 13 14 15 16 -17 18 19 -20 -21 -22 23 24 25 -26 27 -28 29 -30 31 32 -33 34 -35 -36 37 -38 39 40 41 42 -43 -44 -45 46 -47 48 -49 50 0
uf50-0416 3279 1 -2 -3 4 5 -6 -7 8 9 10 11 -12 13 14 15 -16 -17 18 19 -20 -21 -22 23 24 -25 -26 27 -28 29 -30 -31 32 -33 34 -35 -36 37 -38 39 40 41 42 -43 -44 -45 46 -47 48 -49 50 0
uf50-0416 3279 1 -2 -3 4 5 -6 -7 8 9 10 11 -12 13 14 15 -16 -17 18 19 -20 -21 -22 23 24 -25 -26 27 -28 29 -30 -31 32 -33 34 -35 -36 37 -38 39 40 41 42 -43 -44 -45 46 -47 48 -49 50 0
uf50-0416 3192 1 -2 -3 4 -5 -6 -7 8 9 10 11 -12 13 14 15 16 -17 18 19 -20 -21 -22 23 24 25 -26 27 -28 29 -30 31 32 -33 34 -35 -36 37 -38 39 40 41 42 -43 -44 -45 46 -47 48 -49 50 0
uf50-0416 3279 1 -2 -3 4 5 -6 -7 8 9 10 11 -12 13 14 15 -16 -17 18 19 -20 -21 -22 23 24 -25 -26 27 -28 29 -30 -31 32 -33 34 -35 -36 37 -38 39 40 41 42 -43 -44 -45 46 -47 48 -49 50 0
uf50-0416 3279 1 -2 -3 4 5 -6 -7 8 9 10 11 -12 13 14 15 -16 -17 18 19 -20 -21 -22 23 24 -25 -26 27 -28 29 -30 -31 32 -33 34 -35 -36 37 -38 39 40 41 42 -43 -44 -45 46 -47 48 -49 50 0
uf50-0416 3279 1 -2 -3 4 5 -6 -7 8 9 10 11 -12 13 14 15 -16 -17 18 19 -20 -21 -22 23 24 -25 -26 27 -28 29 -30 -31 32 -33 34 -35 -36 37 -38 39 40 41 42 -43 -44 -45 46 -47 48 -49 50 0
uf50-0416 3252 1 -2 -3 -4 -5 6 7 8 -9 10 11 -12 13 14 15 16 -17 18 19 20 -21 -22 23 24 25 26 -27 -28 29 -30 -31 -32 33 34 -35 -36 37 -38 39 40 41 -42 -43 -44 -45 46 -47 48 -49 -50 0
uf50-0416 2909 1 2 -3 -4 -5 6 -7 -8 -9 10 11 -12 -13 -14 -15 -16 -17 18 -19 20 -21 22 23 24 -25 26 -27 28 -29 -30 31 32 33 34 -35 -36 -37 -38 39 40 41 42 -43 -44 45 46 -47 48 -49 50 0
uf50-0416 3279 1 -2 -3 4 5 -6 -7 8 9 10 11 -12 13 14 15 -16 -17 18 19 -20 -21 -22 23 24 -25 -26 27 -28 29 -30 -31 32 -33 34 -35 -36 37 -38 39 40 41 42 -43 -44 -45 46 -47 48 -49 50 0
uf50-0416 3279 1 -2 -3 4 5 -6 -7 8 9 10 11 -12 13 14 15 -16 -17 18 19 -20 -21 -22 23 24 -25 -26 27 -28 29 -30 -31 32 -33 34 -35 -36 37 -38 39 40 41 42 -43 -44 -45 46 -47 48 -49 50 0
uf50-0416 3279 1 -2 -3 4 5 -6 -7 8 9 10 11 -12 13 14 15 -16 -17 18 19 -20 -21 -22 23 24 -25 -26 27 -28 29 -30 -31 32 -33 34 -35 -36 37 -38 39 40 41 42 -43 -44 -45 46 -47 48 -49 50 0
uf50-0416 3279 1 -2 -3 4 5 -6 -7 8 9 10 11 -12 13 14 15 -16 -17 18 19 -20 -21 -22 23 24 -25 -26 27 -28 29 -30 -31 32 -33 34 -35 -36 37 -38 39 40 41 42 -43 -44 -45 46 -47 48 -49 50 0
uf50-0416 3279 1 -2 -3 4 5 -6 -7 8 9 10 11 -12 13 14 15 -16 -17 18 19 -20 -21 -22 23 24 -25 -26 27 -28 29 -30 -31 32 -33 34 -35 -36 37 -38 39 40 41 42 -43 -44 -45 46 -47 48 -49 50 0
uf50-0416 3279 1 -2 -3 4 5 -6 -7 8 9 10 11 -12 13 14 15 -16 -17 18 19 -20 -21 -22 23 24 -25 -26 27 -28 29 -30 -31 32 -33 34 -35 -36 37 -38 39 40 41 42 -43 -44 -45 46 -47 48 -49 50 0
uf50-0416 2909 1 2 -3 -4 -5 6 -7 -8 -9 10 11 -12 -13 -14 -15 -16 -17 18 -19 20 -21 22 23 24 -25 26 -27 28 -29 -30 31 32 33 34 -35 -36 -37 -38 39 40 41 42 -43 -44 45 46 -47 48 -49 50 0
uf50-0416 3387 1 -2 -3 -4 -5 -6 7 8 -9 10 11 -12 13 14 15 16 -17 18 19 20 -21 -22 23 24 25 26 -27 -28 29 -30 -31 -32 33 -34 -35 -36 37 -38 39 40 41 -42 -43 -44 -45 46 47 48 -49 -50 0
uf50-0416 3279 1 -2 -3 4 5 -6 -7 8 9 10 11 -12 13 14 15 -16 -17 18 19 -20 -21 -22 23 24 -25 -26 27 -28 29 -30 -31 32 -33 34 -35 -36 37 -38 39 40 41 42 -43 -44 -45 46 -47 48 -49 50 0
uf50-0416 3093 1 -2 -3 4 -5 -6 -7 8 9 10 11 -12 13 14 15 16 -17 18 19 20 -21 -22 23 24 25 -26 27 -28 29 -30 31 -32 -33 34 -35 -36 37 -38 39 40 41 42 -43 -44 -45 46 -47 48 -49 50 0
uf50-0416 3387 1 -2 -3 -4 -5 -6 7 8 -9 10 11 -12 13 14 15 16 -17 18 19 20 -21 -22 23 24 25 26 -27 -28 29 -30 -31 -32 33 -34 -35 -36 37 -38 39 40 41 -42 -43 -44 -45 46 47 48 -49 -50 0
uf50-0416 3279 1 -2 -3 4 5 -6 -7 8 9 10 11 -12 13 14 15 -16 -17 18 19 -20 -21 -22 23 24 -25 -26 27 -28 29 -30 -31 32 -33 34 -35 -36 37 -38 39 40 41 42 -43 -44 -45 46 -47 48 -49 50 0
uf50-0416 3279 1 -2 -3 4 5 -6 -7 8 9 10 11 -12 13 14 15 -16 -17 18 19 -20 -21 -22 23 24 -25 -26 27 -28 29 -30 -31 32 -33 34 -35 -36 37 -38 39 40 41 42 -43 -44 -45 46 -47 48 -49 50 0
uf50-0416 3279 1 -2 -3 4 5 -6 -7 8 9 10 11 -12 13 14 15 -16 -17 18 19 -20 -21 -22 23 24 -25 -26 27 -28 29 -30 -31 32 -33 34 -35 -36 37 -38 39 40 41 42 -43 -44 -45 46 -47 48 -49 50 0
uf50-0416 3279 1 -2 -3 4 5 -6 -7 8 9 10 11 -12 13 14 15 -16 -17 18 19 -20 -21 -22 23 24 -25 -26 27 -28 29 -30 -31 32 -33 34 -35 -36 37 -38 39 40 41 42 -43 -44 -45 46 -47 48 -49 50 0
uf50-0416 3387 1 -2 -3 -4 -5 -6 7 8 -9 10 11 -12 13 14 15 16 -17 18 19 20 -21 -22 23 24 25 26 -27 -28 29 -30 -31 -32 33 -34 -35 -36 37 -38 39 40 41 -42 -43 -44 -45 46 47 48 -49 -50 0
uf50-0416 3279 1 -2 -3 4 5 -6 -7 8 9 10 11 -12 13 14 15 -16 -17 18 19 -20 -21 -22 23 24 -25 -26 27 -28 29 -30 -31 32 -33 34 -35 -36 37 -38 39 40 41 42 -43 -44 -45 46 -47 48 -49 50 0
uf50-0416 3279 1 -2 -3 4 5 -6 -7 8 9 10 11 -12 13 14 15 -16 -17 18 19 -20 -21 -22 23 24 -25 -26 27 -28 29 -30 -31 32 -33 34 -35 -36 37 -38 39 40 41 42 -43 -44 -45 46 -47 48 -49 50 0
uf50-0416 3279 1 -2 -3 4 5 -6 -7 8 9 10 11 -12 13 14 15 -16 -17 18 19 -20 -21 -22 23 24 -25 -26 27 -28 29 -30 -31 32 -33 34 -35 -36 37 -38 39 40 41 42 -43 -44 -45 46 -47 48 -49 50 0
uf50-0416 2850 1 -2 -3 4 -5 -6 -7 8 -9 10 11 -12 13 14 15 16 -17 18 19 -20 -21 -22 23 24 25 -26 27 -28 29 -30 31 32 -33 34 -35 -36 37 -38 39 40 41 42 -43 -44 -45 46 -47 48 -49 50 0
uf50-0416 3192 1 -2 -3 4 -5 -6 -7 8 9 10 11 -12 13 14 15 16 -17 18 19 -20 -21 -22 23 24 25 -26 27 -28 29 -30 31 32 -33 34 -35 -36 37 -38 39 40 41 42 -43 -44 -45 46 -47 48 -49 50 0
uf50-0416 3279 1 -2 -3 4 5 -6 -7 8 9 10 11 -12 13 14 15 -16 -17 18 19 -20 -21 -22 23 24 -25 -26 27 -28 29 -30 -31 32 -33 34 -35 -36 37 -38 39 40 41 42 -43 -44 -45 46 -47 48 -49 50 0
uf50-0416 3279 1 -2 -3 4 5 -6 -7 8 9 10 11 -12 13 14 15 -16 -17 18 19 -20 -21 -22 23 24 -25 -26 27 -28 29 -30 -31 32 -33 34 -35 -36 37 -38 39 40 41 42 -43 -44 -45 46 -47 48 -49 50 0
uf50-0416 3387 1 -2 -3 -4 -5 -6 7 8 -9 10 11 -12 13 14 15 16 -17 18 19 20 -21 -22 23 24 25 26 -27 -28 29 -30 -31 -32 33 -34 -35 -36 37 -38 39 40 41 -42 -43 -44 -45 46 47 48 -49 -50 0
uf50-0416 3279 1 -2 -3 4 5 -6 -7 8 9 10 11 -12 13 14 15 -16 -17 18 19 -20 -21 -22 23 24 -25 -26 27 -28 29 -30 -31 32 -33 34 -35 -36 37 -38 39 40 41 42 -43 -44 -45 46 -47 48 -49 50 0
uf50-0416 3192 1 -2 -3 4 -5 -6 -7 8 9 10 11 -12 13 14 15 16 -17 18 19 -20 -21 -22 23 24 25 -26 27 -28 29 -30 31 32 -33 34 -35 -36 37 -38 39 40 41 42 -43 -44 -45 46 -47 48 -49 50 0
uf50-0416 3279 1 -2 -3 4 5 -6 -7 8 9 10 11 -12 13 14 15 -16 -17 18 19 -20 -21 -22 23 24 -25 -26 27 -28 29 -30 -31 32 -33 34 -35 -36 37 -38 39 40 41 42 -43 -44 -45 46 -47 48 -49 50 0
uf50-0416 3387 1 -2 -3 -4 -5 -6 7 8 -9 10 11 -12 13 14 15 16 -17 18 19 20 -21 -22 23 24 25 26 -27 -28 29 -30 -31 -32 33 -34 -35 -36 37 -38 39 40 41 -42 -43 -44 -45 46 47 48 -49 -50 0
uf50-0416 3279 1 -2 -3 4 5 -6 -7 8 9 10 11 -12 13 14 15 -16 -17 18 19 -20 -21 -22 23 24 -25 -26 27 -28 29 -30 -31 32 -33 34 -35 -36 37 -38 39 40 41 42 -43 -44 -45 46 -47 48 -49 50 0
uf50-0416 3192 1 -2 -3 4 -5 -6 -7 8 9 10 11 -12 13 14 15 16 -17 18 19 -20 -21 -22 23 24 25 -26 27 -28 29 -30 31 32 -33 34 -35 -36 37 -38 39 40 41 42 -43 -44 -45 46 -47 48 -49 50 0
uf50-0416 3042 1 -2 -3 4 -5 -6 -7 8 9 10 11 -12 13 14 15 -16 -17 18 19 20 -21 -22 23 24 -25 -26 27 -28 -29 -30 31 32 33 34 -35 -36 37 -38 39 40 41 42 -43 -44 -45 46 -47 48 -49 50 0
uf50-0416 3279 1 -2 -3 4 5 -6 -7 8 9 10 11 -12 13 14 15 -16 -17 18 19 -20 -21 -22 23 24 -25 -26 27 -28 29 -30 -31 32 -33 34 -35 -36 37 -38 39 40 41 42 -43 -44 -45 46 -47 48 -49 50 0
uf50-0416 3192 1 -2 -3 4 -5 -6 -7 8 9 10 11 -12 13 14 15 16 -17 18 19 -20 -21 -22 23 24 25 -26 27 -28 29 -30 31 32 -33 34 -35 -36 37 -38 39 40 41 42 -43 -44 -45 46 -47 48 -49 50 0
uf50-0416 3042 1 -2 -3 4 -5 -6 -7 8 9 10 11 -12 13 14 15 -16 -17 18 19 20 -21 -22 23 24 -25 -26 27 -28 -29 -30 31 32 33 34 -35 -36 37 -38 39 40 41 42 -43 -44 -45 46 -47 48 -49 50 0
uf50-0416 3279 1 -2 -3 4 5 -6 -7 8 9 10 11 -12 13 14 15 -16 -17 18 19 -20 -21 -22 23 24 -25 -26 27 -28 29 -30 -31 32 -33 34 -35 -36 37 -38 39 40 41 42 -43 -44 -45 46 -47 48 -49 50 0
uf50-0416 2850 1 -2 -3 4 -5 -6 -7 8 9 10 11 -12 13 14 15 16 -17 18 19 20 -21 -22 23 24 25 -26 27 -28 29 -30 31 -32 -33 34 -35 -36 37 -38 39 40 41 -42 -43 -44 -45 46 -47 48 -49 50 0
uf50-0416 3387 1 -2 -3 -4 -5 -6 7 8 -9 10 11 -12 13 14 15 16 -17 18 19 20 -21 -22 23 24 25 26 -27 -28 29 -30 -31 -32 33 -34 -35 -36 37 -38 39 40 41 -42 -43 -44 -45 46 47 48 -49 -50 0
uf50-0416 3279 1 -2 -3 4 5 -6 -7 8 9 10 11 -12 13 14 15 -16 -17 18 19 -20 -21 -22 23 24 -25 -26 27 -28 29 -30 -31 32 -33 34 -35 -36 37 -38 39 40 41 42 -43 -44 -45 46 -47 48 -49 50 0
uf50-0416 2994 1 -2 -3 4 -5 -6 -7 8 9 10 11 -12 13 14 15 16 -17 18 19 -20 -21 -22 23 24 -25 -26 27 -28 29 -30 31 32 -33 34 -35 -36 37 -38 39 40 41 42 -43 -44 -45 46 -47 48 -49 50 0
uf50-0416 2950 1 -2 -3 4 -5 -6 -7 8 9 10 11 -12 13 14 15 16 -17 18 19 20 -21 -22 23 24 25 -26 27 -28 -29 -30 31 32 -33 34 -35 -36 37 -38 39 40 41 42 -43 -44 -45 46 -47 48 -49 50 0
uf50-0416 3279 1 -2 -3 4 5 -6 -7 8 9 10 11 -12 13 14 15 -16 -17 18 19 -20 -21 -22 23 24 -25 -26 27 -28 29 -30 -31 32 -33 34 -35 -36 37 -38 39 40 41 42 -43 -44 -45 46 -47 48 -49 50 0
uf50-0416 3279 1 -2 -3 4 5 -6 -7 8 9 10 11 -12 13 14 15 -16 -17 18 19 -20 -21 -22 23 24 -25 -26 27 -28 29 -30 -31 32 -33 34 -35 -36 37 -38 39 40 41 42 -43 -44 -45 46 -47 48 -49 50 0
uf50-0416 3279 1 -2 -3 4 5 -6 -7 8 9 10 11 -12 13 14 15 -16 -17 18 19 -20 -21 -22 23 24 -25 -26 27 -28 29 -30 -31 32 -33 34 -35 -36 37 -38 39 40 41 42 -43 -44 -45 46 -47 48 -49 50 0
uf50-0416 3192 1 -2 -3 4 -5 -6 -7 8 9 10 11 -12 13 14 15 16 -17 18 19 -20 -21 -22 23 24 25 -26 27 -28 29 -30 31 32 -33 34 -35 -36 37 -38 39 40 41 42 -43 -44 -45 46 -47 48 -49 50 0
uf50-0416 3279 1 -2 -3 4 5 -6 -7 8 9 10 11 -12 13 14 15 -16 -17 18 19 -20 -21 -22 23 24 -25 -26 27 -28 29 -30 -31 32 -33 34 -35 -36 37 -38 39 40 41 42 -43 -44 -45 46 -47 48 -49 50 0
uf50-0416 3387 1 -2 -3 -4 -5 -6 7 8 -9 10 11 -12 13 14 15 16 -17 18 19 20 -21 -22 23 24 25 26 -27 -28 29 -30 -31 -32 33 -34 -35 -36 37 -38 39 40 41 -42 -43 -44 -45 46 47 48 -49 -50 0
uf50-0416 3279 1 -2 -3 4 5 -6 -7 8 9 10 11 -12 13 14 15 -16 -17 18 19 -20 -21 -22 23 24 -25 -26 27 -28 29 -30 -31 32 -33 34 -35 -36 37 -38 39 40 41 42 -43 -44 -45 46 -47 48 -49 50 0
uf50-0416 3279 1 -2 -3 4 5 -6 -7 8 9 10 11 -12 13 14 15 -16 -17 18 19 -20 -21 -22 23 24 -25 -26 27 -28 29 -30 -31 32 -33 34 -35 -36 37 -38 39 40 41 42 -43 -44 -45 46 -47 48 -49 50 0
uf50-0416 3387 1 -2 -3 -4 -5 -6 7 8 -9 10 11 -12 13 14 15 16 -17 18 19 20 -21 -22 23 24 25 26 -27 -28 29 -30 -31 -32 33 -34 -35 -36 37 -38 39 40 41 -42 -43 -44 -45 46 47 48 -49 -50 0
uf50-0416 3279 1 -2 -3 4 5 -6 -7 8 9 10 11 -12 13 14 15 -16 -17 18 19 -20 -21 -22 23 24 -25 -26 27 -28 29 -30 -31 32 -33 34 -35 -36 37 -38 39 40 41 42 -43 -44 -45 46 -47 48 -49 50 0
uf50-0416 3279 1 -2 -3 4 5 -6 -7 8 9 10 11 -12 13 14 15 -16 -17 18 19 -20 -21 -22 23 24 -25 -26 27 -28 29 -30 -31 32 -33 34 -35 -36 37 -38 39 40 41 42 -43 -44 -45 46 -47 48 -49 50 0
uf50-0416 3279 1 -2 -3 4 5 -6 -7 8 9 10 11 -12 13 14 15 -16 -17 18 19 -20 -21 -22 23 24 -25 -26 27 -28 29 -30 -31 32 -33 34 -35 -36 37 -38 39 40 41 42 -43 -44 -45 46 -47 48 -49 50 0
uf50-0416 3279 1 -2 -3 4 5 -6 -7 8 9 10 11 -12 13 14 15 -16 -17 18 19 -20 -21 -22 23 24 -25 -26 27 -28 29 -30 -31 32 -33 34 -35 -36 37 -38 39 40 41 42 -43 -44 -45 46 -47 48 -49 50 0
uf50-0416 3252 1 -2 -3 -4 -5 6 7 8 -9 10 11 -12 13 14 15 16 -17 18 19 20 -21 -22 23 24 25 26 -27 -28 29 -30 -31 -32 33 34 -35 -36 37 -38 39 40 41 -42 -43 -44 -45 46 -47 48 -49 -50 0
uf50-0416 3279 1 -2 -3 4 5 -6 -7 8 9 10 11 -12 13 14 15 -16 -17 18 19 -20 -21 -22 23 24 -25 -26 27 -28 29 -30 -31 32 -33 34 -35 -36 37 -38 39 40 41 42 -43 -44 -45 46 -47 48 -49 50 0
uf50-0416 2665 1 -2 -3 4 -5 -6 -7 8 9 10 11 -12 13 14 15 16 -17 18 19 -20 -21 -22 23 24 -25 -26 27 -28 -29 -30 31 32 -33 34 -35 -36 37 -38 39 40 41 42 -43 -44 -45 46 -47 48 -49 50 0
uf50-0416 3387 1 -2 -3 -4 -5 -6 7 8 -9 10 11 -12 13 14 15 16 -17 18 19 20 -21 -22 23 24 25 26 -27 -28 29 -30 -31 -32 33 -34 -35 -36 37 -38 39 40 41 -42 -43 -44 -45 46 47 48 -49 -50 0
uf50-0416 3279 1 -2 -3 4 5 -6 -7 8 9 10 11 -12 13 14 15 -16 -17 18 19 -20 -21 -22 23 24 -25 -26 27 -28 29 -30 -31 32 -33 34 -35 -36 37 -38 39 40 41 42 -43 -44 -45 46 -47 48 -49 50 0
uf50-0416 3387 1 -2 -3 -4 -5 -6 7 8 -9 10 11 -12 13 14 15 16 -17 18 19 20 -21 -22 23 24 25 26 -27 -28 29 -30 -31 -32 33 -34 -35 -36 37 -38 39 40 41 -42 -43 -44 -45 46 47 48 -49 -50 0
uf50-0416 3042 1 -2 -3 4 -5 -6 -7 8 9 10 11 -12 13 14 15 -16 -17 18 19 20 -21 -22 23 24 -25 -26 27 -28 -29 -30 31 32 33 34 -35 -36 37 -38 39 40 41 42 -43 -44 -45 46 -47 48 -49 50 0
uf50-0416 3192 1 -2 -3 4 -5 -6 -7 8 9 10 11 -12 13 14 15 16 -17 18 19 -20 -21 -22 23 24 25 -26 27 -28 29 -30 31 32 -33 34 -35 -36 37 -38 39 40 41 42 -43 -44 -45 46 -47 48 -49 50 0
uf50-0416 3279 1 -2 -3 4 5 -6 -7 8 9 10 11 -12 13 14 15 -16 -17 18 19 -20 -21 -22 23 24 -25 -26 27 -28 29 -30 -31 32 -33 34 -35 -36 37 -38 39 40 41 42 -43 -44 -45 46 -47 48 -49 50 0
uf50-0416 3279 1 -2 -3 4 5 -6 -7 8 9 10 11 -12 13 14 15 -16 -17 18 19 -20 -21 -22 23 24 -25 -26 27 -28 29 -30 -31 32 -33 34 -35 -36 37 -38 39 40 41 42 -43 -44 -45 46 -47 48 -49 50 0
uf50-0416 3008 1 -2 -3 -4 -5 -6 7 8 -9 10 11 -12 13 14 15 16 -17 18 19 20 -21 -22 23 24 25 -26 -27 -28 29 -30 -31 -32 33 -34 -35 -36 37 -38 39 40 41 -42 -43 -44 -45 46 47 48 -49 -50 0
uf50-0416 3279 1 -2 -3 4 5 -6 -7 8 9 10 11 -12 13 14 15 -16 -17 18 19 -20 -21 -22 23 24 -25 -26 27 -28 29 -30 -31 32 -33 34 -35 -36 37 -38 39 40 41 42 -43 -44 -45 46 -47 48 -49 50 0
uf50-0416 3279 1 -2 -3 4 5 -6 -7 8 9 10 11 -12 13 14 15 -16 -17 18 19 -20 -21 -22 23 24 -25 -26 27 -28 29 -30 -31 32 -33 34 -35 -36 37 -38 39 40 41 42 -43 -44 -45 46 -47 48 -49 50 0
uf50-0416 3192 1 -2 -3 4 -5 -6 -7 8 9 10 11 -12 13 14 15 16 -17 18 19 -20 -21 -22 23 24 25 -26 27 -28 29 -30 31 32 -33 34 -35 -36 37 -38 39 40 41 42 -43 -44 -45 46 -47 48 -49 50 0
uf50-0416 3279 1 -2 -3 4 5 -6 -7 8 9 10 11 -12 13 14 15 -16 -17 18 19 -20 -21 -22 23 24 -25 -26 27 -28 29 -30 -31 32 -33 34 -35 -36 37 -38 39 40 41 42 -43 -44 -45 46 -47 48 -49 50 0
uf50-0416 3279 1 -2 -3 4 5 -6 -7 8 9 10 11 -12 13 14 15 -16 -17 18 19 -20 -21 -22 23 24 -25 -26 27 -28 29 -30 -31 32 -33 34 -35 -36 37 -38 39 40 41 42 -43 -44 -45 46 -47 48 -49 50 0
uf50-0416 3279 1 -2 -3 4 5 -6 -7 8 9 10 11 -12 13 14 15 -16 -17 18 19 -20 -21 -22 23 24 -25 -26 27 -28 29 -30 -31 32 -33 34 -35 -36 37 -38 39 40 41 42 -43 -44 -45 46 -47 48 -49 50 0
uf50-0416 3042 1 -2 -3 4 -5 -6 -7 8 9 10 11 -12 13 14 15 -16 -17 18 19 20 -21 -22 23 24 -25 -26 27 -28 -29 -30 31 32 33 34 -35 -36 37 -38 39 40 41 42 -43 -44 -45 46 -47 48 -49 50 0
uf50-0416 3279 1 -2 -3 4 5 -6 -7 8 9 10 11 -12 13 14 15 -16 -17 18 19 -20 -21 -22 23 24 -25 -26 27 -28 29 -30 -31 32 -33 34 -35 -36 37 -38 39 40 41 42 -43 -44 -45 46 -47 48 -49 50 0
uf50-0416 3279 1 -2 -3 4 5 -6 -7 8 9 10 11 -12 13 14 15 -16 -17 18 19 -20 -21 -22 23 24 -25 -26 27 -28 29 -30 -31 32 -33 34 -35 -36 37 -38 39 40 41 42 -43 -44 -45 46 -47 48 -49 50 0
uf50-0416 3279 1 -2 -3 4 5 -6 -7 8 9 10 11 -12 13 14 15 -16 -17 18 19 -20 -21 -22 23 24 -25 -26 27 -28 29 -30 -31 32 -33 34 -35 -36 37 -38 39 40 41 42 -43 -44 -45 46 -47 48 -49 50 0
uf50-0416 2909 1 2 -3 -4 -5 6 -7 -8 -9 10 11 -12 -13 -14 -15 -16 -17 18 -19 20 -21 22 23 24 -25 26 -27 28 -29 -30 31 32 33 34 -35 -36 -37 -38 39 40 41 42 -43 -44 45 46 -47 48 -49 50 0
uf50-0416 3192 1 -2 -3 4 -5 -6 -7 8 9 10 11 -12 13 14 15 16 -17 18 19 -20 -21 -22 23 24 25 -26 27 -28 29 -30 31 32 -33 34 -35 -36 37 -38 39 40 41 42 -43 -44 -45 46 -47 48 -49 50 0
uf50-0416 3279 1 -2 -3 4 5 -6 -7 8 9 10 11 -12 13 14 15 -16 -17 18 19 -20 -21 -22 23 24 -25 -26 27 -28 29 -30 -31 32 -33 34 -35 -36 37 -38 39 40 41 42 -43 -44 -45 46 -47 48 -49 50 0
uf50-0416 3279 1 -2 -3 4 5 -6 -7 8 9 10 11 -12 13 14 15 -16 -17 18 19 -20 -21 -22 23 24 -25 -26 27 -28 29 -30 -31 32 -33 34 -35 -36 37 -38 39 40 41 42 -43 -44 -45 46 -47 48 -49 50 0
uf50-0416 2937 1 -2 -3 4 5 -6 -7 8 -9 10 11 -12 13 14 15 -16 -17 18 19 -20 -21 -22 23 24 -25 -26 27 -28 29 -30 -31 32 -33 34 -35 -36 37 -38 39 40 41 42 -43 -44 -45 46 -47 48 -49 50 0
uf50-0416 3279 1 -2 -3 4 5 -6 -7 8 9 10 11 -12 13 14 15 -16 -17 18 19 -20 -21 -22 23 24 -25 -26 27 -28 29 -30 -31 32 -33 34 -35 -36 37 -38 39 40 41 42 -43 -44 -45 46 -47 48 -49 50 0
