uf50-0695 3385 1 2 3 4 -5 6 7 -8 -9 10 11 -12 13 14 15 -16 17 18 19 -20 -21 22 23 -24 -25 26 27 -28 -29 -30 31 32 -33 34 -35 36 37 -38 -39 -40 41 42 -43 44 45 -46 47 48 -49 -50 0
uf50-0695 3229 1 2 3 -4 -5 -6 7 -8 -9 -10 11 -12 13 14 15 16 17 18 19 -20 -21 22 23 -24 25 26 27 -28 -29 30 31 32 33 34 -35 36 37 -38 -39 40 41 42 -43 44 -45 -46 47 48 -49 -50 0
uf50-0695 3385 1 2 3 4 -5 6 7 -8 -9 10 11 -12 13 14 15 -16 17 18 19 -20 -21 22 23 -24 -25 26 27 -28 -29 -30 31 32 -33 34 -35 36 37 -38 -39 -40 41 42 -43 44 45 -46 47 48 -49 -50 0
uf50-0695 3385 1 2 3 4 -5 6 7 -8 -9 10 11 -12 13 14 15 -16 17 18 19 -20 -21 22 23 -24 -25 26 27 -28 -29 -30 31 32 -33 34 -35 36 37 -38 -39 -40 41 42 -43 44 45 -46 47 48 -49 -50 0
uf50-0695 3779 1 2 3 4 -5 6 7 -8 -9 10 11 -12 13 14 15 -16 17 18 19 -20 -21 22 23 -24 -25 26 27 -28 -29 -30 31 32 -33 34 -35 36 37 -38 -39 40 41 42 -43 44 45 -46 47 48 -49 -50 0
uf50-0695 3779 1 2 3 4 -5 6 7 -8 -9 10 11 -12 13 14 15 -16 17 18 19 -20 -21 22 23 -24 -25 26 27 -28 -29 -30 31 32 -33 34 -35 36 37 -38 -39 40 41 42 -43 44 45 -46 47 48 -49 -50 0
uf50-0695 3779 1 2 3 4 -5 6 7 -8 -9 10 11 -12 13 14 15 -16 17 18 19 -20 -21 22 23 -24 -25 26 27 -28 -29 -30 31 32 -33 34 -35 36 37 -38 -39 40 41 42 -43 44 45 -46 47 48 -49 -50 0
uf50-0695 3385 1 2 3 4 -5 6 7 -8 -9 10 11 -12 13 14 15 -16 17 18 19 -20 -21 22 23 -24 -25 26 27 -28 -29 -30 31 32 -33 34 -35 36 37 -38 -39 -40 41 42 -43 44 45 -46 47 48 -49 -50 0
uf50-0695 3779 1 2 3 4 -5 6 7 -8 -9 10 11 -12 13 14 15 -16 17 18 19 -20 -21 22 23 -24 -25 26 27 -28 -29 -30 31 32 -33 34 -35 36 37 -38 -39 40 41 42 -43 44 45 -46 47 48 -49 -50 0
uf50-0695 3779 1 2 3 4 -5 6 7 -8 -9 10 11 -12 13 14 15 -16 17 18 19 -20 -21 22 23 -24 -25 26 27 -28 -29 -30 31 32 -33 34 -35 36 37 -38 -39 40 41 42 -43 44 45 -46 47 48 -49 -50 0
uf50-0695 2805 1 -2 3 -4 5 6 7 -8 -9 -10 11 12 13 14 15 16 17 -18 -19 -20 -21 -22 23 24 -25 -26 27 28 -29 -30 31 32 33 34 35 36 37 -38 39 -40 41 42 -43 -44 -45 46 47 -48 49 -50 0
uf50-0695 3779 1 2 3 4 -5 6 7 -8 -9 10 11 -12 13 14 15 -16 17 18 19 -20 -21 22 23 -24 -25 26 27 -28 -29 -30 31 32 -33 34 -35 36 37 -38 -39 40 41 42 -43 44 45 -46 47 48 -49 -50 0
uf50-0695 3478 1 2 3 4 -5 6 7 -8 -9 10 11 -12 13 14 15 -16 17 18 19 -20 -21 22 23 -24 -25 -26 27 -28 -29 -30 31 32 -33 34 -35 36 37 -38 -39 40 41 42 -43 44 45 -46 47 48 -49 -50 0
uf50-0695 3779 1 2 3 4 -5 6 7 -8 -9 10 11 -12 13 14 15 -16 17 18 19 -20 -21 22 23 -24 -25 26 27 -28 -29 -30 31 32 -33 34 -35 36 37 -38 -39 40 41 42 -43 44 45 -46 47 48 -49 -50 0
uf50-0695 3779 1 2 3 4 -5 6 7 -8 -9 10 11 -12 13 14 15 -16 17 18 19 -20 -21 22 23 -24 -25 26 27 -28 -29 -30 31 32 -33 34 -35 36 37 -38 -39 40 41 42 -43 44 45 -46 47 48 -49 -50 0
uf50-0695 3229 1 2 3 -4 -5 -6 7 -8 -9 -10 11 -12 13 14 15 16 17 18 19 -20 -21 22 23 -24 25 26 27 -28 -29 30 31 32 33 34 -35 36 37 -38 -39 40 41 42 -43 44 -45 -46 47 48 -49 -50 0
uf50-0695 3779 1 2 3 4 -5 6 7 -8 -9 10 11 -12 13 14 15 -16 17 18 19 -20 -21 22 23 -24 -25 26 27 -28 -29 -30 31 32 -33 34 -35 36 37 -38 -39 40 41 42 -43 44 45 -46 47 48 -49 -50 0
uf50-0695 3779 1 2 3 4 -5 6 7 -8 -9 10 11 -12 13 14 15 -16 17 18 19 -20 -21 22 23 -24 -25 26 27 -28 -29 -30 31 32 -33 34 -35 36 37 -38 -39 40 41 42 -43 44 45 -46 47 48 -49 -50 0
uf50-0695 3779 1 2 3 4 -5 6 7 -8 -9 10 11 -12 13 14 15 -16 17 18 19 -20 -21 22 23 -24 -25 26 27 -28 -29 -30 31 32 -33 34 -35 36 37 -38 -39 40 41 42 -43 44 45 -46 47 48 -49 -50 0
uf50-0695 3779 1 2 3 4 -5 6 7 -8 -9 10 11 -12 13 14 15 -16 17 18 19 -20 -21 22 23 -24 -25 26 27 -28 -29 -30 31 32 -33 34 -35 36 37 -38 -39 40 41 42 -43 44 45 -46 47 48 -49 -50 0
uf50-0695 3478 1 2 3 4 -5 6 7 -8 -9 10 11 -12 13 14 15 -16 17 18 19 -20 -21 22 23 -24 -25 -26 27 -28 -29 -30 31 32 -33 34 -35 36 37 -38 -39 40 41 42 -43 44 45 -46 47 48 -49 -50 0
uf50-0695 3779 1 2 3 4 -5 6 7 -8 -9 10 11 -12 13 14 15 -16 17 18 19 -20 -21 22 23 -24 -25 26 27 -28 -29 -30 31 32 -33 34 -35 36 37 -38 -39 40 41 42 -43 44 45 -46 47 48 -49 -50 0
uf50-0695 3229 1 2 3 -4 -5 -6 7 -8 -9 -10 11 -12 13 14 15 16 17 18 19 -20 -21 22 23 -24 25 26 27 -28 -29 30 31 32 33 34 -35 36 37 -38 -39 40 41 42 -43 44 -45 -46 47 48 -49 -50 0
uf50-0695 3385 1 2 3 4 -5 6 7 -8 -9 10 11 -12 13 14 15 -16 17 18 19 -20 -21 22 23 -24 -25 26 27 -28 -29 -30 31 32 -33 34 -35 36 37 -38 -39 -40 41 42 -43 44 45 -46 47 48 -49 -50 0
uf50-0695 3229 1 2 3 -4 -5 -6 7 -8 -9 -10 11 -12 13 14 15 16 17 18 19 -20 -21 22 23 -24 25 26 27 -28 -29 30 31 32 33 34 -35 36 37 -38 -39 40 41 42 -43 44 -45 -46 47 48 -49 -50 0
uf50-0695 3779 1 2 3 4 -5 6 7 -8 -9 10 11 -12 13 14 15 -16 17 18 19 -20 -21 22 23 -24 -25 26 27 -28 -29 -30 31 32 -33 34 -35 36 37 -38 -39 40 41 42 -43 44 45 -46 47 48 -49 -50 0
uf50-0695 3779 1 2 3 4 -5 6 7 -8 -9 10 11 -12 13 14 15 -16 17 18 19 -20 -21 22 23 -24 -25 26 27 -28 -29 -30 31 32 -33 34 -35 36 37 -38 -39 40 41 42 -43 44 45 -46 47 48 -49 -50 0
uf50-0695 3779 1 2 3 4 -5 6 7 -8 -9 10 11 -12 13 14 15 -16 17 18 19 -20 -21 22 23 -24 -25 26 27 -28 -29 -30 31 32 -33 34 -35 36 37 -38 -39 40 41 42 -43 44 45 -46 47 48 -49 -50 0
uf50-0695 3229 1 2 3 -4 -5 -6 7 -8 -9 -10 11 -12 13 14 15 16 17 18 19 -20 -21 22 23 -24 25 26 27 -28 -29 30 31 32 33 34 -35 36 37 -38 -39 40 41 42 -43 44 -45 -46 47 48 -49 -50 0
uf50-0695 3229 1 2 3 -4 -5 -6 7 -8 -9 -10 11 -12 13 14 15 16 17 18 19 -20 -21 22 23 -24 25 26 27 -28 -29 30 31 32 33 34 -35 36 37 -38 -39 40 41 42 -43 44 -45 -46 47 48 -49 -50 0
uf50-0695 3779 1 2 3 4 -5 6 7 -8 -9 10 11 -12 13 14 15 -16 17 18 19 -20 -21 22 23 -24 -25 26 27 -28 -29 -30 31 32 -33 34 -35 36 37 -38 -39 40 41 42 -43 44 45 -46 47 48 -49 -50 0
uf50-0695 3779 1 2 3 4 -5 6 7 -8 -9 10 11 -12 13 14 15 -16 17 18 19 -20 -21 22 23 -24 -25 26 27 -28 -29 -30 31 32 -33 34 -35 36 37 -38 -39 40 41 42 -43 44 45 -46 47 48 -49 -50 0
uf50-0695 3229 1 2 3 -4 -5 -6 7 -8 -9 -10 11 -12 13 14 15 16 17 18 19 -20 -21 22 23 -24 25 26 27 -28 -29 30 31 32 33 34 -35 36 37 -38 -39 40 41 42 -43 44 -45 -46 47 48 -49 -50 0
uf50-0695 3229 1 2 3 -4 -5 -6 7 -8 -9 -10 11 -12 13 14 15 16 17 18 19 -20 -21 22 23 -24 25 26 27 -28 -29 30 31 32 33 34 -35 36 37 -38 -39 40 41 42 -43 44 -45 -46 47 48 -49 -50 0
uf50-0695 3779 1 2 3 4 -5 6 7 -8 -9 10 11 -12 13 14 15 -16 17 18 19 -20 -21 22 23 -24 -25 26 27 -28 -29 -30 31 32 -33 34 -35 36 37 -38 -39 40 41 42 -43 44 45 -46 47 48 -49 -50 0
uf50-0695 3084 1 2 3 4 -5 6 7 -8 -9 10 11 -12 13 14 15 -16 17 18 19 -20 -21 22 23 -24 -25 -26 27 -28 -29 -30 31 32 -33 34 -35 36 37 -38 -39 -40 41 42 -43 44 45 -46 47 48 -49 -50 0
uf50-0695 3478 1 2 3 4 -5 6 7 -8 -9 10 11 -12 13 14 15 -16 17 18 19 -20 -21 22 23 -24 -25 -26 27 -28 -29 -30 31 32 -33 34 -35 36 37 -38 -39 40 41 42 -43 44 45 -46 47 48 -49 -50 0
uf50-0695 3779 1 2 3 4 -5 6 7 -8 -9 10 11 -12 13 14 15 -16 17 18 19 -20 -21 22 23 -24 -25 26 27 -28 -29 -30 31 32 -33 34 -35 36 37 -38 -39 40 41 42 -43 44 45 -46 47 48 -49 -50 0
uf50-0695 3229 1 2 3 -4 -5 -6 7 -8 -9 -10 11 -12 13 14 15 16 17 18 19 -20 -21 22 23 -24 25 26 27 -28 -29 30 31 32 33 34 -35 36 37 -38 -39 40 41 42 -43 44 -45 -46 47 48 -49 -50 0
uf50-0695 3779 1 2 3 4 -5 6 7 -8 -9 10 11 -12 13 14 15 -16 17 18 19 -20 -21 22 23 -24 -25 26 27 -28 -29 -30 31 32 -33 34 -35 36 37 -38 -39 40 41 42 -43 44 45 -46 47 48 -49 -50 0
uf50-0695 3779 1 2 3 4 -5 6 7 -8 -9 10 11 -12 13 14 15 -16 17 18 19 -20 -21 22 23 -24 -25 26 27 -28 -29 -30 31 32 -33 34 -35 36 37 -38 -39 40 41 42 -43 44 45 -46 47 48 -49 -50 0
uf50-0695 3779 1 2 3 4 -5 6 7 -8 -9 10 11 -12 13 14 15 -16 17 18 19 -20 -21 22 23 -24 -25 26 27 -28 -29 -30 31 32 -33 34 -35 36 37 -38 -39 40 41 42 -43 44 45 -46 47 48 -49 -50 0
uf50-0695 3229 1 2 3 -4 -5 -6 7 -8 -9 -10 11 -12 13 14 15 16 17 18 19 -20 -21 22 23 -24 25 26 27 -28 -29 30 31 32 33 34 -35 36 37 -38 -39 40 41 42 -43 44 -45 -46 47 48 -49 -50 0
uf50-0695 3779 1 2 3 4 -5 6 7 -8 -9 10 11 -12 13 14 15 -16 17 18 19 -20 -21 22 23 -24 -25 26 27 -28 -29 -30 31 32 -33 34 -35 36 37 -38 -39 40 41 42 -43 44 45 -46 47 48 -49 -50 0
uf50-0695 3229 1 2 3 -4 -5 -6 7 -8 -9 -10 11 -12 13 14 15 16 17 18 19 -20 -21 22 23 -24 25 26 27 -28 -29 30 31 32 33 34 -35 36 37 -38 -39 40 41 42 -43 44 -45 -46 47 48 -49 -50 0
uf50-0695 3779 1 2 3 4 -5 6 7 -8 -9 10 11 -12 13 14 15 -16 17 18 19 -20 -21 22 23 -24 -25 26 27 -28 -29 -30 31 32 -33 34 -35 36 37 -38 -39 40 41 42 -43 44 45 -46 47 48 -49 -50 0
uf50-0695 3478 1 2 3 4 -5 6 7 -8 -9 10 11 -12 13 14 15 -16 17 18 19 -20 -21 22 23 -24 -25 -26 27 -28 -29 -30 31 32 -33 34 -35 36 37 -38 -39 40 41 42 -43 44 45 -46 47 48 -49 -50 0
uf50-0695 3779 1 2 3 4 -5 6 7 -8 -9 10 11 -12 13 14 15 -16 17 18 19 -20 -21 22 23 -24 -25 26 27 -28 -29 -30 31 32 -33 34 -35 36 37 -38 -39 40 41 42 -43 44 45 -46 47 48 -49 -50 0
uf50-0695 3779 1 2 3 4 -5 6 7 -8 -9 10 11 -12 13 14 15 -16 17 18 19 -20 -21 22 23 -24 -25 26 27 -28 -29 -30 31 32 -33 34 -35 36 37 -38 -39 40 41 42 -43 44 45 -46 47 48 -49 -50 0
uf50-0695 3779 1 2 3 4 -5 6 7 -8 -9 10 11 -12 13 14 15 -16 17 18 19 -20 -21 22 23 -24 -25 26 27 -28 -29 -30 31 32 -33 34 -35 36 37 -38 -39 40 41 42 -43 44 45 -46 47 48 -49 -50 0
uf50-0695 3779 1 2 3 4 -5 6 7 -8 -9 10 11 -12 13 14 15 -16 17 18 19 -20 -21 22 23 -24 -25 26 27 -28 -29 -30 31 32 -33 34 -35 36 37 -38 -39 40 41 42 -43 44 45 -46 47 48 -49 -50 0
uf50-0695 3229 1 2 3 -4 -5 -6 7 -8 -9 -10 11 -12 13 14 15 16 17 18 19 -20 -21 22 23 -24 25 26 27 -28 -29 30 31 32 33 34 -35 36 37 -38 -39 40 41 42 -43 44 -45 -46 47 48 -49 -50 0
uf50-0695 3779 1 2 3 4 -5 6 7 -8 -9 10 11 -12 13 14 15 -16 17 18 19 -20 -21 22 23 -24 -25 26 27 -28 -29 -30 31 32 -33 34 -35 36 37 -38 -39 40 41 42 -43 44 45 -46 47 48 -49 -50 0
uf50-0695 3229 1 2 3 -4 -5 -6 7 -8 -9 -10 11 -12 13 14 15 16 17 18 19 -20 -21 22 23 -24 25 26 27 -28 -29 30 31 32 33 34 -35 36 37 -38 -39 40 41 42 -43 44 -45 -46 47 48 -49 -50 0
uf50-0695 3229 1 2 3 -4 -5 -6 7 -8 -9 -10 11 -12 13 14 15 16 17 18 19 -20 -21 22 23 -24 25 26 27 -28 -29 30 31 32 33 34 -35 36 37 -38 -39 40 41 42 -43 44 -45 -46 47 48 -49 -50 0
uf50-0695 3478 1 2 3 4 -5 6 7 -8 -9 10 11 -12 13 14 15 -16 17 18 19 -20 -21 22 23 -24 -25 -26 27 -28 -29 -30 31 32 -33 34 -35 36 37 -38 -39 40 41 42 -43 44 45 -46 47 48 -49 -50 0
uf50-0695 3229 1 2 3 -4 -5 -6 7 -8 -9 -10 11 -12 13 14 15 16 17 18 19 -20 -21 22 23 -24 25 26 27 -28 -29 30 31 32 33 34 -35 36 37 -38 -39 40 41 42 -43 44 -45 -46 47 48 -49 -50 0
uf50-0695 3779 1 2 3 4 -5 6 7 -8 -9 10 11 -12 13 14 15 -16 17 18 19 -20 -21 22 23 -24 -25 26 27 -28 -29 -30 31 32 -33 34 -35 36 37 -38 -39 40 41 42 -43 44 45 -46 47 48 -49 -50 0
uf50-0695 3229 1 2 3 -4 -5 -6 7 -8 -9 -10 11 -12 13 14 15 16 17 18 19 -20 -21 22 23 -24 25 26 27 -28 -29 30 31 32 33 34 -35 36 37 -38 -39 40 41 42 -43 44 -45 -46 47 48 -49 -50 0
uf50-0695 3229 1 2 3 -4 -5 -6 7 -8 -9 -10 11 -12 13 14 15 16 17 18 19 -20 -21 22 23 -24 25 26 27 -28 -29 30 31 32 33 34 -35 36 37 -38 -39 40 41 42 -43 44 -45 -46 47 48 -49 -50 0
uf50-0695 3229 1 2 3 -4 -5 -6 7 -8 -9 -10 11 -12 13 14 15 16 17 18 19 -20 -21 22 23 -24 25 26 27 -28 -29 30 31 32 33 34 -35 36 37 -38 -39 40 41 42 -43 44 -45 -46 47 48 -49 -50 0
uf50-0695 3478 1 2 3 4 -5 6 7 -8 -9 10 11 -12 13 14 15 -16 17 18 19 -20 -21 22 23 -24 -25 -26 27 -28 -29 -30 31 32 -33 34 -35 36 37 -38 -39 40 41 42 -43 44 45 -46 47 48 -49 -50 0
uf50-0695 3478 1 2 3 4 -5 6 7 -8 -9 10 11 -12 13 14 15 -16 17 18 19 -20 -21 22 23 -24 -25 -26 27 -28 -29 -30 31 32 -33 34 -35 36 37 -38 -39 40 41 42 -43 44 45 -46 47 48 -49 -50 0
uf50-0695 3229 1 2 3 -4 -5 -6 7 -8 -9 -10 11 -12 13 14 15 16 17 18 19 -20 -21 22 23 -24 25 26 27 -28 -29 30 31 32 33 34 -35 36 37 -38 -39 40 41 42 -43 44 -45 -46 47 48 -49 -50 0
uf50-0695 3385 1 2 3 4 -5 6 7 -8 -9 10 11 -12 13 14 15 -16 17 18 19 -20 -21 22 23 -24 -25 26 27 -28 -29 -30 31 32 -33 34 -35 36 37 -38 -39 -40 41 42 -43 44 45 -46 47 48 -49 -50 0
uf50-0695 3779 1 2 3 4 -5 6 7 -8 -9 10 11 -12 13 14 15 -16 17 18 19 -20 -21 22 23 -24 -25 26 27 -28 -29 -30 31 32 -33 34 -35 36 37 -38 -39 40 41 42 -43 44 45 -46 47 48 -49 -50 0
uf50-0695 3779 1 2 3 4 -5 6 7 -8 -9 10 11 -12 13 14 15 -16 17 18 19 -20 -21 22 23 -24 -25 26 27 -28 -29 -30 31 32 -33 34 -35 36 37 -38 -39 40 41 42 -43 44 45 -46 47 48 -49 -50 0
uf50-0695 2805 1 -2 3 -4 5 6 7 -8 -9 -10 11 12 13 14 15 16 17 -18 -19 -20 -21 -22 23 24 -25 -26 27 28 -29 -30 31 32 33 34 35 36 37 -38 39 -40 41 42 -43 -44 -45 46 47 -48 49 -50 0
uf50-0695 3175 1 -2 3 -4 -5 -6 7 -8 -9 -10 11 -12 13 14 15 16 17 18 19 -20 -21 22 23 -24 25 26 27 -28 -29 30 31 32 33 34 -35 36 37 -38 -39 40 41 42 -43 44 -45 -46 47 48 49 -50 0
uf50-0695 3779 1 2 3 4 -5 6 7 -8 -9 10 11 -12 13 14 15 -16 17 18 19 -20 -21 22 23 -24 -25 26 27 -28 -29 -30 31 32 -33 34 -35 36 37 -38 -39 40 41 42 -43 44 45 -46 47 48 -49 -50 0
uf50-0695 3385 1 2 3 4 -5 6 7 -8 -9 10 11 -12 13 14 15 -16 17 18 19 -20 -21 22 23 -24 -25 26 27 -28 -29 -30 31 32 -33 34 -35 36 37 -38 -39 -40 41 42 -43 44 45 -46 47 48 -49 -50 0
uf50-0695 3779 1 2 3 4 -5 6 7 -8 -9 10 11 -12 13 14 15 -16 17 18 19 -20 -21 22 23 -24 -25 26 27 -28 -29 -30 31 32 -33 34 -35 36 37 -38 -39 40 41 42 -43 44 45 -46 47 48 -49 -50 0
uf50-0695 3175 1 -2 3 -4 -5 -6 7 -8 -9 -10 11 -12 13 14 15 16 17 18 19 -20 -21 22 23 -24 25 26 27 -28 -29 30 31 32 33 34 -35 36 37 -38 -39 40 41 42 -43 44 -45 -46 47 48 49 -50 0
uf50-0695 3779 1 2 3 4 -5 6 7 -8 -9 10 11 -12 13 14 15 -16 17 18 19 -20 -21 22 23 -24 -25 26 27 -28 -29 -30 31 32 -33 34 -35 36 37 -38 -39 40 41 42 -43 44 45 -46 47 48 -49 -50 0
uf50-0695 3779 1 2 3 4 -5 6 7 -8 -9 10 11 -12 13 14 15 -16 17 18 19 -20 -21 22 23 -24 -25 26 27 -28 -29 -30 31 32 -33 34 -35 36 37 -38 -39 40 41 42 -43 44 45 -46 47 48 -49 -50 0
uf50-0695 3779 1 2 3 4 -5 6 7 -8 -9 10 11 -12 13 14 15 -16 17 18 19 -20 -21 22 23 -24 -25 26 27 -28 -29 -30 31 32 -33 34 -35 36 37 -38 -39 40 41 42 -43 44 45 -46 47 48 -49 -50 0
uf50-0695 3779 1 2 3 4 -5 6 7 -8 -9 10 11 -12 13 14 15 -16 17 18 19 -20 -21 22 23 -24 -25 26 27 -28 -29 -30 31 32 -33 34 -35 36 37 -38 -39 40 41 42 -43 44 45 -46 47 48 -49 -50 0
uf50-0695 2897 1 -2 3 -4 -5 -6 7 -8 -9 -10 11 -12 13 14 15 16 17 18 19 -20 -21 22 23 -24 25 26 27 -28 -29 30 31 32 33 34 -35 36 37 -38 -39 40 41 42 -43 44 -45 -46 47 48 -49 -50 0
uf50-0695 3779 1 2 3 4 -5 6 7 -8 -9 10 11 -12 13 14 15 -16 17 18 19 -20 -21 22 23 -24 -25 26 27 -28 -29 -30 31 32 -33 34 -35 36 37 -38 -39 40 41 42 -43 44 45 -46 47 48 -49 -50 0
uf50-0695 3229 1 2 3 -4 -5 -6 7 -8 -9 -10 11 -12 13 14 15 16 17 18 19 -20 -21 22 23 -24 25 26 27 -28 -29 30 31 32 33 34 -35 36 37 -38 -39 40 41 42 -43 44 -45 -46 47 48 -49 -50 0
uf50-0695 3229 1 2 3 -4 -5 -6 7 -8 -9 -10 11 -12 13 14 15 16 17 18 19 -20 -21 22 23 -24 25 26 27 -28 -29 30 31 32 33 34 -35 36 37 -38 -39 40 41 42 -43 44 -45 -46 47 48 -49 -50 0
uf50-0695 3229 1 2 3 -4 -5 -6 7 -8 -9 -10 11 -12 13 14 15 16 17 18 19 -20 -21 22 23 -24 25 26 27 -28 -29 30 31 32 33 34 -35 36 37 -38 -39 40 41 42 -43 44 -45 -46 47 48 -49 -50 0
uf50-0695 3779 1 2 3 4 -5 6 7 -8 -9 10 11 -12 13 14 15 -16 17 18 19 -20 -21 22 23 -24 -25 26 27 -28 -29 -30 31 32 -33 34 -35 36 37 -38 -39 40 41 42 -43 44 45 -46 47 48 -49 -50 0
uf50-0695 3779 1 2 3 4 -5 6 7 -8 -9 10 11 -12 13 14 15 -16 17 18 19 -20 -21 22 23 -24 -25 26 27 -28 -29 -30 31 32 -33 34 -35 36 37 -38 -39 40 41 42 -43 44 45 -46 47 48 -49 -50 0
uf50-0695 3779 1 2 3 4 -5 6 7 -8 -9 10 11 -12 13 14 15 -16 17 18 19 -20 -21 22 23 -24 -25 26 27 -28 -29 -30 31 32 -33 34 -35 36 37 -38 -39 40 41 42 -43 44 45 -46 47 48 -49 -50 0
uf50-0695 3478 1 2 3 4 -5 6 7 -8 -9 10 11 -12 13 14 15 -16 17 18 19 -20 -21 22 23 -24 -25 -26 27 -28 -29 -30 31 32 -33 34 -35 36 37 -38 -39 40 41 42 -43 44 45 -46 47 48 -49 -50 0
uf50-0695 3229 1 2 3 -4 -5 -6 7 -8 -9 -10 11 -12 13 14 15 16 17 18 19 -20 -21 22 23 -24 25 26 27 -28 -29 30 31 32 33 34 -35 36 37 -38 -39 40 41 42 -43 44 -45 -46 47 48 -49 -50 0
uf50-0695 3779 1 2 3 4 -5 6 7 -8 -9 10 11 -12 13 14 15 -16 17 18 19 -20 -21 22 23 -24 -25 26 27 -28 -29 -30 31 32 -33 34 -35 36 37 -38 -39 40 41 42 -43 44 45 -46 47 48 -49 -50 0
uf50-0695 3229 1 2 3 -4 -5 -6 7 -8 -9 -10 11 -12 13 14 15 16 17 18 19 -20 -21 22 23 -24 25 26 27 -28 -29 30 31 32 33 34 -35 36 37 -38 -39 40 41 42 -43 44 -45 -46 47 48 -49 -50 0
uf50-0695 2805 1 -2 3 -4 5 6 7 -8 -9 -10 11 12 13 14 15 16 17 -18 -19 -20 -21 -22 23 24 -25 -26 27 28 -29 -30 31 32 33 34 35 36 37 -38 39 -40 41 42 -43 -44 -45 46 47 -48 49 -50 0
uf50-0695 2940 1 -2 3 -4 -5 -6 7 -8 -9 -10 11 -12 13 14 15 16 17 18 -19 -20 -21 22 23 -24 25 26 27 -28 -29 30 31 32 33 34 -35 36 37 -38 -39 40 41 42 -43 44 -45 -46 47 48 49 -50 0
uf50-0695 3779 1 2 3 4 -5 6 7 -8 -9 10 11 -12 13 14 15 -16 17 18 19 -20 -21 22 23 -24 -25 26 27 -28 -29 -30 31 32 -33 34 -35 36 37 -38 -39 40 41 42 -43 44 45 -46 47 48 -49 -50 0
uf50-0695 3229 1 2 3 -4 -5 -6 7 -8 -9 -10 11 -12 13 14 15 16 17 18 19 -20 -21 22 23 -24 25 26 27 -28 -29 30 31 32 33 34 -35 36 37 -38 -39 40 41 42 -43 44 -45 -46 47 48 -49 -50 0
uf50-0695 3385 1 2 3 4 -5 6 7 -8 -9 10 11 -12 13 14 15 -16 17 18 19 -20 -21 22 23 -24 -25 26 27 -28 -29 -30 31 32 -33 34 -35 36 37 -38 -39 -40 41 42 -43 44 45 -46 47 48 -49 -50 0
uf50-0695 3175 1 -2 3 -4 -5 -6 7 -8 -9 -10 11 -12 13 14 15 16 17 18 19 -20 -21 22 23 -24 25 26 27 -28 -29 30 31 32 33 34 -35 36 37 -38 -39 40 41 42 -43 44 -45 -46 47 48 49 -50 0
uf50-0695 3478 1 2 3 4 -5 6 7 -8 -9 10 11 -12 13 14 15 -16 17 18 19 -20 -21 22 23 -24 -25 -26 27 -28 -29 -30 31 32 -33 34 -35 36 37 -38 -39 40 41 42 -43 44 45 -46 47 48 -49 -50 0
uf50-0695 3779 1 2 3 4 -5 6 7 -8 -9 10 11 -12 13 14 15 -16 17 18 19 -20 -21 22 23 -24 -25 26 27 -28 -29 -30 31 32 -33 34 -35 36 37 -38 -39 40 41 42 -43 44 45 -46 47 48 -49 -50 0
uf50-0695 3229 1 2 3 -4 -5 -6 7 -8 -9 -10 11 -12 13 14 15 16 17 18 19 -20 -21 22 23 -24 25 26 27 -28 -29 30 31 32 33 34 -35 36 37 -38 -39 40 41 42 -43 44 -45 -46 47 48 -49 -50 0
uf50-0695 3779 1 2 3 4 -5 6 7 -8 -9 10 11 -12 13 14 15 -16 17 18 19 -20 -21 22 23 -24 -25 26 27 -28 -29 -30 31 32 -33 34 -35 36 37 -38 -39 40 41 42 -43 44 45 -46 47 48 -49 -50 0
uf50-0695 3385 1 2 3 4 -5 6 7 -8 -9 10 11 -12 13 14 15 -16 17 18 19 -20 -21 22 23 -24 -25 26 27 -28 -29 -30 31 32 -33 34 -35 36 37 -38 -39 -40 41 42 -43 44 45 -46 47 48 -49 -50 0
