uf50-0799 15574 -1 2 3 4 -5 6 -7 8 9 10 -11 -12 -13 14 15 16 -17 -18 19 -20 -21 22 23 24 25 26 27 -28 -29 30 31 -32 -33 -34 35 36 -37 38 39 -40 41 42 -43 -44 45 -46 47 48 -49 -50 0
uf50-0799 217 0
uf50-0799 15574 -1 2 3 4 -5 6 -7 8 9 10 -11 -12 -13 14 15 16 -17 -18 19 -20 -21 22 23 24 25 26 27 -28 -29 30 31 -32 -33 -34 35 36 -37 38 39 -40 41 42 -43 -44 45 -46 47 48 -49 -50 0
uf50-0799 217 0
uf50-0799 15574 -1 2 3 4 -5 6 -7 8 9 10 -11 -12 -13 14 15 16 -17 -18 19 -20 -21 22 23 24 25 26 27 -28 -29 30 31 -32 -33 -34 35 36 -37 38 39 -40 41 42 -43 -44 45 -46 47 48 -49 -50 0
uf50-0799 217 0
uf50-0799 217 0
uf50-0799 217 0
uf50-0799 6935 -1 2 3 4 -5 6 -7 8 9 10 -11 -12 -13 14 15 16 -17 -18 19 -20 -21 22 23 24 25 26 27 -28 -29 30 -31 -32 -33 -34 35 36 -37 38 39 -40 41 42 -43 -44 45 -46 -47 48 -49 -50 0
uf50-0799 217 0
uf50-0799 12982 -1 2 3 4 -5 6 -7 8 9 10 -11 -12 -13 14 15 16 -17 -18 19 -20 -21 22 23 24 25 26 27 -28 -29 30 -31 -32 -33 -34 35 36 -37 38 39 -40 41 42 -43 -44 45 -46 47 48 -49 -50 0
uf50-0799 6935 -1 2 3 4 -5 6 -7 8 9 10 -11 -12 -13 14 15 16 -17 -18 19 -20 -21 22 23 24 25 26 27 -28 -29 30 -31 -32 -33 -34 35 36 -37 38 39 -40 41 42 -43 -44 45 -46 -47 48 -49 -50 0
uf50-0799 217 0
uf50-0799 217 0
uf50-0799 217 0
uf50-0799 217 0
uf50-0799 12982 -1 2 3 4 -5 6 -7 8 9 10 -11 -12 -13 14 15 16 -17 -18 19 -20 -21 22 23 24 25 26 27 -28 -29 30 -31 -32 -33 -34 35 36 -37 38 39 -40 41 42 -43 -44 45 -46 47 48 -49 -50 0
uf50-0799 217 0
uf50-0799 217 0
uf50-0799 2616 -1 2 3 4 -5 6 -7 8 9 10 -11 -12 -13 14 15 16 -17 -18 19 -20 -21 22 23 24 25 26 27 -28 -29 30 -31 -32 -33 -34 35 36 -37 38 39 -40 41 -42 -43 -44 45 -46 -47 48 -49 -50 0
uf50-0799 15574 -1 2 3 4 -5 6 -7 8 9 10 -11 -12 -13 14 15 16 -17 -18 19 -20 -21 22 23 24 25 26 27 -28 -29 30 31 -32 -33 -34 35 36 -37 38 39 -40 41 42 -43 -44 45 -46 47 48 -49 -50 0
uf50-0799 15574 -1 2 3 4 -5 6 -7 8 9 10 -11 -12 -13 14 15 16 -17 -18 19 -20 -21 22 23 24 25 26 27 -28 -29 30 31 -32 -33 -34 35 36 -37 38 39 -40 41 42 -43 -44 45 -46 47 48 -49 -50 0
uf50-0799 217 0
uf50-0799 12982 -1 2 3 4 -5 6 -7 8 9 10 -11 -12 -13 14 15 16 -17 -18 19 -20 -21 22 23 24 25 26 27 -28 -29 30 -31 -32 -33 -34 35 36 -37 38 39 -40 41 42 -43 -44 45 -46 47 48 -49 -50 0
uf50-0799 217 0
uf50-0799 12982 -1 2 3 4 -5 6 -7 8 9 10 -11 -12 -13 14 15 16 -17 -18 19 -20 -21 22 23 24 25 26 27 -28 -29 30 -31 -32 -33 -34 35 36 -37 38 39 -40 41 42 -43 -44 45 -46 47 48 -49 -50 0
uf50-0799 217 0
uf50-0799 217 0
uf50-0799 2616 -1 2 3 4 -5 6 -7 8 9 10 -11 -12 -13 14 15 16 -17 -18 19 -20 -21 22 23 24 25 26 27 -28 -29 30 -31 -32 -33 -34 35 36 -37 38 39 -40 41 -42 -43 -44 45 -46 -47 48 -49 -50 0
uf50-0799 15574 -1 2 3 4 -5 6 -7 8 9 10 -11 -12 -13 14 15 16 -17 -18 19 -20 -21 22 23 24 25 26 27 -28 -29 30 31 -32 -33 -34 35 36 -37 38 39 -40 41 42 -43 -44 45 -46 47 48 -49 -50 0
uf50-0799 12982 -1 2 3 4 -5 6 -7 8 9 10 -11 -12 -13 14 15 16 -17 -18 19 -20 -21 22 23 24 25 26 27 -28 -29 30 -31 -32 -33 -34 35 36 -37 38 39 -40 41 42 -43 -44 45 -46 47 48 -49 -50 0
uf50-0799 12982 -1 2 3 4 -5 6 -7 8 9 10 -11 -12 -13 14 15 16 -17 -18 19 -20 -21 22 23 24 25 26 27 -28 -29 30 -31 -32 -33 -34 35 36 -37 38 39 -40 41 42 -43 -44 45 -46 47 48 -49 -50 0
uf50-0799 12982 -1 2 3 4 -5 6 -7 8 9 10 -11 -12 -13 14 15 16 -17 -18 19 -20 -21 22 23 24 25 26 27 -28 -29 30 -31 -32 -33 -34 35 36 -37 38 39 -40 41 42 -43 -44 45 -46 47 48 -49 -50 0
uf50-0799 15574 -1 2 3 4 -5 6 -7 8 9 10 -11 -12 -13 14 15 16 -17 -18 19 -20 -21 22 23 24 25 26 27 -28 -29 30 31 -32 -33 -34 35 36 -37 38 39 -40 41 42 -43 -44 45 -46 47 48 -49 -50 0
uf50-0799 217 0
uf50-0799 15574 1 2 3 4 -5 6 -7 8 9 10 -11 -12 13 14 15 16 -17 -18 19 -20 -21 22 23 24 25 26 27 -28 -29 30 31 -32 -33 -34 35 -36 -37 38 39 -40 41 -42 -43 -44 45 -46 -47 48 -49 -50 0
uf50-0799 217 0
uf50-0799 12982 -1 2 3 4 -5 6 -7 8 9 10 -11 -12 -13 14 15 16 -17 -18 19 -20 -21 22 23 24 25 26 27 -28 -29 30 -31 -32 -33 -34 35 36 -37 38 39 -40 41 42 -43 -44 45 -46 47 48 -49 -50 0
uf50-0799 15574 -1 2 3 4 -5 6 -7 8 9 10 -11 -12 -13 14 15 16 -17 -18 19 -20 -21 22 23 24 25 26 27 -28 -29 30 31 -32 -33 -34 35 36 -37 38 39 -40 41 42 -43 -44 45 -46 47 48 -49 -50 0
uf50-0799 217 0
uf50-0799 217 0
uf50-0799 217 0
uf50-0799 217 0
uf50-0799 217 0
uf50-0799 12982 -1 2 3 4 -5 6 -7 8 9 10 -11 -12 -13 14 15 16 -17 -18 19 -20 -21 22 23 24 25 26 27 -28 -29 30 -31 -32 -33 -34 35 36 -37 38 39 -40 41 42 -43 -44 45 -46 47 48 -49 -50 0
uf50-0799 217 0
uf50-0799 15574 -1 2 3 4 -5 6 -7 8 9 10 -11 -12 -13 14 15 16 -17 -18 19 -20 -21 22 23 24 25 26 27 -28 -29 30 31 -32 -33 -34 35 36 -37 38 39 -40 41 42 -43 -44 45 -46 47 48 -49 -50 0
uf50-0799 217 0
uf50-0799 12982 -1 2 3 4 -5 6 -7 8 9 10 -11 -12 -13 14 15 16 -17 -18 19 -20 -21 22 23 24 25 26 27 -28 -29 30 -31 -32 -33 -34 35 36 -37 38 39 -40 41 42 -43 -44 45 -46 47 48 -49 -50 0
uf50-0799 12982 -1 2 3 4 -5 6 -7 8 9 10 -11 -12 -13 14 15 16 -17 -18 19 -20 -21 22 23 24 25 26 27 -28 -29 30 -31 -32 -33 -34 35 36 -37 38 39 -40 41 42 -43 -44 45 -46 47 48 -49 -50 0
uf50-0449 41294 1 -2 3 -4 5 6 7 -8 -9 -10 -11 -12 -13 -14 -15 16 -17 18 19 -20 -21 -22 23 24 -25 26 -27 -28 29 30 31 -32 -33 34 35 36 37 38 -39 -40 41 42 43 44 -45 46 -47 48 49 50 0
uf50-0449 33358 1 -2 3 4 -5 -6 7 -8 -9 -10 -11 -12 -13 -14 -15 -16 -17 18 19 -20 21 -22 -23 24 25 26 -27 28 -29 30 31 -32 -33 34 35 36 37 38 -39 -40 41 42 43 44 -45 46 -47 -48 49 50 0
uf50-0449 40251 -1 -2 3 -4 5 -6 7 -8 -9 -10 -11 12 -13 -14 -15 16 -17 18 19 20 21 22 -23 24 -25 26 -27 -28 29 30 -31 -32 -33 34 35 36 37 38 39 -40 41 42 43 44 -45 46 -47 48 49 50 0
uf50-0449 35443 1 -2 3 -4 5 6 7 -8 -9 -10 -11 -12 -13 -14 -15 16 -17 18 -19 -20 -21 -22 23 24 25 26 -27 -28 29 30 31 -32 -33 34 35 36 37 38 -39 -40 41 42 43 44 -45 46 -47 -48 49 50 0
uf50-0449 31996 -1 -2 3 4 5 -6 7 -8 -9 -10 -11 -12 -13 -14 -15 -16 -17 18 19 -20 21 -22 -23 24 25 26 -27 28 29 30 31 -32 -33 34 35 36 37 38 -39 -40 41 42 43 44 -45 46 -47 -48 49 50 0
uf50-0449 43538 -1 -2 3 -4 5 6 7 -8 -9 -10 -11 12 -13 -14 -15 16 -17 18 19 -20 -21 -22 23 -24 -25 26 27 -28 29 30 31 -32 -33 34 35 36 37 38 -39 -40 41 42 43 44 -45 46 -47 48 49 50 0
uf50-0449 41293 1 -2 3 -4 5 6 7 -8 -9 -10 -11 -12 -13 -14 -15 16 -17 18 -19 -20 -21 -22 23 24 25 26 -27 -28 29 30 31 32 -33 34 35 36 37 38 -39 -40 41 42 43 44 -45 46 -47 -48 -49 50 0
uf50-0449 39290 -1 -2 3 -4 5 6 7 -8 -9 -10 -11 12 -13 -14 -15 16 -17 18 19 -20 -21 -22 23 -24 25 26 27 -28 29 30 31 -32 -33 34 35 36 37 38 -39 -40 41 42 43 44 -45 46 -47 -48 49 50 0
uf50-0449 36324 1 -2 3 4 -5 -6 7 -8 -9 -10 -11 -12 -13 -14 -15 -16 -17 18 19 -20 21 -22 -23 24 25 26 -27 28 29 30 31 -32 -33 34 35 36 37 38 -39 -40 41 42 43 44 -45 46 -47 -48 49 50 0
uf50-0449 37046 1 -2 3 -4 5 6 7 -8 -9 -10 -11 -12 -13 -14 -15 16 -17 18 19 -20 -21 -22 23 24 25 26 -27 -28 29 30 31 -32 -33 34 35 36 37 38 -39 -40 41 42 43 44 -45 46 -47 -48 49 50 0
uf50-0449 45301 -1 -2 3 -4 5 6 7 -8 -9 -10 -11 12 -13 -14 -15 16 -17 18 19 20 21 22 -23 24 -25 26 -27 -28 29 30 -31 -32 -33 34 35 36 37 38 39 -40 41 42 43 44 -45 46 -47 48 49 50 0
uf50-0449 45301 -1 -2 3 -4 5 6 7 -8 -9 -10 -11 12 -13 -14 -15 16 -17 18 19 20 21 22 -23 24 -25 26 -27 -28 29 30 -31 -32 -33 34 35 36 37 38 39 -40 41 42 43 44 -45 46 -47 48 49 50 0
uf50-0449 37046 1 -2 3 -4 5 6 7 -8 -9 -10 -11 -12 -13 -14 -15 16 -17 18 19 -20 -21 -22 23 24 25 26 -27 -28 29 30 31 -32 -33 34 35 36 37 38 -39 -40 41 42 43 44 -45 46 -47 -48 49 50 0
uf50-0449 39290 -1 -2 3 -4 5 6 7 -8 -9 -10 -11 12 -13 -14 -15 16 -17 18 19 -20 -21 -22 23 -24 25 26 27 -28 29 30 31 -32 -33 34 35 36 37 38 -39 -40 41 42 43 44 -45 46 -47 -48 49 50 0
uf50-0449 45301 -1 -2 3 -4 5 6 7 -8 -9 -10 -11 12 -13 -14 -15 16 -17 18 19 20 21 22 -23 24 -25 26 -27 -28 29 30 -31 -32 -33 34 35 36 37 38 39 -40 41 42 43 44 -45 46 -47 48 49 50 0
uf50-0449 45301 -1 -2 3 -4 5 6 7 -8 -9 -10 -11 12 -13 -14 -15 16 -17 18 19 20 21 22 -23 24 -25 26 -27 -28 29 30 -31 -32 -33 34 35 36 37 38 39 -40 41 42 43 44 -45 46 -47 48 49 50 0
uf50-0449 36645 -1 -2 3 -4 5 6 7 -8 -9 -10 -11 12 -13 -14 -15 16 -17 18 19 -20 -21 -22 23 -24 -25 26 27 -28 29 30 31 -32 -33 34 35 36 37 38 -39 -40 41 42 43 44 -45 46 -47 -48 49 50 0
uf50-0449 41053 -1 -2 3 -4 5 6 7 -8 -9 -10 -11 12 -13 -14 -15 16 -17 18 19 20 21 22 -23 24 25 26 -27 -28 29 30 -31 -32 -33 34 35 36 37 38 39 -40 41 42 43 44 -45 46 -47 -48 49 50 0
uf50-0449 38648 1 -2 3 -4 5 6 7 -8 -9 -10 -11 -12 -13 -14 -15 16 -17 18 -19 -20 -21 -22 23 24 -25 26 -27 -28 29 30 31 32 -33 34 35 36 37 38 -39 -40 41 42 43 44 -45 46 -47 -48 -49 50 0
uf50-0449 39290 -1 -2 3 -4 5 6 7 -8 -9 -10 -11 12 -13 -14 -15 16 -17 18 19 -20 -21 -22 23 -24 25 26 27 -28 29 30 31 -32 -33 34 35 36 37 38 -39 -40 41 42 43 44 -45 46 -47 -48 49 50 0
uf50-0449 38408 -1 -2 3 -4 5 6 7 -8 -9 -10 -11 12 -13 -14 -15 16 -17 18 19 20 21 22 -23 24 -25 26 -27 -28 29 30 -31 -32 -33 34 35 36 37 38 39 -40 41 42 43 44 -45 46 -47 -48 49 50 0
uf50-0449 38809 -1 -2 3 -4 5 6 7 -8 -9 -10 -11 12 -13 -14 -15 16 -17 18 19 -20 -21 -22 23 -24 25 26 27 -28 29 30 31 -32 -33 34 35 36 37 38 -39 -40 41 42 43 -44 -45 46 -47 -48 49 50 0
uf50-0449 45301 -1 -2 3 -4 5 6 7 -8 -9 -10 -11 12 -13 -14 -15 16 -17 18 19 20 21 22 -23 24 -25 26 -27 -28 29 30 -31 -32 -33 34 35 36 37 38 39 -40 41 42 43 44 -45 46 -47 48 49 50 0
uf50-0449 37046 1 -2 3 -4 5 6 7 -8 -9 -10 -11 -12 -13 -14 -15 16 -17 18 19 -20 -21 -22 23 24 25 26 -27 -28 29 30 31 -32 -33 34 35 36 37 38 -39 -40 41 42 43 44 -45 46 -47 -48 49 50 0
uf50-0449 45301 -1 -2 3 -4 5 6 7 -8 -9 -10 -11 12 -13 -14 -15 16 -17 18 19 20 21 22 -23 24 -25 26 -27 -28 29 30 -31 -32 -33 34 35 36 37 38 39 -40 41 42 43 44 -45 46 -47 48 49 50 0
uf50-0449 35523 -1 -2 3 -4 5 6 7 -8 -9 -10 -11 -12 -13 -14 -15 16 -17 18 19 -20 -21 -22 23 24 -25 26 -27 -28 29 30 31 -32 -33 34 35 36 37 38 -39 -40 41 42 43 44 -45 46 -47 48 49 50 0
uf50-0449 36243 1 -2 3 -4 5 -6 7 -8 -9 -10 -11 -12 -13 -14 -15 16 -17 18 -19 -20 -21 -22 23 24 25 26 -27 -28 29 30 31 32 -33 34 35 36 37 38 -39 -40 41 42 43 44 -45 46 -47 -48 -49 50 0
uf50-0449 37046 1 -2 3 -4 5 6 7 -8 -9 -10 -11 -12 -13 -14 -15 16 -17 18 19 -20 -21 -22 23 24 25 26 -27 -28 29 30 31 -32 -33 34 35 36 37 38 -39 -40 41 42 43 44 -45 46 -47 -48 49 50 0
uf50-0449 45299 1 -2 3 4 -5 -6 7 -8 -9 -10 -11 -12 -13 14 -15 -16 17 18 -19 -20 21 -22 -23 24 25 26 -27 28 -29 -30 31 -32 -33 34 35 36 37 38 -39 -40 41 42 43 44 -45 46 -47 -48 -49 50 0
uf50-0449 41053 -1 -2 3 -4 5 6 7 -8 -9 -10 -11 12 -13 -14 -15 16 -17 18 19 20 21 22 -23 24 25 26 -27 -28 29 30 -31 -32 -33 34 35 36 37 38 39 -40 41 42 43 44 -45 46 -47 -48 49 50 0
uf50-0449 34401 1 -2 3 -4 5 6 7 -8 -9 -10 -11 -12 -13 -14 -15 16 -17 18 19 -20 -21 -22 23 24 -25 26 -27 -28 29 30 31 -32 -33 34 35 36 37 38 -39 -40 41 42 43 44 -45 46 -47 -48 49 50 0
uf50-0449 33840 -1 -2 3 -4 5 6 7 -8 -9 -10 -11 12 -13 -14 -15 16 -17 18 19 -20 -21 -22 23 24 25 26 -27 -28 29 30 31 -32 -33 34 35 36 37 38 -39 -40 41 42 43 44 -45 46 -47 -48 49 50 0
uf50-0449 36164 -1 -2 3 -4 5 6 7 -8 -9 -10 -11 12 -13 -14 -15 16 -17 18 19 -20 -21 -22 23 -24 -25 26 27 -28 29 30 31 -32 -33 34 35 36 37 38 -39 -40 41 42 43 -44 -45 46 -47 -48 49 50 0
uf50-0449 41294 1 -2 3 -4 5 6 7 -8 -9 -10 -11 -12 -13 -14 -15 16 -17 18 19 -20 -21 -22 23 24 -25 26 -27 -28 29 30 31 -32 -33 34 35 36 37 38 -39 -40 41 42 43 44 -45 46 -47 48 49 50 0
uf50-0449 36324 1 -2 3 4 -5 -6 7 -8 -9 -10 -11 -12 -13 -14 -15 -16 -17 18 19 -20 21 -22 -23 24 25 26 -27 28 29 30 31 -32 -33 34 35 36 37 38 -39 -40 41 42 43 44 -45 46 -47 -48 49 50 0
uf50-0449 41053 -1 -2 3 -4 5 6 7 -8 -9 -10 -11 12 -13 -14 -15 16 -17 18 19 20 21 22 -23 24 25 26 -27 -28 29 30 -31 -32 -33 34 35 36 37 38 39 -40 41 42 43 44 -45 46 -47 -48 49 50 0
uf50-0449 38408 -1 -2 3 -4 5 6 7 -8 -9 -10 -11 12 -13 -14 -15 16 -17 18 19 20 21 22 -23 24 -25 26 -27 -28 29 30 -31 -32 -33 34 35 36 37 38 39 -40 41 42 43 44 -45 46 -47 -48 49 50 0
uf50-0449 45301 -1 -2 3 -4 5 6 7 -8 -9 -10 -11 12 -13 -14 -15 16 -17 18 19 20 21 22 -23 24 -25 26 -27 -28 29 30 -31 -32 -33 34 35 36 37 38 39 -40 41 42 43 44 -45 46 -47 48 49 50 0
uf50-0449 45299 1 -2 3 4 -5 -6 7 -8 -9 -10 -11 -12 -13 14 -15 -16 17 18 -19 -20 21 -22 -23 24 25 26 -27 28 -29 -30 31 -32 -33 34 35 36 37 38 -39 -40 41 42 43 44 -45 46 -47 -48 -49 50 0
uf50-0449 41053 -1 -2 3 -4 5 6 7 -8 -9 -10 -11 12 -13 -14 -15 16 -17 18 19 20 21 22 -23 24 25 26 -27 -28 29 30 -31 -32 -33 34 35 36 37 38 39 -40 41 42 43 44 -45 46 -47 -48 49 50 0
uf50-0449 37046 1 -2 3 -4 5 6 7 -8 -9 -10 -11 -12 -13 -14 -15 16 -17 18 19 -20 -21 -22 23 24 25 26 -27 -28 29 30 31 -32 -33 34 35 36 37 38 -39 -40 41 42 43 44 -45 46 -47 -48 49 50 0
uf50-0449 45301 -1 -2 3 -4 5 6 7 -8 -9 -10 -11 12 -13 -14 -15 16 -17 18 19 20 21 22 -23 24 -25 26 -27 -28 29 30 -31 -32 -33 34 35 36 37 38 39 -40 41 42 43 44 -45 46 -47 48 49 50 0
uf50-0449 45301 -1 -2 3 -4 5 6 7 -8 -9 -10 -11 12 -13 -14 -15 16 -17 18 19 20 21 22 -23 24 -25 26 -27 -28 29 30 -31 -32 -33 34 35 36 37 38 39 -40 41 42 43 44 -45 46 -47 48 49 50 0
uf50-0449 45301 -1 -2 3 -4 5 6 7 -8 -9 -10 -11 12 -13 -14 -15 16 -17 18 19 20 21 22 -23 24 -25 26 -27 -28 29 30 -31 -32 -33 34 35 36 37 38 39 -40 41 42 43 44 -45 46 -47 48 49 50 0
uf50-0449 37046 1 -2 3 -4 5 6 7 -8 -9 -10 -11 -12 -13 -14 -15 16 -17 18 19 -20 -21 -22 23 24 25 26 -27 -28 29 30 31 -32 -33 34 35 36 37 38 -39 -40 41 42 43 44 -45 46 -47 -48 49 50 0
uf50-0449 41053 -1 -2 3 -4 5 6 7 -8 -9 -10 -11 12 -13 -14 -15 16 -17 18 19 20 21 22 -23 24 25 26 -27 -28 29 30 -31 -32 -33 34 35 36 37 38 39 -40 41 42 43 44 -45 46 -47 -48 49 50 0
uf50-0449 38408 -1 -2 3 -4 5 6 7 -8 -9 -10 -11 12 -13 -14 -15 16 -17 18 19 20 21 22 -23 24 -25 26 -27 -28 29 30 -31 -32 -33 34 35 36 37 38 39 -40 41 42 43 44 -45 46 -47 -48 49 50 0
uf50-0449 37046 1 -2 3 -4 5 6 7 -8 -9 -10 -11 -12 -13 -14 -15 16 -17 18 19 -20 -21 -22 23 24 25 26 -27 -28 29 30 31 -32 -33 34 35 36 37 38 -39 -40 41 42 43 44 -45 46 -47 -48 49 50 0
uf50-0449 38408 -1 -2 3 -4 5 6 7 -8 -9 -10 -11 12 -13 -14 -15 16 -17 18 19 20 21 22 -23 24 -25 26 -27 -28 29 30 -31 -32 -33 34 35 36 37 38 39 -40 41 42 43 44 -45 46 -47 -48 49 50 0
uf50-0449 31275 -1 -2 3 -4 5 6 7 -8 -9 -10 -11 -12 -13 -14 -15 16 -17 18 19 -20 -21 -22 23 24 25 26 -27 -28 29 30 31 -32 -33 34 35 36 37 38 -39 -40 41 42 43 44 -45 46 -47 -48 49 50 0
uf50-0672 7804 1 2 3 4 5 -6 7 8 9 -10 -11 12 13 14 -15 -16 17 18 -19 -20 -21 22 -23 24 -25 26 27 -28 29 30 -31 32 33 -34 35 36 -37 -38 -39 -40 -41 42 -43 44 45 46 -47 48 49 50 0
uf50-0672 7804 1 2 3 4 5 -6 7 8 9 -10 -11 12 13 14 -15 -16 17 18 -19 -20 -21 22 -23 24 -25 26 27 -28 29 30 -31 32 33 -34 35 36 -37 -38 -39 -40 -41 42 -43 44 45 46 -47 48 49 50 0
uf50-0672 217 0
uf50-0672 7804 1 2 3 4 5 -6 7 8 9 -10 -11 12 13 14 -15 -16 17 18 -19 -20 -21 22 -23 24 -25 26 27 -28 29 30 -31 32 33 -34 35 36 -37 -38 -39 -40 -41 42 -43 44 45 46 -47 48 49 50 0
uf50-0672 217 0
uf50-0672 217 0
uf50-0672 217 0
uf50-0672 7804 1 2 3 4 5 -6 7 8 9 -10 -11 12 13 14 -15 -16 17 18 -19 -20 -21 22 -23 24 -25 26 27 -28 29 30 -31 32 33 -34 35 36 -37 -38 -39 -40 -41 42 -43 44 45 46 -47 48 49 50 0
uf50-0672 217 0
uf50-0672 7804 1 2 3 4 5 -6 7 8 9 -10 -11 12 13 14 -15 -16 17 18 -19 -20 -21 22 -23 24 -25 26 27 -28 29 30 -31 32 33 -34 35 36 -37 -38 -39 -40 -41 42 -43 44 45 46 -47 48 49 50 0
uf50-0672 217 0
uf50-0672 217 0
uf50-0672 11692 1 2 3 4 5 6 7 8 9 -10 -11 12 13 14 -15 -16 17 18 -19 -20 -21 22 -23 24 -25 26 27 -28 29 30 -31 32 33 -34 35 36 -37 -38 -39 -40 -41 42 -43 44 45 46 -47 48 49 50 0
uf50-0672 7804 1 2 3 4 5 -6 7 8 9 -10 -11 12 13 14 -15 -16 17 18 -19 -20 -21 22 -23 24 -25 26 27 -28 29 30 -31 32 33 -34 35 36 -37 -38 -39 -40 -41 42 -43 44 45 46 -47 48 49 50 0
uf50-0672 217 0
uf50-0672 11692 1 2 3 4 5 6 7 8 9 -10 -11 12 13 14 -15 -16 17 18 -19 -20 -21 22 -23 24 -25 26 27 -28 29 30 -31 32 33 -34 35 36 -37 -38 -39 -40 -41 42 -43 44 45 46 -47 48 49 50 0
uf50-0672 217 0
uf50-0672 217 0
uf50-0672 217 0
uf50-0672 217 0
uf50-0672 3916 1 2 3 4 5 6 7 8 9 -10 -11 12 13 -14 -15 -16 17 18 -19 -20 -21 22 -23 24 -25 26 27 -28 29 30 -31 32 33 -34 35 -36 -37 -38 -39 -40 -41 42 -43 44 45 46 -47 48 49 50 0
uf50-0672 217 0
uf50-0672 217 0
uf50-0672 11692 1 2 3 4 5 6 7 8 9 -10 -11 12 13 14 -15 -16 17 18 -19 -20 -21 22 -23 24 -25 26 27 -28 29 30 -31 32 33 -34 35 36 -37 -38 -39 -40 -41 42 -43 44 45 46 -47 48 49 50 0
uf50-0672 216 0
uf50-0672 7804 1 2 3 4 5 6 7 8 9 -10 -11 12 13 14 -15 -16 17 18 -19 -20 -21 22 -23 24 -25 26 27 -28 29 30 -31 32 33 -34 35 -36 -37 -38 -39 -40 -41 42 -43 44 45 46 -47 48 49 50 0
uf50-0672 217 0
uf50-0672 217 0
uf50-0672 217 0
uf50-0672 217 0
uf50-0672 217 0
uf50-0672 217 0
uf50-0672 217 0
uf50-0672 11692 1 2 3 4 5 6 7 8 9 -10 -11 12 13 14 -15 -16 17 18 -19 -20 -21 22 -23 24 -25 26 27 -28 29 30 -31 32 33 -34 35 36 -37 -38 -39 -40 -41 42 -43 44 45 46 -47 48 49 50 0
uf50-0672 217 0
uf50-0672 11692 1 2 3 4 5 6 7 8 9 -10 -11 12 13 14 -15 -16 17 18 -19 -20 -21 22 -23 24 -25 26 27 -28 29 30 -31 32 33 -34 35 36 -37 -38 -39 -40 -41 42 -43 44 45 46 -47 48 49 50 0
uf50-0672 217 0
uf50-0672 3916 1 2 3 4 5 -6 7 8 9 -10 -11 12 13 -14 -15 -16 17 18 -19 -20 -21 22 -23 24 -25 26 27 -28 29 30 -31 32 33 -34 35 36 -37 -38 -39 -40 -41 42 -43 44 45 46 -47 48 49 50 0
uf50-0672 217 0
uf50-0672 217 0
uf50-0672 217 0
uf50-0672 217 0
uf50-0672 217 0
uf50-0672 7804 1 2 3 4 5 -6 7 8 9 -10 -11 12 13 14 -15 -16 17 18 -19 -20 -21 22 -23 24 -25 26 27 -28 29 30 -31 32 33 -34 35 36 -37 -38 -39 -40 -41 42 -43 44 45 46 -47 48 49 50 0
uf50-0672 217 0
uf50-0672 217 0
uf50-0672 217 0
uf50-0672 217 0
uf50-0672 217 0
uf50-0672 11692 1 2 3 4 5 6 7 8 9 -10 -11 12 13 14 -15 -16 17 18 -19 -20 -21 22 -23 24 -25 26 27 -28 29 30 -31 32 33 -34 35 36 -37 -38 -39 -40 -41 42 -43 44 45 46 -47 48 49 50 0
uf50-0239 42569 -1 2 -3 4 5 6 7 8 -9 -10 11 12 -13 -14 -15 16 -17 -18 19 20 21 -22 -23 -24 -25 26 -27 -28 29 30 31 -32 -33 34 35 36 37 38 -39 -40 41 42 -43 -44 45 46 -47 48 -49 50 0
uf50-0239 37864 -1 2 -3 4 -5 6 -7 8 -9 -10 11 12 -13 -14 -15 16 -17 -18 19 20 21 -22 -23 24 -25 26 -27 -28 29 30 31 -32 33 34 35 36 37 38 -39 -40 -41 42 -43 -44 45 46 -47 48 -49 50 0
uf50-0239 45400 -1 2 -3 4 5 6 -7 8 -9 -10 11 12 -13 -14 15 16 -17 -18 19 20 21 -22 -23 24 -25 26 -27 -28 29 30 31 -32 -33 34 35 36 37 38 -39 -40 41 42 -43 -44 45 46 -47 48 -49 50 0
uf50-0239 87609 -1 -2 3 4 5 6 -7 8 -9 -10 11 12 -13 -14 -15 -16 17 18 19 20 21 -22 -23 -24 25 -26 -27 28 29 -30 31 32 33 -34 -35 36 37 38 39 40 -41 42 -43 -44 45 -46 -47 -48 -49 -50 0
uf50-0239 36499 -1 2 -3 4 -5 6 -7 8 -9 -10 11 12 -13 -14 15 16 -17 -18 19 20 21 -22 -23 -24 -25 26 -27 -28 29 30 31 -32 -33 34 35 36 37 38 -39 -40 41 42 -43 -44 45 46 -47 48 -49 50 0
uf50-0239 42569 -1 2 -3 4 5 6 7 8 -9 -10 11 12 -13 -14 -15 16 -17 -18 19 20 21 -22 -23 -24 -25 26 -27 -28 29 30 31 -32 -33 34 35 36 37 38 -39 -40 41 42 -43 -44 45 46 -47 48 -49 50 0
uf50-0239 42569 -1 2 -3 4 5 6 7 8 -9 -10 11 12 -13 -14 -15 16 -17 -18 19 20 21 -22 -23 -24 -25 26 -27 -28 29 30 31 -32 -33 34 35 36 37 38 -39 -40 41 42 -43 -44 45 46 -47 48 -49 50 0
uf50-0239 43899 -1 2 -3 4 5 6 -7 8 -9 -10 11 12 -13 -14 15 16 -17 -18 19 -20 21 -22 -23 24 -25 26 -27 -28 29 30 31 -32 -33 34 35 36 37 38 -39 -40 41 42 -43 -44 45 46 -47 48 -49 50 0
uf50-0239 42569 -1 2 -3 4 5 6 7 8 -9 -10 11 12 -13 -14 -15 16 -17 -18 19 20 21 -22 -23 -24 -25 26 -27 -28 29 30 31 -32 -33 34 35 36 37 38 -39 -40 41 42 -43 -44 45 46 -47 48 -49 50 0
uf50-0239 45825 1 -2 -3 4 5 -6 7 8 -9 10 11 12 -13 -14 -15 -16 -17 -18 -19 20 21 -22 -23 -24 25 26 -27 -28 29 30 31 -32 -33 34 -35 36 37 -38 -39 -40 -41 42 -43 44 45 46 -47 -48 -49 50 0
uf50-0239 46643 1 -2 -3 4 -5 -6 7 8 -9 10 11 12 -13 -14 -15 -16 -17 -18 -19 20 21 -22 -23 -24 25 26 -27 -28 29 30 31 -32 -33 34 -35 36 37 -38 -39 40 -41 42 -43 44 45 46 -47 -48 -49 -50 0
uf50-0239 43899 -1 2 -3 4 5 6 -7 8 -9 -10 11 12 -13 -14 15 16 -17 -18 19 -20 21 -22 -23 24 -25 26 -27 -28 29 30 31 -32 -33 34 35 36 37 38 -39 -40 41 42 -43 -44 45 46 -47 48 -49 50 0
uf50-0239 87678 -1 -2 3 4 5 6 -7 8 -9 -10 11 12 -13 -14 -15 -16 17 18 19 20 21 -22 -23 -24 25 -26 -27 28 29 30 31 32 33 -34 -35 36 37 38 39 40 -41 42 -43 -44 45 -46 -47 -48 -49 -50 0
uf50-0239 39534 -1 2 -3 4 -5 6 7 8 -9 -10 11 12 -13 -14 -15 16 -17 -18 19 20 21 -22 -23 -24 -25 26 -27 -28 29 30 31 -32 33 34 35 36 37 38 -39 -40 -41 42 -43 -44 45 46 -47 48 -49 50 0
uf50-0239 40353 -1 2 -3 4 5 -6 -7 8 -9 -10 11 12 -13 -14 15 16 -17 -18 19 20 21 -22 -23 24 -25 26 -27 -28 29 30 31 -32 -33 34 35 36 37 38 -39 -40 41 42 -43 -44 45 46 -47 48 -49 50 0
uf50-0239 36465 -1 2 -3 4 5 -6 -7 8 -9 -10 11 12 -13 -14 15 16 -17 -18 19 20 21 -22 -23 -24 -25 26 -27 -28 29 30 31 -32 -33 34 35 36 37 38 -39 -40 41 42 -43 -44 45 46 -47 48 -49 50 0
uf50-0239 45400 -1 2 -3 4 5 6 -7 8 -9 -10 11 12 -13 -14 15 16 -17 -18 19 20 21 -22 -23 24 -25 26 -27 -28 29 30 31 -32 -33 34 35 36 37 38 -39 -40 41 42 -43 -44 45 46 -47 48 -49 50 0
uf50-0239 217 0
uf50-0239 38886 -1 2 -3 4 -5 6 -7 8 -9 -10 11 12 -13 -14 15 16 -17 -18 19 -20 21 -22 -23 24 -25 26 -27 -28 29 30 31 -32 -33 34 35 36 37 38 -39 -40 41 42 -43 -44 45 46 -47 48 -49 50 0
uf50-0239 43899 -1 2 -3 4 5 6 -7 8 -9 -10 11 12 -13 -14 15 16 -17 -18 19 -20 21 -22 -23 24 -25 26 -27 -28 29 30 31 -32 -33 34 35 36 37 38 -39 -40 41 42 -43 -44 45 46 -47 48 -49 50 0
uf50-0239 45400 -1 2 -3 4 5 6 -7 8 -9 -10 11 12 -13 -14 15 16 -17 -18 19 20 21 -22 -23 24 -25 26 -27 -28 29 30 31 -32 -33 34 35 36 37 38 -39 -40 41 42 -43 -44 45 46 -47 48 -49 50 0
uf50-0239 85990 -1 -2 3 4 5 6 -7 8 -9 -10 11 12 -13 -14 -15 -16 17 18 19 20 21 -22 -23 -24 25 -26 -27 28 29 30 31 32 33 -34 -35 36 37 -38 39 40 -41 42 -43 -44 45 -46 -47 -48 -49 -50 0
uf50-0239 38852 -1 2 -3 4 5 -6 -7 8 -9 -10 11 12 -13 -14 15 16 -17 -18 19 -20 21 -22 -23 24 -25 26 -27 -28 29 30 31 -32 -33 34 35 36 37 38 -39 -40 41 42 -43 -44 45 46 -47 48 -49 50 0
uf50-0239 43899 -1 2 -3 4 5 6 -7 8 -9 -10 11 12 -13 -14 15 16 -17 -18 19 -20 21 -22 -23 24 -25 26 -27 -28 29 30 31 -32 -33 34 35 36 37 38 -39 -40 41 42 -43 -44 45 46 -47 48 -49 50 0
uf50-0239 72968 1 -2 -3 4 5 -6 7 8 -9 10 11 12 -13 -14 -15 -16 17 -18 -19 20 21 -22 -23 -24 25 26 -27 -28 29 30 31 -32 33 34 -35 36 37 -38 -39 40 -41 42 -43 44 45 46 -47 -48 49 -50 0
uf50-0239 40762 -1 2 -3 4 5 6 -7 8 -9 -10 11 12 -13 -14 15 -16 -17 -18 19 20 21 -22 -23 24 -25 26 -27 -28 29 30 31 -32 -33 34 35 36 37 38 -39 -40 41 42 -43 -44 45 46 -47 48 -49 50 0
uf50-0239 38886 -1 2 -3 4 -5 6 -7 8 -9 -10 11 12 -13 -14 15 16 -17 -18 19 -20 21 -22 -23 24 -25 26 -27 -28 29 30 31 -32 -33 34 35 36 37 38 -39 -40 41 42 -43 -44 45 46 -47 48 -49 50 0
uf50-0239 42569 -1 2 -3 4 5 6 7 8 -9 -10 11 12 -13 -14 -15 16 -17 -18 19 20 21 -22 -23 -24 -25 26 -27 -28 29 30 31 -32 -33 34 35 36 37 38 -39 -40 41 42 -43 -44 45 46 -47 48 -49 50 0
uf50-0239 87678 -1 -2 3 4 5 6 -7 8 -9 -10 11 12 -13 -14 -15 -16 17 18 19 20 21 -22 -23 -24 25 -26 -27 28 29 30 31 32 33 -34 -35 36 37 38 39 40 -41 42 -43 -44 45 -46 -47 -48 -49 -50 0
uf50-0239 42569 -1 2 -3 4 5 6 7 8 -9 -10 11 12 -13 -14 -15 16 -17 -18 19 20 21 -22 -23 -24 -25 26 -27 -28 29 30 31 -32 -33 34 35 36 37 38 -39 -40 41 42 -43 -44 45 46 -47 48 -49 50 0
uf50-0239 37522 -1 2 -3 4 5 -6 7 8 -9 -10 11 12 -13 -14 -15 16 -17 -18 19 20 21 -22 -23 -24 -25 26 -27 -28 29 30 31 -32 -33 34 35 36 37 38 -39 -40 41 42 -43 -44 45 46 -47 48 -49 50 0
uf50-0239 37522 -1 2 -3 4 5 -6 7 8 -9 -10 11 12 -13 -14 -15 16 -17 -18 19 20 21 -22 -23 -24 -25 26 -27 -28 29 30 31 -32 -33 34 35 36 37 38 -39 -40 41 42 -43 -44 45 46 -47 48 -49 50 0
uf50-0239 60658 1 -2 -3 4 -5 -6 7 8 -9 10 11 12 -13 -14 -15 -16 17 -18 -19 20 21 -22 -23 -24 25 26 -27 -28 29 30 31 -32 33 34 -35 36 37 -38 -39 40 -41 42 -43 44 45 46 -47 -48 -49 -50 0
uf50-0239 42569 -1 2 -3 4 5 6 7 8 -9 -10 11 12 -13 -14 -15 16 -17 -18 19 20 21 -22 -23 -24 -25 26 -27 -28 29 30 31 -32 -33 34 35 36 37 38 -39 -40 41 42 -43 -44 45 46 -47 48 -49 50 0
uf50-0239 45400 -1 2 -3 4 5 6 -7 8 -9 -10 11 12 -13 -14 15 16 -17 -18 19 20 21 -22 -23 24 -25 26 -27 -28 29 30 31 -32 -33 34 35 36 37 38 -39 -40 41 42 -43 -44 45 46 -47 48 -49 50 0
uf50-0239 43899 -1 2 -3 4 5 6 -7 8 -9 -10 11 12 -13 -14 15 16 -17 -18 19 -20 21 -22 -23 24 -25 26 -27 -28 29 30 31 -32 -33 34 35 36 37 38 -39 -40 41 42 -43 -44 45 46 -47 48 -49 50 0
uf50-0239 43899 -1 2 -3 4 5 6 -7 8 -9 -10 11 12 -13 -14 15 16 -17 -18 19 -20 21 -22 -23 24 -25 26 -27 -28 29 30 31 -32 -33 34 35 36 37 38 -39 -40 41 42 -43 -44 45 46 -47 48 -49 50 0
uf50-0239 42569 -1 2 -3 4 5 6 7 8 -9 -10 11 12 -13 -14 -15 16 -17 -18 19 20 21 -22 -23 -24 -25 26 -27 -28 29 30 31 -32 -33 34 35 36 37 38 -39 -40 41 42 -43 -44 45 46 -47 48 -49 50 0
uf50-0239 40353 -1 2 -3 4 5 -6 -7 8 -9 -10 11 12 -13 -14 15 16 -17 -18 19 20 21 -22 -23 24 -25 26 -27 -28 29 30 31 -32 -33 34 35 36 37 38 -39 -40 41 42 -43 -44 45 46 -47 48 -49 50 0
uf50-0239 66319 1 -2 -3 4 5 -6 7 8 -9 10 11 12 -13 -14 -15 -16 17 -18 -19 20 21 -22 -23 -24 25 26 -27 -28 29 30 31 -32 33 34 -35 36 37 -38 -39 40 -41 42 -43 44 45 46 -47 -48 -49 50 0
uf50-0239 42569 -1 2 -3 4 5 6 7 8 -9 -10 11 12 -13 -14 -15 16 -17 -18 19 20 21 -22 -23 -24 -25 26 -27 -28 29 30 31 -32 -33 34 35 36 37 38 -39 -40 41 42 -43 -44 45 46 -47 48 -49 50 0
uf50-0239 45400 -1 2 -3 4 5 6 -7 8 -9 -10 11 12 -13 -14 15 16 -17 -18 19 20 21 -22 -23 24 -25 26 -27 -28 29 30 31 -32 -33 34 35 36 37 38 -39 -40 41 42 -43 -44 45 46 -47 48 -49 50 0
uf50-0239 87678 -1 -2 3 4 5 6 -7 8 -9 -10 11 12 -13 -14 -15 -16 17 18 19 20 21 -22 -23 -24 25 -26 -27 28 29 30 31 32 33 -34 -35 36 37 38 39 40 -41 42 -43 -44 45 -46 -47 -48 -49 -50 0
uf50-0239 48792 1 -2 -3 4 5 -6 7 8 -9 10 11 12 -13 -14 -15 -16 -17 -18 19 20 21 -22 -23 -24 -25 26 -27 -28 29 30 31 -32 -33 34 35 36 37 -38 -39 40 -41 42 -43 44 45 46 -47 -48 -49 50 0
uf50-0239 87609 -1 -2 3 4 5 6 -7 8 -9 -10 11 12 -13 -14 -15 -16 17 18 19 20 21 -22 -23 -24 25 -26 -27 28 29 -30 31 32 33 -34 -35 36 37 38 39 40 -41 42 -43 -44 45 -46 -47 -48 -49 -50 0
uf50-0239 43899 -1 2 -3 4 5 6 -7 8 -9 -10 11 12 -13 -14 15 16 -17 -18 19 -20 21 -22 -23 24 -25 26 -27 -28 29 30 31 -32 -33 34 35 36 37 38 -39 -40 41 42 -43 -44 45 46 -47 48 -49 50 0
uf50-0239 41699 1 -2 -3 4 5 -6 7 8 -9 -10 11 12 -13 -14 -15 -16 -17 -18 19 20 21 -22 -23 -24 -25 26 -27 -28 29 30 31 -32 -33 34 35 36 37 -38 -39 40 -41 42 -43 44 45 46 -47 -48 -49 50 0
uf50-0239 36261 -1 2 -3 4 5 6 -7 8 -9 -10 11 12 -13 -14 -15 -16 -17 -18 19 20 21 -22 -23 24 -25 26 -27 -28 29 30 31 -32 -33 34 35 36 37 38 -39 -40 41 42 -43 -44 45 46 -47 48 -49 50 0
uf50-0239 42313 1 -2 -3 4 5 -6 7 8 -9 10 11 12 -13 -14 -15 -16 -17 -18 19 20 21 -22 -23 -24 -25 26 -27 -28 29 30 31 -32 -33 34 35 36 37 -38 -39 -40 -41 42 -43 44 45 46 -47 -48 -49 50 0
uf50-0239 36226 -1 2 -3 4 -5 6 -7 8 -9 -10 -11 12 -13 -14 15 16 -17 -18 19 -20 21 -22 -23 24 -25 26 -27 -28 29 30 31 -32 -33 34 35 36 37 38 -39 -40 41 42 -43 -44 45 46 -47 48 -49 50 0
uf50-0107 217 0
uf50-0107 217 0
uf50-0107 217 0
uf50-0107 217 0
uf50-0107 217 0
uf50-0107 217 0
uf50-0107 217 0
uf50-0107 217 0
uf50-0107 217 0
uf50-0107 217 0
uf50-0107 217 0
uf50-0107 217 0
uf50-0107 217 0
uf50-0107 217 0
uf50-0107 216 0
uf50-0107 217 0
uf50-0107 217 0
uf50-0107 217 0
uf50-0107 217 0
uf50-0107 216 0
uf50-0107 216 0
uf50-0107 217 0
uf50-0107 216 0
uf50-0107 217 0
uf50-0107 216 0
uf50-0107 217 0
uf50-0107 217 0
uf50-0107 217 0
uf50-0107 217 0
uf50-0107 216 0
uf50-0107 217 0
uf50-0107 216 0
uf50-0107 217 0
uf50-0107 216 0
uf50-0107 216 0
uf50-0107 217 0
uf50-0107 216 0
uf50-0107 217 0
uf50-0107 217 0
uf50-0107 11686 -1 2 -3 4 -5 -6 7 -8 9 10 11 -12 13 -14 15 16 -17 18 -19 -20 21 22 -23 -24 25 -26 27 -28 -29 30 -31 -32 33 34 35 -36 37 -38 -39 -40 -41 42 43 -44 -45 -46 47 48 49 50 0
uf50-0107 217 0
uf50-0107 217 0
uf50-0107 217 0
uf50-0107 11686 -1 2 -3 4 -5 -6 7 -8 9 10 11 -12 13 -14 15 16 -17 18 -19 -20 21 22 -23 -24 25 -26 27 -28 -29 30 -31 -32 33 34 35 -36 37 -38 -39 -40 -41 42 43 -44 -45 -46 47 48 49 50 0
uf50-0107 217 0
uf50-0107 217 0
uf50-0107 216 0
uf50-0107 216 0
uf50-0107 216 0
uf50-0107 217 0
uf50-0844 217 0
uf50-0844 217 0
uf50-0844 216 0
uf50-0844 217 0
uf50-0844 216 0
uf50-0844 217 0
uf50-0844 217 0
uf50-0844 215 0
uf50-0844 3908 1 2 -3 -4 -5 -6 7 -8 9 -10 11 -12 -13 -14 15 -16 -17 18 -19 -20 21 22 23 -24 25 26 -27 -28 29 30 31 32 -33 -34 35 -36 37 -38 -39 -40 41 42 -43 -44 45 -46 -47 -48 -49 -50 0
uf50-0844 217 0
uf50-0844 217 0
uf50-0844 217 0
uf50-0844 217 0
uf50-0844 216 0
uf50-0844 217 0
uf50-0844 216 0
uf50-0844 217 0
uf50-0844 216 0
uf50-0844 217 0
uf50-0844 216 0
uf50-0844 217 0
uf50-0844 3908 1 2 -3 -4 -5 -6 7 -8 9 -10 11 -12 -13 -14 15 -16 -17 18 -19 -20 21 22 23 -24 25 26 -27 -28 -29 30 31 32 -33 -34 35 -36 37 -38 -39 -40 41 42 43 -44 45 -46 -47 -48 -49 -50 0
uf50-0844 217 0
uf50-0844 3908 1 2 -3 -4 -5 -6 7 -8 9 -10 11 -12 -13 -14 15 -16 -17 18 -19 -20 21 22 23 -24 25 26 -27 -28 -29 30 31 32 -33 -34 35 -36 37 -38 -39 -40 41 42 43 -44 45 -46 -47 -48 -49 -50 0
uf50-0844 217 0
uf50-0844 3908 1 2 -3 -4 -5 -6 7 -8 9 -10 11 -12 -13 -14 15 -16 -17 18 -19 -20 21 22 23 -24 25 26 -27 -28 -29 30 31 32 -33 -34 35 -36 37 -38 -39 -40 41 42 43 -44 45 -46 -47 -48 -49 -50 0
uf50-0844 3908 1 2 -3 -4 -5 -6 7 -8 9 -10 11 -12 -13 -14 15 -16 -17 18 -19 -20 21 22 23 -24 25 26 -27 -28 29 30 31 32 -33 -34 35 -36 37 -38 -39 -40 41 42 -43 -44 45 -46 -47 -48 -49 -50 0
uf50-0844 216 0
uf50-0844 217 0
uf50-0844 217 0
uf50-0844 217 0
uf50-0844 217 0
uf50-0844 216 0
uf50-0844 3908 1 2 -3 -4 -5 -6 7 -8 9 -10 11 -12 -13 -14 15 -16 -17 18 -19 -20 21 22 23 -24 25 26 -27 -28 29 30 31 32 -33 -34 35 -36 37 -38 -39 -40 41 42 -43 -44 45 -46 -47 -48 -49 -50 0
uf50-0844 217 0
uf50-0844 216 0
uf50-0844 216 0
uf50-0844 217 0
uf50-0844 3908 1 2 -3 -4 -5 -6 7 -8 9 -10 11 -12 -13 -14 15 -16 -17 18 -19 -20 21 22 23 -24 25 26 -27 -28 -29 30 31 32 -33 -34 35 -36 37 -38 -39 -40 41 42 43 -44 45 -46 -47 -48 -49 -50 0
uf50-0844 217 0
uf50-0844 217 0
uf50-0844 216 0
uf50-0844 217 0
uf50-0844 217 0
uf50-0844 216 0
uf50-0844 216 0
uf50-0844 217 0
uf50-0844 216 0
uf50-0844 216 0
uf50-0844 216 0
uf50-073 217 0
uf50-073 217 0
uf50-073 12981 -1 -2 3 -4 5 -6 7 8 9 -10 -11 -12 13 -14 15 -16 -17 -18 19 20 -21 -22 -23 -24 25 26 27 28 -29 -30 31 -32 33 -34 35 -36 37 38 -39 -40 41 42 43 -44 45 -46 47 48 49 -50 0
uf50-073 216 0
uf50-073 217 0
uf50-073 217 0
uf50-073 217 0
uf50-073 217 0
uf50-073 217 0
uf50-073 16869 -1 -2 3 -4 5 -6 7 8 9 -10 -11 -12 13 -14 15 -16 -17 -18 19 20 -21 -22 -23 -24 25 26 27 28 -29 -30 31 -32 33 -34 35 -36 37 38 39 -40 41 42 43 -44 45 -46 47 48 49 -50 0
uf50-073 16869 -1 -2 3 -4 5 -6 7 8 9 -10 -11 -12 13 -14 15 -16 -17 -18 19 20 -21 -22 -23 -24 25 26 27 28 -29 -30 31 -32 33 -34 35 -36 37 38 39 -40 41 42 43 -44 45 -46 47 48 49 -50 0
uf50-073 216 0
uf50-073 217 0
uf50-073 217 0
uf50-073 217 0
uf50-073 217 0
uf50-073 216 0
uf50-073 217 0
uf50-073 217 0
uf50-073 217 0
uf50-073 217 0
uf50-073 217 0
uf50-073 217 0
uf50-073 217 0
uf50-073 12981 -1 -2 3 -4 5 -6 -7 8 9 -10 -11 -12 13 -14 15 -16 -17 -18 19 20 -21 -22 -23 -24 25 26 27 28 -29 -30 31 -32 33 -34 35 -36 37 38 39 -40 41 42 43 -44 45 -46 47 48 49 -50 0
uf50-073 217 0
uf50-073 217 0
uf50-073 217 0
uf50-073 217 0
uf50-073 217 0
uf50-073 217 0
uf50-073 20757 -1 -2 3 -4 5 -6 7 8 9 -10 -11 -12 13 -14 15 -16 -17 -18 19 20 -21 -22 -23 -24 25 26 27 28 -29 -30 31 -32 33 -34 35 -36 37 38 39 -40 41 42 43 -44 45 46 47 48 49 -50 0
uf50-073 217 0
uf50-073 217 0
uf50-073 9093 -1 -2 3 -4 5 -6 -7 8 9 -10 -11 -12 13 -14 15 -16 -17 -18 19 20 -21 -22 -23 -24 25 26 27 28 -29 -30 31 -32 33 -34 35 -36 37 38 -39 -40 41 42 43 -44 45 -46 47 48 49 -50 0
uf50-073 217 0
uf50-073 217 0
uf50-073 217 0
uf50-073 217 0
uf50-073 217 0
uf50-073 217 0
uf50-073 217 0
uf50-073 217 0
uf50-073 217 0
uf50-073 216 0
uf50-073 216 0
uf50-073 217 0
uf50-073 16869 -1 -2 3 -4 5 -6 7 8 9 -10 -11 -12 13 -14 15 -16 -17 -18 19 20 -21 -22 -23 -24 25 26 27 28 -29 -30 31 -32 33 -34 35 -36 37 38 39 -40 41 42 43 -44 45 -46 47 48 49 -50 0
uf50-073 217 0
uf50-073 217 0
uf50-0911 217 0
uf50-0911 217 0
uf50-0911 217 0
uf50-0911 217 0
uf50-0911 217 0
uf50-0911 217 0
uf50-0911 217 0
uf50-0911 217 0
uf50-0911 26171 -1 2 3 4 5 -6 -7 8 9 10 -11 12 -13 -14 15 16 17 -18 -19 -20 21 22 -23 24 25 -26 -27 28 29 -30 31 32 33 -34 -35 -36 37 -38 -39 -40 -41 -42 -43 -44 45 46 -47 48 49 -50 0
uf50-0911 217 0
uf50-0911 217 0
uf50-0911 217 0
uf50-0911 68570 1 2 -3 4 5 -6 -7 -8 9 -10 -11 12 -13 14 15 -16 -17 18 -19 -20 21 22 -23 24 25 -26 27 28 29 30 31 -32 33 34 -35 36 -37 38 -39 -40 -41 -42 -43 44 45 -46 47 48 -49 50 0
uf50-0911 217 0
uf50-0911 217 0
uf50-0911 217 0
uf50-0911 217 0
uf50-0911 217 0
uf50-0911 217 0
uf50-0911 217 0
uf50-0911 217 0
uf50-0911 217 0
uf50-0911 217 0
uf50-0911 68570 1 2 -3 4 5 -6 -7 -8 9 -10 -11 12 -13 14 15 -16 -17 18 -19 -20 21 22 -23 24 25 -26 27 28 29 30 31 -32 33 34 -35 36 -37 38 -39 -40 -41 -42 -43 44 45 -46 47 48 -49 50 0
uf50-0911 217 0
uf50-0911 217 0
uf50-0911 217 0
uf50-0911 217 0
uf50-0911 217 0
uf50-0911 217 0
uf50-0911 217 0
uf50-0911 55141 1 2 -3 4 5 -6 -7 -8 9 -10 -11 12 -13 14 15 -16 -17 18 -19 -20 21 22 -23 24 25 -26 27 28 29 30 31 -32 33 -34 -35 36 -37 -38 -39 -40 -41 -42 -43 44 45 -46 47 48 -49 50 0
uf50-0911 217 0
uf50-0911 217 0
uf50-0911 217 0
uf50-0911 217 0
uf50-0911 26171 -1 2 3 4 5 -6 -7 8 9 10 -11 12 -13 -14 15 16 17 -18 -19 -20 21 22 -23 24 25 -26 -27 28 29 -30 31 32 33 -34 -35 -36 37 -38 -39 -40 -41 -42 -43 -44 45 46 -47 48 49 -50 0
uf50-0911 68570 1 2 -3 4 5 -6 -7 -8 9 -10 -11 12 -13 14 15 -16 -17 18 -19 -20 21 22 -23 24 25 -26 27 28 29 30 31 -32 33 34 -35 36 -37 38 -39 -40 -41 -42 -43 44 45 -46 47 48 -49 50 0
uf50-0911 217 0
uf50-0911 61502 1 2 -3 4 5 -6 -7 -8 9 -10 -11 12 -13 14 15 -16 -17 18 -19 -20 21 22 -23 24 25 -26 27 28 29 30 31 -32 33 -34 -35 36 -37 38 -39 -40 -41 -42 -43 44 45 -46 47 48 -49 50 0
uf50-0911 68570 1 2 -3 4 5 -6 -7 -8 9 -10 -11 12 -13 14 15 -16 -17 18 -19 -20 21 22 -23 24 25 -26 27 28 29 30 31 -32 33 34 -35 36 -37 38 -39 -40 -41 -42 -43 44 45 -46 47 48 -49 50 0
uf50-0911 217 0
uf50-0911 217 0
uf50-0911 217 0
uf50-0911 217 0
uf50-0911 21930 -1 2 -3 4 5 -6 -7 8 9 10 -11 12 -13 -14 15 16 17 -18 -19 -20 -21 22 -23 24 25 -26 -27 28 29 -30 31 32 33 -34 -35 -36 37 -38 -39 -40 -41 42 -43 -44 45 46 -47 48 49 -50 0
uf50-0911 217 0
uf50-0911 217 0
uf50-0911 217 0
uf50-0911 217 0
uf50-0379 217 0
uf50-0379 90513 -1 2 -3 4 5 6 7 -8 -9 10 -11 -12 -13 14 -15 -16 -17 18 -19 -20 -21 22 23 -24 -25 26 -27 -28 29 30 -31 32 -33 -34 35 36 37 38 39 -40 41 -42 43 44 45 46 47 48 49 50 0
uf50-0379 90513 -1 2 -3 4 5 6 7 -8 -9 10 -11 -12 -13 14 -15 -16 -17 18 -19 -20 -21 22 23 -24 -25 26 -27 -28 29 30 -31 32 -33 -34 35 36 37 38 39 -40 41 -42 43 44 45 46 47 48 49 50 0
uf50-0379 90513 -1 2 -3 4 5 6 7 -8 -9 10 -11 -12 -13 14 -15 -16 -17 18 -19 -20 -21 22 23 -24 -25 26 -27 -28 29 30 -31 32 -33 -34 35 36 37 38 39 -40 41 -42 43 44 45 46 47 48 49 50 0
uf50-0379 90513 -1 2 -3 4 5 6 7 -8 -9 10 -11 -12 -13 14 -15 -16 -17 18 -19 -20 -21 22 23 -24 -25 26 -27 -28 29 30 -31 32 -33 -34 35 36 37 38 39 -40 41 -42 43 44 45 46 47 48 49 50 0
uf50-0379 90513 -1 2 -3 4 5 6 7 -8 -9 10 -11 -12 -13 14 -15 -16 -17 18 -19 -20 -21 22 23 -24 -25 26 -27 -28 29 30 -31 32 -33 -34 35 36 37 38 39 -40 41 -42 43 44 45 46 47 48 49 50 0
uf50-0379 90513 -1 2 -3 4 5 6 7 -8 -9 10 -11 -12 -13 14 -15 -16 -17 18 -19 -20 -21 22 23 -24 -25 26 -27 -28 29 30 -31 32 -33 -34 35 36 37 38 39 -40 41 -42 43 44 45 46 47 48 49 50 0
uf50-0379 89580 -1 2 -3 4 5 6 7 -8 -9 10 -11 -12 -13 14 -15 -16 -17 18 -19 -20 -21 22 -23 -24 -25 26 -27 -28 29 30 -31 32 -33 -34 35 36 37 38 39 -40 41 -42 43 44 45 46 47 48 49 50 0
uf50-0379 90513 -1 2 -3 4 5 6 7 -8 -9 10 -11 -12 -13 14 -15 -16 -17 18 -19 -20 -21 22 23 -24 -25 26 -27 -28 29 30 -31 32 -33 -34 35 36 37 38 39 -40 41 -42 43 44 45 46 47 48 49 50 0
uf50-0379 90513 -1 2 -3 4 5 6 7 -8 -9 10 -11 -12 -13 14 -15 -16 -17 18 -19 -20 -21 22 23 -24 -25 26 -27 -28 29 30 -31 32 -33 -34 35 36 37 38 39 -40 41 -42 43 44 45 46 47 48 49 50 0
uf50-0379 90513 -1 2 -3 4 5 6 7 -8 -9 10 -11 -12 -13 14 -15 -16 -17 18 -19 -20 -21 22 23 -24 -25 26 -27 -28 29 30 -31 32 -33 -34 35 36 37 38 39 -40 41 -42 43 44 45 46 47 48 49 50 0
uf50-0379 90513 -1 2 -3 4 5 6 7 -8 -9 10 -11 -12 -13 14 -15 -16 -17 18 -19 -20 -21 22 23 -24 -25 26 -27 -28 29 30 -31 32 -33 -34 35 36 37 38 39 -40 41 -42 43 44 45 46 47 48 49 50 0
uf50-0379 89580 -1 2 -3 4 5 6 7 -8 -9 10 -11 -12 -13 14 -15 -16 -17 18 -19 -20 -21 22 -23 -24 -25 26 -27 -28 29 30 -31 32 -33 -34 35 36 37 38 39 -40 41 -42 43 44 45 46 47 48 49 50 0
uf50-0379 217 0
uf50-0379 90513 -1 2 -3 4 5 6 7 -8 -9 10 -11 -12 -13 14 -15 -16 -17 18 -19 -20 -21 22 23 -24 -25 26 -27 -28 29 30 -31 32 -33 -34 35 36 37 38 39 -40 41 -42 43 44 45 46 47 48 49 50 0
uf50-0379 90513 -1 2 -3 4 5 6 7 -8 -9 10 -11 -12 -13 14 -15 -16 -17 18 -19 -20 -21 22 23 -24 -25 26 -27 -28 29 30 -31 32 -33 -34 35 36 37 38 39 -40 41 -42 43 44 45 46 47 48 49 50 0
uf50-0379 90513 -1 2 -3 4 5 6 7 -8 -9 10 -11 -12 -13 14 -15 -16 -17 18 -19 -20 -21 22 23 -24 -25 26 -27 -28 29 30 -31 32 -33 -34 35 36 37 38 39 -40 41 -42 43 44 45 46 47 48 49 50 0
uf50-0379 217 0
uf50-0379 90513 -1 2 -3 4 5 6 7 -8 -9 10 -11 -12 -13 14 -15 -16 -17 18 -19 -20 -21 22 23 -24 -25 26 -27 -28 29 30 -31 32 -33 -34 35 36 37 38 39 -40 41 -42 43 44 45 46 47 48 49 50 0
uf50-0379 90513 -1 2 -3 4 5 6 7 -8 -9 10 -11 -12 -13 14 -15 -16 -17 18 -19 -20 -21 22 23 -24 -25 26 -27 -28 29 30 -31 32 -33 -34 35 36 37 38 39 -40 41 -42 43 44 45 46 47 48 49 50 0
uf50-0379 90513 -1 2 -3 4 5 6 7 -8 -9 10 -11 -12 -13 14 -15 -16 -17 18 -19 -20 -21 22 23 -24 -25 26 -27 -28 29 30 -31 32 -33 -34 35 36 37 38 39 -40 41 -42 43 44 45 46 47 48 49 50 0
uf50-0379 89580 -1 2 -3 4 5 6 7 -8 -9 10 -11 -12 -13 14 -15 -16 -17 18 -19 -20 -21 22 -23 -24 -25 26 -27 -28 29 30 -31 32 -33 -34 35 36 37 38 39 -40 41 -42 43 44 45 46 47 48 49 50 0
uf50-0379 90513 -1 2 -3 4 5 6 7 -8 -9 10 -11 -12 -13 14 -15 -16 -17 18 -19 -20 -21 22 23 -24 -25 26 -27 -28 29 30 -31 32 -33 -34 35 36 37 38 39 -40 41 -42 43 44 45 46 47 48 49 50 0
uf50-0379 90513 -1 2 -3 4 5 6 7 -8 -9 10 -11 -12 -13 14 -15 -16 -17 18 -19 -20 -21 22 23 -24 -25 26 -27 -28 29 30 -31 32 -33 -34 35 36 37 38 39 -40 41 -42 43 44 45 46 47 48 49 50 0
uf50-0379 90513 -1 2 -3 4 5 6 7 -8 -9 10 -11 -12 -13 14 -15 -16 -17 18 -19 -20 -21 22 23 -24 -25 26 -27 -28 29 30 -31 32 -33 -34 35 36 37 38 39 -40 41 -42 43 44 45 46 47 48 49 50 0
uf50-0379 90513 -1 2 -3 4 5 6 7 -8 -9 10 -11 -12 -13 14 -15 -16 -17 18 -19 -20 -21 22 23 -24 -25 26 -27 -28 29 30 -31 32 -33 -34 35 36 37 38 39 -40 41 -42 43 44 45 46 47 48 49 50 0
uf50-0379 217 0
uf50-0379 90513 -1 2 -3 4 5 6 7 -8 -9 10 -11 -12 -13 14 -15 -16 -17 18 -19 -20 -21 22 23 -24 -25 26 -27 -28 29 30 -31 32 -33 -34 35 36 37 38 39 -40 41 -42 43 44 45 46 47 48 49 50 0
uf50-0379 90513 -1 2 -3 4 5 6 7 -8 -9 10 -11 -12 -13 14 -15 -16 -17 18 -19 -20 -21 22 23 -24 -25 26 -27 -28 29 30 -31 32 -33 -34 35 36 37 38 39 -40 41 -42 43 44 45 46 47 48 49 50 0
uf50-0379 90513 -1 2 -3 4 5 6 7 -8 -9 10 -11 -12 -13 14 -15 -16 -17 18 -19 -20 -21 22 23 -24 -25 26 -27 -28 29 30 -31 32 -33 -34 35 36 37 38 39 -40 41 -42 43 44 45 46 47 48 49 50 0
uf50-0379 89580 -1 2 -3 4 5 6 7 -8 -9 10 -11 -12 -13 14 -15 -16 -17 18 -19 -20 -21 22 -23 -24 -25 26 -27 -28 29 30 -31 32 -33 -34 35 36 37 38 39 -40 41 -42 43 44 45 46 47 48 49 50 0
uf50-0379 90513 -1 2 -3 4 5 6 7 -8 -9 10 -11 -12 -13 14 -15 -16 -17 18 -19 -20 -21 22 23 -24 -25 26 -27 -28 29 30 -31 32 -33 -34 35 36 37 38 39 -40 41 -42 43 44 45 46 47 48 49 50 0
uf50-0379 217 0
uf50-0379 90513 -1 2 -3 4 5 6 7 -8 -9 10 -11 -12 -13 14 -15 -16 -17 18 -19 -20 -21 22 23 -24 -25 26 -27 -28 29 30 -31 32 -33 -34 35 36 37 38 39 -40 41 -42 43 44 45 46 47 48 49 50 0
uf50-0379 90513 -1 2 -3 4 5 6 7 -8 -9 10 -11 -12 -13 14 -15 -16 -17 18 -19 -20 -21 22 23 -24 -25 26 -27 -28 29 30 -31 32 -33 -34 35 36 37 38 39 -40 41 -42 43 44 45 46 47 48 49 50 0
uf50-0379 90513 -1 2 -3 4 5 6 7 -8 -9 10 -11 -12 -13 14 -15 -16 -17 18 -19 -20 -21 22 23 -24 -25 26 -27 -28 29 30 -31 32 -33 -34 35 36 37 38 39 -40 41 -42 43 44 45 46 47 48 49 50 0
uf50-0379 25203 1 2 -3 4 -5 -6 -7 -8 9 10 -11 12 -13 -14 -15 -16 -17 18 -19 -20 21 -22 23 -24 25 -26 27 -28 29 30 31 -32 33 -34 -35 -36 -37 -38 39 40 41 -42 43 44 45 46 47 -48 49 50 0
uf50-0379 217 0
uf50-0379 86159 -1 2 -3 4 5 6 7 -8 -9 10 -11 -12 -13 14 -15 -16 -17 18 -19 -20 -21 22 -23 -24 -25 26 -27 -28 29 30 -31 32 -33 -34 35 36 37 38 39 40 41 -42 43 -44 45 46 47 48 49 50 0
uf50-0379 86159 -1 2 -3 4 5 6 7 -8 -9 10 -11 -12 -13 14 -15 -16 -17 18 -19 -20 -21 22 -23 -24 -25 26 -27 -28 29 30 -31 32 -33 -34 35 36 37 38 39 40 41 -42 43 -44 45 46 47 48 49 50 0
uf50-0379 90513 -1 2 -3 4 5 6 7 -8 -9 10 -11 -12 -13 14 -15 -16 -17 18 -19 -20 -21 22 23 -24 -25 26 -27 -28 29 30 -31 32 -33 -34 35 36 37 38 39 -40 41 -42 43 44 45 46 47 48 49 50 0
uf50-0379 90513 -1 2 -3 4 5 6 7 -8 -9 10 -11 -12 -13 14 -15 -16 -17 18 -19 -20 -21 22 23 -24 -25 26 -27 -28 29 30 -31 32 -33 -34 35 36 37 38 39 -40 41 -42 43 44 45 46 47 48 49 50 0
uf50-0379 90513 -1 2 -3 4 5 6 7 -8 -9 10 -11 -12 -13 14 -15 -16 -17 18 -19 -20 -21 22 23 -24 -25 26 -27 -28 29 30 -31 32 -33 -34 35 36 37 38 39 -40 41 -42 43 44 45 46 47 48 49 50 0
uf50-0379 90513 -1 2 -3 4 5 6 7 -8 -9 10 -11 -12 -13 14 -15 -16 -17 18 -19 -20 -21 22 23 -24 -25 26 -27 -28 29 30 -31 32 -33 -34 35 36 37 38 39 -40 41 -42 43 44 45 46 47 48 49 50 0
uf50-0379 90513 -1 2 -3 4 5 6 7 -8 -9 10 -11 -12 -13 14 -15 -16 -17 18 -19 -20 -21 22 23 -24 -25 26 -27 -28 29 30 -31 32 -33 -34 35 36 37 38 39 -40 41 -42 43 44 45 46 47 48 49 50 0
uf50-0379 90513 -1 2 -3 4 5 6 7 -8 -9 10 -11 -12 -13 14 -15 -16 -17 18 -19 -20 -21 22 23 -24 -25 26 -27 -28 29 30 -31 32 -33 -34 35 36 37 38 39 -40 41 -42 43 44 45 46 47 48 49 50 0
uf50-0379 86159 -1 2 -3 4 5 6 7 -8 -9 10 -11 -12 -13 14 -15 -16 -17 18 -19 -20 -21 22 -23 -24 -25 26 -27 -28 29 30 -31 32 -33 -34 35 36 37 38 39 40 41 -42 43 -44 45 46 47 48 49 50 0
uf50-0379 90513 -1 2 -3 4 5 6 7 -8 -9 10 -11 -12 -13 14 -15 -16 -17 18 -19 -20 -21 22 23 -24 -25 26 -27 -28 29 30 -31 32 -33 -34 35 36 37 38 39 -40 41 -42 43 44 45 46 47 48 49 50 0
uf50-0379 90513 -1 2 -3 4 5 6 7 -8 -9 10 -11 -12 -13 14 -15 -16 -17 18 -19 -20 -21 22 23 -24 -25 26 -27 -28 29 30 -31 32 -33 -34 35 36 37 38 39 -40 41 -42 43 44 45 46 47 48 49 50 0
uf50-0379 90513 -1 2 -3 4 5 6 7 -8 -9 10 -11 -12 -13 14 -15 -16 -17 18 -19 -20 -21 22 23 -24 -25 26 -27 -28 29 30 -31 32 -33 -34 35 36 37 38 39 -40 41 -42 43 44 45 46 47 48 49 50 0
uf50-0564 217 0
uf50-0564 67705 1 2 -3 4 -5 6 7 8 -9 -10 11 12 -13 -14 15 16 -17 18 -19 20 -21 22 23 -24 -25 26 27 28 29 30 -31 32 33 34 -35 -36 37 38 -39 -40 41 -42 43 44 -45 46 -47 48 -49 50 0
uf50-0564 217 0
uf50-0564 217 0
uf50-0564 71593 1 2 -3 4 -5 6 7 8 -9 -10 11 12 -13 -14 15 16 -17 18 -19 20 -21 22 23 -24 -25 26 27 28 29 30 -31 32 33 34 -35 36 37 38 -39 -40 41 -42 43 44 -45 46 -47 48 -49 50 0
uf50-0564 67705 1 2 -3 4 -5 6 7 8 -9 -10 11 12 -13 -14 15 16 -17 18 -19 20 -21 22 23 -24 -25 26 27 28 29 30 -31 32 33 34 -35 -36 37 38 -39 -40 41 -42 43 44 -45 46 -47 48 -49 50 0
uf50-0564 71593 1 2 -3 4 -5 6 7 8 -9 -10 11 12 -13 -14 15 16 -17 18 -19 20 -21 22 23 -24 -25 26 27 28 29 30 -31 32 33 34 -35 36 37 38 -39 -40 41 -42 43 44 -45 46 -47 48 -49 50 0
uf50-0564 217 0
uf50-0564 217 0
uf50-0564 217 0
uf50-0564 217 0
uf50-0564 217 0
uf50-0564 217 0
uf50-0564 20369 -1 2 -3 4 5 -6 7 -8 -9 10 11 12 -13 -14 15 16 -17 18 -19 20 -21 -22 23 -24 -25 26 27 28 -29 30 -31 32 33 -34 -35 36 37 -38 39 -40 41 -42 43 44 -45 46 -47 -48 -49 -50 0
uf50-0564 71593 1 2 -3 4 -5 6 7 8 -9 -10 11 12 -13 -14 15 16 -17 18 -19 20 -21 22 23 -24 -25 26 27 28 29 30 -31 32 33 34 -35 36 37 38 -39 -40 41 -42 43 44 -45 46 -47 48 -49 50 0
uf50-0564 217 0
uf50-0564 20369 -1 2 -3 4 5 -6 7 -8 -9 10 11 12 -13 -14 15 16 -17 18 -19 20 -21 -22 23 -24 -25 26 27 28 -29 30 -31 32 33 -34 -35 36 37 -38 39 -40 41 -42 43 44 -45 46 -47 -48 -49 -50 0
uf50-0564 71593 1 2 -3 4 -5 6 7 8 -9 -10 11 12 -13 -14 15 16 -17 18 -19 20 -21 22 23 -24 -25 26 27 28 29 30 -31 32 33 34 -35 36 37 38 -39 -40 41 -42 43 44 -45 46 -47 48 -49 50 0
uf50-0564 70678 1 2 -3 4 -5 6 7 8 -9 -10 11 12 -13 -14 15 -16 -17 18 -19 20 -21 22 23 -24 -25 26 27 28 29 30 -31 32 33 34 -35 36 37 38 -39 -40 41 -42 43 44 -45 46 -47 48 -49 50 0
uf50-0564 217 0
uf50-0564 71593 1 2 -3 4 -5 6 7 8 -9 -10 11 12 -13 -14 15 16 -17 18 -19 20 -21 22 23 -24 -25 26 27 28 29 30 -31 32 33 34 -35 36 37 38 -39 -40 41 -42 43 44 -45 46 -47 48 -49 50 0
uf50-0564 71593 1 2 -3 4 -5 6 7 8 -9 -10 11 12 -13 -14 15 16 -17 18 -19 20 -21 22 23 -24 -25 26 27 28 29 30 -31 32 33 34 -35 36 37 38 -39 -40 41 -42 43 44 -45 46 -47 48 -49 50 0
uf50-0564 217 0
uf50-0564 71593 1 2 -3 4 -5 6 7 8 -9 -10 11 12 -13 -14 15 16 -17 18 -19 20 -21 22 23 -24 -25 26 27 28 29 30 -31 32 33 34 -35 36 37 38 -39 -40 41 -42 43 44 -45 46 -47 48 -49 50 0
uf50-0564 217 0
uf50-0564 71593 1 2 -3 4 -5 6 7 8 -9 -10 11 12 -13 -14 15 16 -17 18 -19 20 -21 22 23 -24 -25 26 27 28 29 30 -31 32 33 34 -35 36 37 38 -39 -40 41 -42 43 44 -45 46 -47 48 -49 50 0
uf50-0564 217 0
uf50-0564 217 0
uf50-0564 71593 1 2 -3 4 -5 6 7 8 -9 -10 11 12 -13 -14 15 16 -17 18 -19 20 -21 22 23 -24 -25 26 27 28 29 30 -31 32 33 34 -35 36 37 38 -39 -40 41 -42 43 44 -45 46 -47 48 -49 50 0
uf50-0564 67705 1 2 -3 4 -5 6 7 8 -9 -10 11 12 -13 -14 15 16 -17 18 -19 20 -21 22 23 -24 -25 26 27 28 29 30 -31 32 33 34 -35 -36 37 38 -39 -40 41 -42 43 44 -45 46 -47 48 -49 50 0
uf50-0564 71593 1 2 -3 4 -5 6 7 8 -9 -10 11 12 -13 -14 15 16 -17 18 -19 20 -21 22 23 -24 -25 26 27 28 29 30 -31 32 33 34 -35 36 37 38 -39 -40 41 -42 43 44 -45 46 -47 48 -49 50 0
uf50-0564 217 0
uf50-0564 71593 1 2 -3 4 -5 6 7 8 -9 -10 11 12 -13 -14 15 16 -17 18 -19 20 -21 22 23 -24 -25 26 27 28 29 30 -31 32 33 34 -35 36 37 38 -39 -40 41 -42 43 44 -45 46 -47 48 -49 50 0
uf50-0564 71593 1 2 -3 4 -5 6 7 8 -9 -10 11 12 -13 -14 15 16 -17 18 -19 20 -21 22 23 -24 -25 26 27 28 29 30 -31 32 33 34 -35 36 37 38 -39 -40 41 -42 43 44 -45 46 -47 48 -49 50 0
uf50-0564 71593 1 2 -3 4 -5 6 7 8 -9 -10 11 12 -13 -14 15 16 -17 18 -19 20 -21 22 23 -24 -25 26 27 28 29 30 -31 32 33 34 -35 36 37 38 -39 -40 41 -42 43 44 -45 46 -47 48 -49 50 0
uf50-0564 67705 1 2 -3 4 -5 6 7 8 -9 -10 11 12 -13 -14 15 16 -17 18 -19 20 -21 22 23 -24 -25 26 27 28 29 30 -31 32 33 34 -35 -36 37 38 -39 -40 41 -42 43 44 -45 46 -47 48 -49 50 0
uf50-0564 217 0
uf50-0564 71593 1 2 -3 4 -5 6 7 8 -9 -10 11 12 -13 -14 15 16 -17 18 -19 20 -21 22 23 -24 -25 26 27 28 29 30 -31 32 33 34 -35 36 37 38 -39 -40 41 -42 43 44 -45 46 -47 48 -49 50 0
uf50-0564 217 0
uf50-0564 217 0
uf50-0564 217 0
uf50-0564 67705 1 2 -3 4 -5 6 7 8 -9 -10 11 12 -13 -14 15 16 -17 18 -19 20 -21 22 23 -24 -25 26 27 28 29 30 -31 32 33 34 -35 -36 37 38 -39 -40 41 -42 43 44 -45 46 -47 48 -49 50 0
uf50-0564 217 0
uf50-0564 71593 1 2 -3 4 -5 6 7 8 -9 -10 11 12 -13 -14 15 16 -17 18 -19 20 -21 22 23 -24 -25 26 27 28 29 30 -31 32 33 34 -35 36 37 38 -39 -40 41 -42 43 44 -45 46 -47 48 -49 50 0
uf50-0564 217 0
uf50-0564 217 0
uf50-0564 217 0
uf50-0564 217 0
uf50-0564 217 0
uf50-0564 67705 1 2 -3 4 -5 6 7 8 -9 -10 11 12 -13 -14 15 16 -17 18 -19 20 -21 22 23 -24 -25 26 27 28 29 30 -31 32 33 34 -35 -36 37 38 -39 -40 41 -42 43 44 -45 46 -47 48 -49 50 0
