uf20-0873 54322 1 2 -3 4 5 6 7 -8 9 10 -11 -12 13 14 15 16 17 18 19 20 0
uf20-0873 58777 1 2 -3 4 5 6 7 -8 9 10 11 -12 13 14 15 16 17 18 19 20 0
uf20-0873 53029 1 2 -3 4 5 6 7 -8 -9 10 11 -12 13 14 15 16 17 18 19 20 0
uf20-0873 58777 1 2 -3 4 5 6 7 -8 9 10 11 -12 13 14 15 16 17 18 19 20 0
uf20-0873 58777 1 2 -3 4 5 6 7 -8 9 10 11 -12 13 14 15 16 17 18 19 20 0
uf20-0873 54322 1 2 -3 4 5 6 7 -8 9 10 -11 -12 13 14 15 16 17 18 19 20 0
uf20-0873 58777 1 2 -3 4 5 6 7 -8 9 10 11 -12 13 14 15 16 17 18 19 20 0
uf20-0873 58777 1 2 -3 4 5 6 7 -8 9 10 11 -12 13 14 15 16 17 18 19 20 0
uf20-0873 58777 1 2 -3 4 5 6 7 -8 9 10 11 -12 13 14 15 16 17 18 19 20 0
uf20-0873 58777 1 2 -3 4 5 6 7 -8 9 10 11 -12 13 14 15 16 17 18 19 20 0
uf20-0873 53029 1 2 -3 4 5 6 7 -8 -9 10 11 -12 13 14 15 16 17 18 19 20 0
uf20-0873 51756 1 2 3 4 5 6 7 -8 9 10 11 12 13 14 15 16 17 -18 19 20 0
uf20-0873 58777 1 2 -3 4 5 6 7 -8 9 10 11 -12 13 14 15 16 17 18 19 20 0
uf20-0873 58777 1 2 -3 4 5 6 7 -8 9 10 11 -12 13 14 15 16 17 18 19 20 0
uf20-0873 58777 1 2 -3 4 5 6 7 -8 9 10 11 -12 13 14 15 16 17 18 19 20 0
uf20-0873 58777 1 2 -3 4 5 6 7 -8 9 10 11 -12 13 14 15 16 17 18 19 20 0
uf20-0873 58777 1 2 -3 4 5 6 7 -8 9 10 11 -12 13 14 15 16 17 18 19 20 0
uf20-0873 54322 -1 2 -3 4 5 6 7 -8 9 10 11 -12 13 14 15 16 17 18 19 20 0
uf20-0873 58777 1 2 -3 4 5 6 7 -8 9 10 11 -12 13 14 15 16 17 18 19 20 0
uf20-0873 54322 -1 2 -3 4 5 6 7 -8 9 10 11 -12 13 14 15 16 17 18 19 20 0
uf20-0873 58777 1 2 -3 4 5 6 7 -8 9 10 11 -12 13 14 15 16 17 18 19 20 0
uf20-0873 58777 1 2 -3 4 5 6 7 -8 9 10 11 -12 13 14 15 16 17 18 19 20 0
uf20-0873 58777 1 2 -3 4 5 6 7 -8 9 10 11 -12 13 14 15 16 17 18 19 20 0
uf20-0873 54045 1 2 -3 4 5 6 -7 -8 9 10 11 -12 13 14 15 16 17 18 19 20 0
uf20-0873 58777 1 2 -3 4 5 6 7 -8 9 10 11 -12 13 14 15 16 17 18 19 20 0
uf20-0873 54045 1 2 -3 4 5 6 -7 -8 9 10 11 -12 13 14 15 16 17 18 19 20 0
uf20-0873 58777 1 2 -3 4 5 6 7 -8 9 10 11 -12 13 14 15 16 17 18 19 20 0
uf20-0873 58777 1 2 -3 4 5 6 7 -8 9 10 11 -12 13 14 15 16 17 18 19 20 0
uf20-0873 54322 1 2 -3 4 5 6 7 -8 9 10 -11 -12 13 14 15 16 17 18 19 20 0
uf20-0873 53029 1 2 -3 4 5 6 7 -8 -9 10 11 -12 13 14 15 16 17 18 19 20 0
uf20-0873 53029 1 2 -3 4 5 6 7 -8 -9 10 11 -12 13 14 15 16 17 18 19 20 0
uf20-0873 58777 1 2 -3 4 5 6 7 -8 9 10 11 -12 13 14 15 16 17 18 19 20 0
uf20-0873 58777 1 2 -3 4 5 6 7 -8 9 10 11 -12 13 14 15 16 17 18 19 20 0
uf20-0873 58777 1 2 -3 4 5 6 7 -8 9 10 11 -12 13 14 15 16 17 18 19 20 0
uf20-0873 58777 1 2 -3 4 5 6 7 -8 9 10 11 -12 13 14 15 16 17 18 19 20 0
uf20-0873 58777 1 2 -3 4 5 6 7 -8 9 10 11 -12 13 14 15 16 17 18 19 20 0
uf20-0873 58777 1 2 -3 4 5 6 7 -8 9 10 11 -12 13 14 15 16 17 18 19 20 0
uf20-0873 52669 1 2 3 4 5 6 7 8 9 10 11 12 13 14 15 16 -17 -18 19 20 0
uf20-0873 54322 1 2 -3 4 5 6 7 -8 9 10 -11 -12 13 14 15 16 17 18 19 20 0
uf20-0873 58777 1 2 -3 4 5 6 7 -8 9 10 11 -12 13 14 15 16 17 18 19 20 0
uf20-0873 54045 1 2 -3 4 5 6 -7 -8 9 10 11 -12 13 14 15 16 17 18 19 20 0
uf20-0873 53029 1 2 -3 4 5 6 7 -8 -9 10 11 -12 13 14 15 16 17 18 19 20 0
uf20-0873 58777 1 2 -3 4 5 6 7 -8 9 10 11 -12 13 14 15 16 17 18 19 20 0
uf20-0873 58777 1 2 -3 4 5 6 7 -8 9 10 11 -12 13 14 15 16 17 18 19 20 0
uf20-0873 54322 -1 2 -3 4 5 6 7 -8 9 10 11 -12 13 14 15 16 17 18 19 20 0
uf20-0873 58777 1 2 -3 4 5 6 7 -8 9 10 11 -12 13 14 15 16 17 18 19 20 0
uf20-0873 58777 1 2 -3 4 5 6 7 -8 9 10 11 -12 13 14 15 16 17 18 19 20 0
uf20-0873 58777 1 2 -3 4 5 6 7 -8 9 10 11 -12 13 14 15 16 17 18 19 20 0
uf20-0873 58777 1 2 -3 4 5 6 7 -8 9 10 11 -12 13 14 15 16 17 18 19 20 0
uf20-0873 54322 1 2 -3 4 5 6 7 -8 9 10 -11 -12 13 14 15 16 17 18 19 20 0
uf20-0674 53517 1 -2 3 -4 5 6 7 -8 9 10 11 -12 13 14 15 16 -17 18 19 -20 0
uf20-0674 53820 1 -2 3 4 -5 6 7 -8 9 10 -11 12 13 14 15 16 -17 -18 -19 20 0
uf20-0674 53820 1 -2 3 4 -5 6 7 -8 9 10 -11 12 13 14 15 16 -17 -18 -19 20 0
uf20-0674 55047 1 -2 3 4 5 6 7 -8 9 10 11 12 13 14 15 16 -17 -18 -19 -20 0
uf20-0674 55047 1 -2 3 4 5 6 7 -8 9 10 11 12 13 14 15 16 -17 -18 -19 -20 0
uf20-0674 55047 1 -2 3 4 5 6 7 -8 9 10 11 12 13 14 15 16 -17 -18 -19 -20 0
uf20-0674 55047 1 -2 3 4 5 6 7 -8 9 10 11 12 13 14 15 16 -17 -18 -19 -20 0
uf20-0674 55047 1 -2 3 4 5 6 7 -8 9 10 11 12 13 14 15 16 -17 -18 -19 -20 0
uf20-0674 53820 1 -2 3 4 -5 6 7 -8 9 10 -11 12 13 14 15 16 -17 -18 -19 20 0
uf20-0674 53820 1 -2 3 4 -5 6 7 -8 9 10 -11 12 13 14 15 16 -17 -18 -19 20 0
uf20-0674 55047 1 -2 3 4 5 6 7 -8 9 10 11 12 13 14 15 16 -17 -18 -19 -20 0
uf20-0674 53820 1 -2 3 4 -5 6 7 -8 9 10 -11 12 13 14 15 16 -17 -18 -19 20 0
uf20-0674 51775 1 -2 3 -4 5 6 7 -8 9 10 11 12 13 14 15 16 17 -18 -19 -20 0
uf20-0674 53820 1 -2 3 4 -5 6 7 -8 9 10 -11 12 13 14 15 16 -17 -18 -19 20 0
uf20-0674 55047 1 -2 3 4 5 6 7 -8 9 10 11 12 13 14 15 16 -17 -18 -19 -20 0
uf20-0674 55047 1 -2 3 4 5 6 7 -8 9 10 11 12 13 14 15 16 -17 -18 -19 -20 0
uf20-0674 50882 1 -2 3 4 5 6 7 -8 9 10 -11 12 13 14 15 16 -17 -18 -19 -20 0
uf20-0674 53517 1 -2 3 -4 5 6 7 -8 9 10 11 -12 13 14 15 16 -17 18 19 -20 0
uf20-0674 53470 1 -2 3 4 -5 6 7 -8 9 10 11 12 13 14 15 -16 -17 -18 -19 20 0
uf20-0674 55047 1 -2 3 4 5 6 7 -8 9 10 11 12 13 14 15 16 -17 -18 -19 -20 0
uf20-0674 53517 1 -2 3 -4 5 6 7 -8 9 10 11 -12 13 14 15 16 -17 18 19 -20 0
uf20-0674 51775 1 -2 3 -4 5 6 7 -8 9 10 11 12 13 14 15 16 17 -18 -19 -20 0
uf20-0674 53517 1 -2 3 -4 5 6 7 -8 9 10 11 -12 13 14 15 16 -17 18 19 -20 0
uf20-0674 51775 1 -2 3 -4 5 6 7 -8 9 10 11 12 13 14 15 16 17 -18 -19 -20 0
uf20-0674 50792 1 -2 3 4 5 6 7 -8 -9 10 11 12 13 14 15 16 -17 -18 -19 -20 0
uf20-0674 55047 1 -2 3 4 5 6 7 -8 9 10 11 12 13 14 15 16 -17 -18 -19 -20 0
uf20-0674 53517 1 -2 3 -4 5 6 7 -8 9 10 11 -12 13 14 15 16 -17 18 19 -20 0
uf20-0674 50186 1 -2 3 4 5 -6 -7 -8 9 10 11 12 13 14 15 16 17 -18 -19 -20 0
uf20-0674 55047 1 -2 3 4 5 6 7 -8 9 10 11 12 13 14 15 16 -17 -18 -19 -20 0
uf20-0674 53470 1 -2 3 4 -5 6 7 -8 9 10 11 12 13 14 15 -16 -17 -18 -19 20 0
uf20-0674 55047 1 -2 3 4 5 6 7 -8 9 10 11 12 13 14 15 16 -17 -18 -19 -20 0
uf20-0674 53517 1 -2 3 -4 5 6 7 -8 9 10 11 -12 13 14 15 16 -17 18 19 -20 0
uf20-0674 53820 1 -2 3 4 -5 6 7 -8 9 10 -11 12 13 14 15 16 -17 -18 -19 20 0
uf20-0674 53470 1 -2 3 4 -5 6 7 -8 9 10 11 12 13 14 15 -16 -17 -18 -19 20 0
uf20-0674 55047 1 -2 3 4 5 6 7 -8 9 10 11 12 13 14 15 16 -17 -18 -19 -20 0
uf20-0674 55047 1 -2 3 4 5 6 7 -8 9 10 11 12 13 14 15 16 -17 -18 -19 -20 0
uf20-0674 55047 1 -2 3 4 5 6 7 -8 9 10 11 12 13 14 15 16 -17 -18 -19 -20 0
uf20-0674 53517 1 -2 3 -4 5 6 7 -8 9 10 11 -12 13 14 15 16 -17 18 19 -20 0
uf20-0674 53517 1 -2 3 -4 5 6 7 -8 9 10 11 -12 13 14 15 16 -17 18 19 -20 0
uf20-0674 53820 1 -2 3 4 -5 6 7 -8 9 10 -11 12 13 14 15 16 -17 -18 -19 20 0
uf20-0674 49270 1 -2 3 4 -5 6 -7 -8 9 10 -11 12 13 14 15 16 -17 -18 -19 20 0
uf20-0674 55047 1 -2 3 4 5 6 7 -8 9 10 11 12 13 14 15 16 -17 -18 -19 -20 0
uf20-0674 55047 1 -2 3 4 5 6 7 -8 9 10 11 12 13 14 15 16 -17 -18 -19 -20 0
uf20-0674 53470 1 -2 3 4 -5 6 7 -8 9 10 11 12 13 14 15 -16 -17 -18 -19 20 0
uf20-0674 55047 1 -2 3 4 5 6 7 -8 9 10 11 12 13 14 15 16 -17 -18 -19 -20 0
uf20-0674 55047 1 -2 3 4 5 6 7 -8 9 10 11 12 13 14 15 16 -17 -18 -19 -20 0
uf20-0674 53820 1 -2 3 4 -5 6 7 -8 9 10 -11 12 13 14 15 16 -17 -18 -19 20 0
uf20-0674 53517 1 -2 3 -4 5 6 7 -8 9 10 11 -12 13 14 15 16 -17 18 19 -20 0
uf20-0674 53820 1 -2 3 4 -5 6 7 -8 9 10 -11 12 13 14 15 16 -17 -18 -19 20 0
uf20-0674 55047 1 -2 3 4 5 6 7 -8 9 10 11 12 13 14 15 16 -17 -18 -19 -20 0
uf20-0738 72061 -1 2 3 4 -5 6 7 8 9 10 11 -12 13 -14 -15 16 17 18 19 20 0
uf20-0738 72061 -1 2 3 4 -5 6 7 8 9 10 11 -12 13 -14 -15 16 17 18 19 20 0
uf20-0738 72061 -1 2 3 4 -5 6 7 8 9 10 11 -12 13 -14 -15 16 17 18 19 20 0
uf20-0738 72061 -1 2 3 4 -5 6 7 8 9 10 11 -12 13 -14 -15 16 17 18 19 20 0
uf20-0738 72061 -1 2 3 4 -5 6 7 8 9 10 11 -12 13 -14 -15 16 17 18 19 20 0
uf20-0738 72061 -1 2 3 4 -5 6 7 8 9 10 11 -12 13 -14 -15 16 17 18 19 20 0
uf20-0738 72061 -1 2 3 4 -5 6 7 8 9 10 11 -12 13 -14 -15 16 17 18 19 20 0
uf20-0738 72061 -1 2 3 4 -5 6 7 8 9 10 11 -12 13 -14 -15 16 17 18 19 20 0
uf20-0738 72061 -1 2 3 4 -5 6 7 8 9 10 11 -12 13 -14 -15 16 17 18 19 20 0
uf20-0738 72061 -1 2 3 4 -5 6 7 8 9 10 11 -12 13 -14 -15 16 17 18 19 20 0
uf20-0738 72061 -1 2 3 4 -5 6 7 8 9 10 11 -12 13 -14 -15 16 17 18 19 20 0
uf20-0738 72061 -1 2 3 4 -5 6 7 8 9 10 11 -12 13 -14 -15 16 17 18 19 20 0
uf20-0738 72061 -1 2 3 4 -5 6 7 8 9 10 11 -12 13 -14 -15 16 17 18 19 20 0
uf20-0738 72061 -1 2 3 4 -5 6 7 8 9 10 11 -12 13 -14 -15 16 17 18 19 20 0
uf20-0738 72061 -1 2 3 4 -5 6 7 8 9 10 11 -12 13 -14 -15 16 17 18 19 20 0
uf20-0738 72061 -1 2 3 4 -5 6 7 8 9 10 11 -12 13 -14 -15 16 17 18 19 20 0
uf20-0738 72061 -1 2 3 4 -5 6 7 8 9 10 11 -12 13 -14 -15 16 17 18 19 20 0
uf20-0738 72061 -1 2 3 4 -5 6 7 8 9 10 11 -12 13 -14 -15 16 17 18 19 20 0
uf20-0738 72061 -1 2 3 4 -5 6 7 8 9 10 11 -12 13 -14 -15 16 17 18 19 20 0
uf20-0738 72061 -1 2 3 4 -5 6 7 8 9 10 11 -12 13 -14 -15 16 17 18 19 20 0
uf20-0738 72061 -1 2 3 4 -5 6 7 8 9 10 11 -12 13 -14 -15 16 17 18 19 20 0
uf20-0738 72061 -1 2 3 4 -5 6 7 8 9 10 11 -12 13 -14 -15 16 17 18 19 20 0
uf20-0738 72061 -1 2 3 4 -5 6 7 8 9 10 11 -12 13 -14 -15 16 17 18 19 20 0
uf20-0738 72061 -1 2 3 4 -5 6 7 8 9 10 11 -12 13 -14 -15 16 17 18 19 20 0
uf20-0738 72061 -1 2 3 4 -5 6 7 8 9 10 11 -12 13 -14 -15 16 17 18 19 20 0
uf20-0738 72061 -1 2 3 4 -5 6 7 8 9 10 11 -12 13 -14 -15 16 17 18 19 20 0
uf20-0738 72061 -1 2 3 4 -5 6 7 8 9 10 11 -12 13 -14 -15 16 17 18 19 20 0
uf20-0738 72061 -1 2 3 4 -5 6 7 8 9 10 11 -12 13 -14 -15 16 17 18 19 20 0
uf20-0738 72061 -1 2 3 4 -5 6 7 8 9 10 11 -12 13 -14 -15 16 17 18 19 20 0
uf20-0738 72061 -1 2 3 4 -5 6 7 8 9 10 11 -12 13 -14 -15 16 17 18 19 20 0
uf20-0738 72061 -1 2 3 4 -5 6 7 8 9 10 11 -12 13 -14 -15 16 17 18 19 20 0
uf20-0738 72061 -1 2 3 4 -5 6 7 8 9 10 11 -12 13 -14 -15 16 17 18 19 20 0
uf20-0738 72061 -1 2 3 4 -5 6 7 8 9 10 11 -12 13 -14 -15 16 17 18 19 20 0
uf20-0738 72061 -1 2 3 4 -5 6 7 8 9 10 11 -12 13 -14 -15 16 17 18 19 20 0
uf20-0738 72061 -1 2 3 4 -5 6 7 8 9 10 11 -12 13 -14 -15 16 17 18 19 20 0
uf20-0738 72061 -1 2 3 4 -5 6 7 8 9 10 11 -12 13 -14 -15 16 17 18 19 20 0
uf20-0738 72061 -1 2 3 4 -5 6 7 8 9 10 11 -12 13 -14 -15 16 17 18 19 20 0
uf20-0738 72061 -1 2 3 4 -5 6 7 8 9 10 11 -12 13 -14 -15 16 17 18 19 20 0
uf20-0738 72061 -1 2 3 4 -5 6 7 8 9 10 11 -12 13 -14 -15 16 17 18 19 20 0
uf20-0738 72061 -1 2 3 4 -5 6 7 8 9 10 11 -12 13 -14 -15 16 17 18 19 20 0
uf20-0738 72061 -1 2 3 4 -5 6 7 8 9 10 11 -12 13 -14 -15 16 17 18 19 20 0
uf20-0738 72061 -1 2 3 4 -5 6 7 8 9 10 11 -12 13 -14 -15 16 17 18 19 20 0
uf20-0738 72061 -1 2 3 4 -5 6 7 8 9 10 11 -12 13 -14 -15 16 17 18 19 20 0
uf20-0738 72061 -1 2 3 4 -5 6 7 8 9 10 11 -12 13 -14 -15 16 17 18 19 20 0
uf20-0738 72061 -1 2 3 4 -5 6 7 8 9 10 11 -12 13 -14 -15 16 17 18 19 20 0
uf20-0738 72061 -1 2 3 4 -5 6 7 8 9 10 11 -12 13 -14 -15 16 17 18 19 20 0
uf20-0738 72061 -1 2 3 4 -5 6 7 8 9 10 11 -12 13 -14 -15 16 17 18 19 20 0
uf20-0738 72061 -1 2 3 4 -5 6 7 8 9 10 11 -12 13 -14 -15 16 17 18 19 20 0
uf20-0738 72061 -1 2 3 4 -5 6 7 8 9 10 11 -12 13 -14 -15 16 17 18 19 20 0
uf20-0738 72061 -1 2 3 4 -5 6 7 8 9 10 11 -12 13 -14 -15 16 17 18 19 20 0
uf20-0434 57878 1 2 -3 4 -5 6 7 8 -9 10 11 12 13 14 15 -16 17 18 19 20 0
uf20-0434 57878 1 2 -3 4 -5 6 7 8 -9 10 11 12 13 14 15 -16 17 18 19 20 0
uf20-0434 55236 1 2 3 4 5 6 7 -8 -9 10 11 12 -13 14 15 -16 17 -18 19 20 0
uf20-0434 57001 1 2 -3 4 -5 6 7 8 -9 10 11 12 13 14 15 16 17 18 -19 20 0
uf20-0434 54895 1 2 3 4 5 6 -7 -8 -9 10 11 12 -13 14 15 -16 17 -18 19 20 0
uf20-0434 57001 1 2 -3 4 -5 6 7 8 -9 10 11 12 13 14 15 16 17 18 -19 20 0
uf20-0434 55555 1 2 -3 4 -5 6 7 8 -9 -10 11 12 13 14 15 16 17 18 -19 20 0
uf20-0434 57878 1 2 -3 4 -5 6 7 8 -9 10 11 12 13 14 15 -16 17 18 19 20 0
uf20-0434 55236 1 2 3 4 5 6 7 -8 -9 10 11 12 -13 14 15 -16 17 -18 19 20 0
uf20-0434 57878 1 2 -3 4 -5 6 7 8 -9 10 11 12 13 14 15 -16 17 18 19 20 0
uf20-0434 55236 1 2 3 4 5 6 7 -8 -9 10 11 12 -13 14 15 -16 17 -18 19 20 0
uf20-0434 57878 1 2 -3 4 -5 6 7 8 -9 10 11 12 13 14 15 -16 17 18 19 20 0
uf20-0434 57001 1 2 -3 4 -5 6 7 8 -9 10 11 12 13 14 15 16 17 18 -19 20 0
uf20-0434 57878 1 2 -3 4 -5 6 7 8 -9 10 11 12 13 14 15 -16 17 18 19 20 0
uf20-0434 57878 1 2 -3 4 -5 6 7 8 -9 10 11 12 13 14 15 -16 17 18 19 20 0
uf20-0434 57878 1 2 -3 4 -5 6 7 8 -9 10 11 12 13 14 15 -16 17 18 19 20 0
uf20-0434 57878 1 2 -3 4 -5 6 7 8 -9 10 11 12 13 14 15 -16 17 18 19 20 0
uf20-0434 57878 1 2 -3 4 -5 6 7 8 -9 10 11 12 13 14 15 -16 17 18 19 20 0
uf20-0434 57878 1 2 -3 4 -5 6 7 8 -9 10 11 12 13 14 15 -16 17 18 19 20 0
uf20-0434 57001 1 2 -3 4 -5 6 7 8 -9 10 11 12 13 14 15 16 17 18 -19 20 0
uf20-0434 55236 1 2 3 4 5 6 7 -8 -9 10 11 12 -13 14 15 -16 17 -18 19 20 0
uf20-0434 57878 1 2 -3 4 -5 6 7 8 -9 10 11 12 13 14 15 -16 17 18 19 20 0
uf20-0434 55555 1 2 -3 4 -5 6 7 8 -9 -10 11 12 13 14 15 16 17 18 -19 20 0
uf20-0434 54895 1 2 3 4 5 6 -7 -8 -9 10 11 12 -13 14 15 -16 17 -18 19 20 0
uf20-0434 53849 -1 2 3 4 5 6 -7 8 -9 10 11 12 -13 14 15 -16 17 -18 19 20 0
uf20-0434 57001 1 2 -3 4 -5 6 7 8 -9 10 11 12 13 14 15 16 17 18 -19 20 0
uf20-0434 57878 1 2 -3 4 -5 6 7 8 -9 10 11 12 13 14 15 -16 17 18 19 20 0
uf20-0434 57001 1 2 -3 4 -5 6 7 8 -9 10 11 12 13 14 15 16 17 18 -19 20 0
uf20-0434 55236 1 2 3 4 5 6 7 -8 -9 10 11 12 -13 14 15 -16 17 -18 19 20 0
uf20-0434 57878 1 2 -3 4 -5 6 7 8 -9 10 11 12 13 14 15 -16 17 18 19 20 0
uf20-0434 57878 1 2 -3 4 -5 6 7 8 -9 10 11 12 13 14 15 -16 17 18 19 20 0
uf20-0434 57001 1 2 -3 4 -5 6 7 8 -9 10 11 12 13 14 15 16 17 18 -19 20 0
uf20-0434 55236 1 2 3 4 5 6 7 -8 -9 10 11 12 -13 14 15 -16 17 -18 19 20 0
uf20-0434 57878 1 2 -3 4 -5 6 7 8 -9 10 11 12 13 14 15 -16 17 18 19 20 0
uf20-0434 57878 1 2 -3 4 -5 6 7 8 -9 10 11 12 13 14 15 -16 17 18 19 20 0
uf20-0434 57878 1 2 -3 4 -5 6 7 8 -9 10 11 12 13 14 15 -16 17 18 19 20 0
uf20-0434 57001 1 2 -3 4 -5 6 7 8 -9 10 11 12 13 14 15 16 17 18 -19 20 0
uf20-0434 54895 1 2 3 4 5 6 -7 -8 -9 10 11 12 -13 14 15 -16 17 -18 19 20 0
uf20-0434 57878 1 2 -3 4 -5 6 7 8 -9 10 11 12 13 14 15 -16 17 18 19 20 0
uf20-0434 55236 1 2 3 4 5 6 7 -8 -9 10 11 12 -13 14 15 -16 17 -18 19 20 0
uf20-0434 57878 1 2 -3 4 -5 6 7 8 -9 10 11 12 13 14 15 -16 17 18 19 20 0
uf20-0434 57001 1 2 -3 4 -5 6 7 8 -9 10 11 12 13 14 15 16 17 18 -19 20 0
uf20-0434 57001 1 2 -3 4 -5 6 7 8 -9 10 11 12 13 14 15 16 17 18 -19 20 0
uf20-0434 55236 1 2 3 4 5 6 7 -8 -9 10 11 12 -13 14 15 -16 17 -18 19 20 0
uf20-0434 57878 1 2 -3 4 -5 6 7 8 -9 10 11 12 13 14 15 -16 17 18 19 20 0
uf20-0434 57878 1 2 -3 4 -5 6 7 8 -9 10 11 12 13 14 15 -16 17 18 19 20 0
uf20-0434 57878 1 2 -3 4 -5 6 7 8 -9 10 11 12 13 14 15 -16 17 18 19 20 0
uf20-0434 55236 1 2 3 4 5 6 7 -8 -9 10 11 12 -13 14 15 -16 17 -18 19 20 0
uf20-0434 57878 1 2 -3 4 -5 6 7 8 -9 10 11 12 13 14 15 -16 17 18 19 20 0
uf20-0434 55236 1 2 3 4 5 6 7 -8 -9 10 11 12 -13 14 15 -16 17 -18 19 20 0
uf20-0115 59601 1 2 3 4 5 -6 7 -8 9 10 11 -12 -13 14 -15 16 17 18 -19 20 0
uf20-0115 59601 1 2 3 4 5 -6 7 -8 9 10 11 -12 -13 14 -15 16 17 18 -19 20 0
uf20-0115 59601 1 2 3 4 5 -6 7 -8 9 10 11 -12 -13 14 -15 16 17 18 -19 20 0
uf20-0115 59601 1 2 3 4 5 -6 7 -8 9 10 11 -12 -13 14 -15 16 17 18 -19 20 0
uf20-0115 59601 1 2 3 4 5 -6 7 -8 9 10 11 -12 -13 14 -15 16 17 18 -19 20 0
uf20-0115 59601 1 2 3 4 5 -6 7 -8 9 10 11 -12 -13 14 -15 16 17 18 -19 20 0
uf20-0115 59601 1 2 3 4 5 -6 7 -8 9 10 11 -12 -13 14 -15 16 17 18 -19 20 0
uf20-0115 59601 1 2 3 4 5 -6 7 -8 9 10 11 -12 -13 14 -15 16 17 18 -19 20 0
uf20-0115 59601 1 2 3 4 5 -6 7 -8 9 10 11 -12 -13 14 -15 16 17 18 -19 20 0
uf20-0115 59345 -1 2 -3 4 -5 -6 7 -8 9 10 11 -12 13 14 15 16 17 18 -19 20 0
uf20-0115 59601 1 2 3 4 5 -6 7 -8 9 10 11 -12 -13 14 -15 16 17 18 -19 20 0
uf20-0115 59601 1 2 3 4 5 -6 7 -8 9 10 11 -12 -13 14 -15 16 17 18 -19 20 0
uf20-0115 59601 1 2 3 4 5 -6 7 -8 9 10 11 -12 -13 14 -15 16 17 18 -19 20 0
uf20-0115 59601 1 2 3 4 5 -6 7 -8 9 10 11 -12 -13 14 -15 16 17 18 -19 20 0
uf20-0115 59601 1 2 3 4 5 -6 7 -8 9 10 11 -12 -13 14 -15 16 17 18 -19 20 0
uf20-0115 59601 1 2 3 4 5 -6 7 -8 9 10 11 -12 -13 14 -15 16 17 18 -19 20 0
uf20-0115 59503 1 2 -3 4 -5 -6 7 -8 9 10 11 -12 13 14 15 16 17 18 -19 20 0
uf20-0115 59601 1 2 3 4 5 -6 7 -8 9 10 11 -12 -13 14 -15 16 17 18 -19 20 0
uf20-0115 59345 -1 2 -3 4 -5 -6 7 -8 9 10 11 -12 13 14 15 16 17 18 -19 20 0
uf20-0115 59601 1 2 3 4 5 -6 7 -8 9 10 11 -12 -13 14 -15 16 17 18 -19 20 0
uf20-0115 59601 1 2 3 4 5 -6 7 -8 9 10 11 -12 -13 14 -15 16 17 18 -19 20 0
uf20-0115 59601 1 2 3 4 5 -6 7 -8 9 10 11 -12 -13 14 -15 16 17 18 -19 20 0
uf20-0115 59443 -1 2 3 4 5 -6 7 -8 9 10 11 -12 -13 14 -15 16 17 18 -19 20 0
uf20-0115 59601 1 2 3 4 5 -6 7 -8 9 10 11 -12 -13 14 -15 16 17 18 -19 20 0
uf20-0115 59601 1 2 3 4 5 -6 7 -8 9 10 11 -12 -13 14 -15 16 17 18 -19 20 0
uf20-0115 59601 1 2 3 4 5 -6 7 -8 9 10 11 -12 -13 14 -15 16 17 18 -19 20 0
uf20-0115 59503 1 2 -3 4 -5 -6 7 -8 9 10 11 -12 13 14 15 16 17 18 -19 20 0
uf20-0115 59601 1 2 3 4 5 -6 7 -8 9 10 11 -12 -13 14 -15 16 17 18 -19 20 0
uf20-0115 59601 1 2 3 4 5 -6 7 -8 9 10 11 -12 -13 14 -15 16 17 18 -19 20 0
uf20-0115 59601 1 2 3 4 5 -6 7 -8 9 10 11 -12 -13 14 -15 16 17 18 -19 20 0
uf20-0115 59601 1 2 3 4 5 -6 7 -8 9 10 11 -12 -13 14 -15 16 17 18 -19 20 0
uf20-0115 59601 1 2 3 4 5 -6 7 -8 9 10 11 -12 -13 14 -15 16 17 18 -19 20 0
uf20-0115 59601 1 2 3 4 5 -6 7 -8 9 10 11 -12 -13 14 -15 16 17 18 -19 20 0
uf20-0115 59601 1 2 3 4 5 -6 7 -8 9 10 11 -12 -13 14 -15 16 17 18 -19 20 0
uf20-0115 59601 1 2 3 4 5 -6 7 -8 9 10 11 -12 -13 14 -15 16 17 18 -19 20 0
uf20-0115 59601 1 2 3 4 5 -6 7 -8 9 10 11 -12 -13 14 -15 16 17 18 -19 20 0
uf20-0115 59601 1 2 3 4 5 -6 7 -8 9 10 11 -12 -13 14 -15 16 17 18 -19 20 0
uf20-0115 56747 1 2 -3 4 5 -6 -7 -8 9 10 11 -12 13 14 15 16 17 18 -19 20 0
uf20-0115 59503 1 2 -3 4 -5 -6 7 -8 9 10 11 -12 13 14 15 16 17 18 -19 20 0
uf20-0115 59601 1 2 3 4 5 -6 7 -8 9 10 11 -12 -13 14 -15 16 17 18 -19 20 0
uf20-0115 59601 1 2 3 4 5 -6 7 -8 9 10 11 -12 -13 14 -15 16 17 18 -19 20 0
uf20-0115 59601 1 2 3 4 5 -6 7 -8 9 10 11 -12 -13 14 -15 16 17 18 -19 20 0
uf20-0115 59345 -1 2 -3 4 -5 -6 7 -8 9 10 11 -12 13 14 15 16 17 18 -19 20 0
uf20-0115 59601 1 2 3 4 5 -6 7 -8 9 10 11 -12 -13 14 -15 16 17 18 -19 20 0
uf20-0115 59601 1 2 3 4 5 -6 7 -8 9 10 11 -12 -13 14 -15 16 17 18 -19 20 0
uf20-0115 59601 1 2 3 4 5 -6 7 -8 9 10 11 -12 -13 14 -15 16 17 18 -19 20 0
uf20-0115 59601 1 2 3 4 5 -6 7 -8 9 10 11 -12 -13 14 -15 16 17 18 -19 20 0
uf20-0115 59601 1 2 3 4 5 -6 7 -8 9 10 11 -12 -13 14 -15 16 17 18 -19 20 0
uf20-0115 59443 -1 2 3 4 5 -6 7 -8 9 10 11 -12 -13 14 -15 16 17 18 -19 20 0
uf20-0115 59601 1 2 3 4 5 -6 7 -8 9 10 11 -12 -13 14 -15 16 17 18 -19 20 0
uf20-0562 62638 1 -2 3 4 -5 6 7 -8 -9 -10 11 12 13 14 15 16 17 18 -19 20 0
uf20-0562 59975 1 -2 3 4 -5 6 7 8 -9 10 11 -12 13 14 15 16 17 18 19 -20 0
uf20-0562 62638 1 -2 3 4 -5 6 7 -8 -9 -10 11 12 13 14 15 16 17 18 -19 20 0
uf20-0562 61946 -1 2 3 4 -5 6 7 -8 -9 -10 11 12 13 14 15 16 17 18 -19 20 0
uf20-0562 62638 1 -2 3 4 -5 6 7 -8 -9 -10 11 12 13 14 15 16 17 18 -19 20 0
uf20-0562 62638 1 -2 3 4 -5 6 7 -8 -9 -10 11 12 13 14 15 16 17 18 -19 20 0
uf20-0562 61946 -1 2 3 4 -5 6 7 -8 -9 -10 11 12 13 14 15 16 17 18 -19 20 0
uf20-0562 62638 1 -2 3 4 -5 6 7 -8 -9 -10 11 12 13 14 15 16 17 18 -19 20 0
uf20-0562 61946 -1 2 3 4 -5 6 7 -8 -9 -10 11 12 13 14 15 16 17 18 -19 20 0
uf20-0562 61946 -1 2 3 4 -5 6 7 -8 -9 -10 11 12 13 14 15 16 17 18 -19 20 0
uf20-0562 59283 -1 2 3 4 -5 6 7 8 -9 10 11 -12 13 14 15 16 17 18 19 -20 0
uf20-0562 61946 -1 2 3 4 -5 6 7 -8 -9 -10 11 12 13 14 15 16 17 18 -19 20 0
uf20-0562 62638 1 -2 3 4 -5 6 7 -8 -9 -10 11 12 13 14 15 16 17 18 -19 20 0
uf20-0562 62638 1 -2 3 4 -5 6 7 -8 -9 -10 11 12 13 14 15 16 17 18 -19 20 0
uf20-0562 62638 1 -2 3 4 -5 6 7 -8 -9 -10 11 12 13 14 15 16 17 18 -19 20 0
uf20-0562 61946 -1 2 3 4 -5 6 7 -8 -9 -10 11 12 13 14 15 16 17 18 -19 20 0
uf20-0562 61946 -1 2 3 4 -5 6 7 -8 -9 -10 11 12 13 14 15 16 17 18 -19 20 0
uf20-0562 59975 1 -2 3 4 -5 6 7 8 -9 10 11 -12 13 14 15 16 17 18 19 -20 0
uf20-0562 62638 1 -2 3 4 -5 6 7 -8 -9 -10 11 12 13 14 15 16 17 18 -19 20 0
uf20-0562 62638 1 -2 3 4 -5 6 7 -8 -9 -10 11 12 13 14 15 16 17 18 -19 20 0
uf20-0562 62638 1 -2 3 4 -5 6 7 -8 -9 -10 11 12 13 14 15 16 17 18 -19 20 0
uf20-0562 62638 1 -2 3 4 -5 6 7 -8 -9 -10 11 12 13 14 15 16 17 18 -19 20 0
uf20-0562 62638 1 -2 3 4 -5 6 7 -8 -9 -10 11 12 13 14 15 16 17 18 -19 20 0
uf20-0562 62638 1 -2 3 4 -5 6 7 -8 -9 -10 11 12 13 14 15 16 17 18 -19 20 0
uf20-0562 61946 -1 2 3 4 -5 6 7 -8 -9 -10 11 12 13 14 15 16 17 18 -19 20 0
uf20-0562 61946 -1 2 3 4 -5 6 7 -8 -9 -10 11 12 13 14 15 16 17 18 -19 20 0
uf20-0562 62638 1 -2 3 4 -5 6 7 -8 -9 -10 11 12 13 14 15 16 17 18 -19 20 0
uf20-0562 59975 1 -2 3 4 -5 6 7 8 -9 10 11 -12 13 14 15 16 17 18 19 -20 0
uf20-0562 62638 1 -2 3 4 -5 6 7 -8 -9 -10 11 12 13 14 15 16 17 18 -19 20 0
uf20-0562 62638 1 -2 3 4 -5 6 7 -8 -9 -10 11 12 13 14 15 16 17 18 -19 20 0
uf20-0562 59975 1 -2 3 4 -5 6 7 8 -9 10 11 -12 13 14 15 16 17 18 19 -20 0
uf20-0562 61946 -1 2 3 4 -5 6 7 -8 -9 -10 11 12 13 14 15 16 17 18 -19 20 0
uf20-0562 61946 -1 2 3 4 -5 6 7 -8 -9 -10 11 12 13 14 15 16 17 18 -19 20 0
uf20-0562 62638 1 -2 3 4 -5 6 7 -8 -9 -10 11 12 13 14 15 16 17 18 -19 20 0
uf20-0562 62638 1 -2 3 4 -5 6 7 -8 -9 -10 11 12 13 14 15 16 17 18 -19 20 0
uf20-0562 58269 1 2 -3 4 -5 6 7 -8 -9 -10 11 12 13 14 15 16 17 18 -19 20 0
uf20-0562 61946 -1 2 3 4 -5 6 7 -8 -9 -10 11 12 13 14 15 16 17 18 -19 20 0
uf20-0562 62638 1 -2 3 4 -5 6 7 -8 -9 -10 11 12 13 14 15 16 17 18 -19 20 0
uf20-0562 59975 1 -2 3 4 -5 6 7 8 -9 10 11 -12 13 14 15 16 17 18 19 -20 0
uf20-0562 61946 -1 2 3 4 -5 6 7 -8 -9 -10 11 12 13 14 15 16 17 18 -19 20 0
uf20-0562 62638 1 -2 3 4 -5 6 7 -8 -9 -10 11 12 13 14 15 16 17 18 -19 20 0
uf20-0562 62638 1 -2 3 4 -5 6 7 -8 -9 -10 11 12 13 14 15 16 17 18 -19 20 0
uf20-0562 61946 -1 2 3 4 -5 6 7 -8 -9 -10 11 12 13 14 15 16 17 18 -19 20 0
uf20-0562 62638 1 -2 3 4 -5 6 7 -8 -9 -10 11 12 13 14 15 16 17 18 -19 20 0
uf20-0562 59975 1 -2 3 4 -5 6 7 8 -9 10 11 -12 13 14 15 16 17 18 19 -20 0
uf20-0562 62638 1 -2 3 4 -5 6 7 -8 -9 -10 11 12 13 14 15 16 17 18 -19 20 0
uf20-0562 62638 1 -2 3 4 -5 6 7 -8 -9 -10 11 12 13 14 15 16 17 18 -19 20 0
uf20-0562 62638 1 -2 3 4 -5 6 7 -8 -9 -10 11 12 13 14 15 16 17 18 -19 20 0
uf20-0562 62638 1 -2 3 4 -5 6 7 -8 -9 -10 11 12 13 14 15 16 17 18 -19 20 0
uf20-0562 62638 1 -2 3 4 -5 6 7 -8 -9 -10 11 12 13 14 15 16 17 18 -19 20 0
uf20-0974 61519 1 2 3 4 5 6 -7 -8 9 10 -11 -12 13 14 15 -16 17 18 19 20 0
uf20-0974 61519 1 2 3 4 5 6 -7 -8 9 10 -11 -12 13 14 15 -16 17 18 19 20 0
uf20-0974 61519 1 2 3 4 5 6 -7 -8 9 10 -11 -12 13 14 15 -16 17 18 19 20 0
uf20-0974 61519 1 2 3 4 5 6 -7 -8 9 10 -11 -12 13 14 15 -16 17 18 19 20 0
uf20-0974 61014 1 2 3 -4 5 6 7 8 -9 -10 -11 12 13 -14 15 16 17 18 19 20 0
uf20-0974 61519 1 2 3 4 5 6 -7 -8 9 10 -11 -12 13 14 15 -16 17 18 19 20 0
uf20-0974 61519 1 2 3 4 5 6 -7 -8 9 10 -11 -12 13 14 15 -16 17 18 19 20 0
uf20-0974 61519 1 2 3 4 5 6 -7 -8 9 10 -11 -12 13 14 15 -16 17 18 19 20 0
uf20-0974 61519 1 2 3 4 5 6 -7 -8 9 10 -11 -12 13 14 15 -16 17 18 19 20 0
uf20-0974 61519 1 2 3 4 5 6 -7 -8 9 10 -11 -12 13 14 15 -16 17 18 19 20 0
uf20-0974 61519 1 2 3 4 5 6 -7 -8 9 10 -11 -12 13 14 15 -16 17 18 19 20 0
uf20-0974 61519 1 2 3 4 5 6 -7 -8 9 10 -11 -12 13 14 15 -16 17 18 19 20 0
uf20-0974 61519 1 2 3 4 5 6 -7 -8 9 10 -11 -12 13 14 15 -16 17 18 19 20 0
uf20-0974 61519 1 2 3 4 5 6 -7 -8 9 10 -11 -12 13 14 15 -16 17 18 19 20 0
uf20-0974 61519 1 2 3 4 5 6 -7 -8 9 10 -11 -12 13 14 15 -16 17 18 19 20 0
uf20-0974 61519 1 2 3 4 5 6 -7 -8 9 10 -11 -12 13 14 15 -16 17 18 19 20 0
uf20-0974 61519 1 2 3 4 5 6 -7 -8 9 10 -11 -12 13 14 15 -16 17 18 19 20 0
uf20-0974 61519 1 2 3 4 5 6 -7 -8 9 10 -11 -12 13 14 15 -16 17 18 19 20 0
uf20-0974 61519 1 2 3 4 5 6 -7 -8 9 10 -11 -12 13 14 15 -16 17 18 19 20 0
uf20-0974 61519 1 2 3 4 5 6 -7 -8 9 10 -11 -12 13 14 15 -16 17 18 19 20 0
uf20-0974 61519 1 2 3 4 5 6 -7 -8 9 10 -11 -12 13 14 15 -16 17 18 19 20 0
uf20-0974 61519 1 2 3 4 5 6 -7 -8 9 10 -11 -12 13 14 15 -16 17 18 19 20 0
uf20-0974 61519 1 2 3 4 5 6 -7 -8 9 10 -11 -12 13 14 15 -16 17 18 19 20 0
uf20-0974 61519 1 2 3 4 5 6 -7 -8 9 10 -11 -12 13 14 15 -16 17 18 19 20 0
uf20-0974 61519 1 2 3 4 5 6 -7 -8 9 10 -11 -12 13 14 15 -16 17 18 19 20 0
uf20-0974 61519 1 2 3 4 5 6 -7 -8 9 10 -11 -12 13 14 15 -16 17 18 19 20 0
uf20-0974 61519 1 2 3 4 5 6 -7 -8 9 10 -11 -12 13 14 15 -16 17 18 19 20 0
uf20-0974 61519 1 2 3 4 5 6 -7 -8 9 10 -11 -12 13 14 15 -16 17 18 19 20 0
uf20-0974 61519 1 2 3 4 5 6 -7 -8 9 10 -11 -12 13 14 15 -16 17 18 19 20 0
uf20-0974 61519 1 2 3 4 5 6 -7 -8 9 10 -11 -12 13 14 15 -16 17 18 19 20 0
uf20-0974 61519 1 2 3 4 5 6 -7 -8 9 10 -11 -12 13 14 15 -16 17 18 19 20 0
uf20-0974 61519 1 2 3 4 5 6 -7 -8 9 10 -11 -12 13 14 15 -16 17 18 19 20 0
uf20-0974 61519 1 2 3 4 5 6 -7 -8 9 10 -11 -12 13 14 15 -16 17 18 19 20 0
uf20-0974 61519 1 2 3 4 5 6 -7 -8 9 10 -11 -12 13 14 15 -16 17 18 19 20 0
uf20-0974 61519 1 2 3 4 5 6 -7 -8 9 10 -11 -12 13 14 15 -16 17 18 19 20 0
uf20-0974 61519 1 2 3 4 5 6 -7 -8 9 10 -11 -12 13 14 15 -16 17 18 19 20 0
uf20-0974 61519 1 2 3 4 5 6 -7 -8 9 10 -11 -12 13 14 15 -16 17 18 19 20 0
uf20-0974 61519 1 2 3 4 5 6 -7 -8 9 10 -11 -12 13 14 15 -16 17 18 19 20 0
uf20-0974 61519 1 2 3 4 5 6 -7 -8 9 10 -11 -12 13 14 15 -16 17 18 19 20 0
uf20-0974 61519 1 2 3 4 5 6 -7 -8 9 10 -11 -12 13 14 15 -16 17 18 19 20 0
uf20-0974 61519 1 2 3 4 5 6 -7 -8 9 10 -11 -12 13 14 15 -16 17 18 19 20 0
uf20-0974 61519 1 2 3 4 5 6 -7 -8 9 10 -11 -12 13 14 15 -16 17 18 19 20 0
uf20-0974 61519 1 2 3 4 5 6 -7 -8 9 10 -11 -12 13 14 15 -16 17 18 19 20 0
uf20-0974 61519 1 2 3 4 5 6 -7 -8 9 10 -11 -12 13 14 15 -16 17 18 19 20 0
uf20-0974 61519 1 2 3 4 5 6 -7 -8 9 10 -11 -12 13 14 15 -16 17 18 19 20 0
uf20-0974 61519 1 2 3 4 5 6 -7 -8 9 10 -11 -12 13 14 15 -16 17 18 19 20 0
uf20-0974 61519 1 2 3 4 5 6 -7 -8 9 10 -11 -12 13 14 15 -16 17 18 19 20 0
uf20-0974 61519 1 2 3 4 5 6 -7 -8 9 10 -11 -12 13 14 15 -16 17 18 19 20 0
uf20-0974 61519 1 2 3 4 5 6 -7 -8 9 10 -11 -12 13 14 15 -16 17 18 19 20 0
uf20-0974 61519 1 2 3 4 5 6 -7 -8 9 10 -11 -12 13 14 15 -16 17 18 19 20 0
uf20-082 72726 1 2 3 -4 5 6 7 8 -9 10 11 12 -13 14 15 16 -17 -18 19 20 0
uf20-082 72726 1 2 3 -4 5 6 7 8 -9 10 11 12 -13 14 15 16 -17 -18 19 20 0
uf20-082 68458 1 2 3 -4 5 6 7 8 -9 10 11 12 -13 -14 -15 16 17 18 19 20 0
uf20-082 72726 1 2 3 -4 5 6 7 8 -9 10 11 12 -13 14 15 16 -17 -18 19 20 0
uf20-082 72726 1 2 3 -4 5 6 7 8 -9 10 11 12 -13 14 15 16 -17 -18 19 20 0
uf20-082 72726 1 2 3 -4 5 6 7 8 -9 10 11 12 -13 14 15 16 -17 -18 19 20 0
uf20-082 72726 1 2 3 -4 5 6 7 8 -9 10 11 12 -13 14 15 16 -17 -18 19 20 0
uf20-082 72726 1 2 3 -4 5 6 7 8 -9 10 11 12 -13 14 15 16 -17 -18 19 20 0
uf20-082 72726 1 2 3 -4 5 6 7 8 -9 10 11 12 -13 14 15 16 -17 -18 19 20 0
uf20-082 72726 1 2 3 -4 5 6 7 8 -9 10 11 12 -13 14 15 16 -17 -18 19 20 0
uf20-082 72726 1 2 3 -4 5 6 7 8 -9 10 11 12 -13 14 15 16 -17 -18 19 20 0
uf20-082 68458 1 2 3 -4 5 6 7 8 -9 10 11 12 -13 -14 -15 16 17 18 19 20 0
uf20-082 72726 1 2 3 -4 5 6 7 8 -9 10 11 12 -13 14 15 16 -17 -18 19 20 0
uf20-082 72726 1 2 3 -4 5 6 7 8 -9 10 11 12 -13 14 15 16 -17 -18 19 20 0
uf20-082 67979 1 2 3 -4 5 6 7 8 -9 10 11 12 -13 14 15 -16 -17 -18 19 20 0
uf20-082 68458 1 2 3 -4 5 6 7 8 -9 10 11 12 -13 -14 -15 16 17 18 19 20 0
uf20-082 72726 1 2 3 -4 5 6 7 8 -9 10 11 12 -13 14 15 16 -17 -18 19 20 0
uf20-082 72726 1 2 3 -4 5 6 7 8 -9 10 11 12 -13 14 15 16 -17 -18 19 20 0
uf20-082 72726 1 2 3 -4 5 6 7 8 -9 10 11 12 -13 14 15 16 -17 -18 19 20 0
uf20-082 72726 1 2 3 -4 5 6 7 8 -9 10 11 12 -13 14 15 16 -17 -18 19 20 0
uf20-082 72726 1 2 3 -4 5 6 7 8 -9 10 11 12 -13 14 15 16 -17 -18 19 20 0
uf20-082 72726 1 2 3 -4 5 6 7 8 -9 10 11 12 -13 14 15 16 -17 -18 19 20 0
uf20-082 72726 1 2 3 -4 5 6 7 8 -9 10 11 12 -13 14 15 16 -17 -18 19 20 0
uf20-082 72726 1 2 3 -4 5 6 7 8 -9 10 11 12 -13 14 15 16 -17 -18 19 20 0
uf20-082 68458 1 2 3 -4 5 6 7 8 -9 10 11 12 -13 -14 -15 16 17 18 19 20 0
uf20-082 72726 1 2 3 -4 5 6 7 8 -9 10 11 12 -13 14 15 16 -17 -18 19 20 0
uf20-082 68458 1 2 3 -4 5 6 7 8 -9 10 11 12 -13 -14 -15 16 17 18 19 20 0
uf20-082 72726 1 2 3 -4 5 6 7 8 -9 10 11 12 -13 14 15 16 -17 -18 19 20 0
uf20-082 72726 1 2 3 -4 5 6 7 8 -9 10 11 12 -13 14 15 16 -17 -18 19 20 0
uf20-082 72726 1 2 3 -4 5 6 7 8 -9 10 11 12 -13 14 15 16 -17 -18 19 20 0
uf20-082 72726 1 2 3 -4 5 6 7 8 -9 10 11 12 -13 14 15 16 -17 -18 19 20 0
uf20-082 72726 1 2 3 -4 5 6 7 8 -9 10 11 12 -13 14 15 16 -17 -18 19 20 0
uf20-082 72726 1 2 3 -4 5 6 7 8 -9 10 11 12 -13 14 15 16 -17 -18 19 20 0
uf20-082 72726 1 2 3 -4 5 6 7 8 -9 10 11 12 -13 14 15 16 -17 -18 19 20 0
uf20-082 72726 1 2 3 -4 5 6 7 8 -9 10 11 12 -13 14 15 16 -17 -18 19 20 0
uf20-082 72726 1 2 3 -4 5 6 7 8 -9 10 11 12 -13 14 15 16 -17 -18 19 20 0
uf20-082 72726 1 2 3 -4 5 6 7 8 -9 10 11 12 -13 14 15 16 -17 -18 19 20 0
uf20-082 72726 1 2 3 -4 5 6 7 8 -9 10 11 12 -13 14 15 16 -17 -18 19 20 0
uf20-082 72726 1 2 3 -4 5 6 7 8 -9 10 11 12 -13 14 15 16 -17 -18 19 20 0
uf20-082 72726 1 2 3 -4 5 6 7 8 -9 10 11 12 -13 14 15 16 -17 -18 19 20 0
uf20-082 72726 1 2 3 -4 5 6 7 8 -9 10 11 12 -13 14 15 16 -17 -18 19 20 0
uf20-082 72726 1 2 3 -4 5 6 7 8 -9 10 11 12 -13 14 15 16 -17 -18 19 20 0
uf20-082 72726 1 2 3 -4 5 6 7 8 -9 10 11 12 -13 14 15 16 -17 -18 19 20 0
uf20-082 72726 1 2 3 -4 5 6 7 8 -9 10 11 12 -13 14 15 16 -17 -18 19 20 0
uf20-082 72726 1 2 3 -4 5 6 7 8 -9 10 11 12 -13 14 15 16 -17 -18 19 20 0
uf20-082 72726 1 2 3 -4 5 6 7 8 -9 10 11 12 -13 14 15 16 -17 -18 19 20 0
uf20-082 72726 1 2 3 -4 5 6 7 8 -9 10 11 12 -13 14 15 16 -17 -18 19 20 0
uf20-082 72726 1 2 3 -4 5 6 7 8 -9 10 11 12 -13 14 15 16 -17 -18 19 20 0
uf20-082 72726 1 2 3 -4 5 6 7 8 -9 10 11 12 -13 14 15 16 -17 -18 19 20 0
uf20-082 72726 1 2 3 -4 5 6 7 8 -9 10 11 12 -13 14 15 16 -17 -18 19 20 0
uf20-0316 57897 1 2 -3 -4 -5 6 7 -8 9 -10 11 12 13 -14 15 16 17 18 -19 -20 0
uf20-0316 57897 1 2 -3 -4 -5 6 7 -8 9 -10 11 12 13 -14 15 16 17 18 -19 -20 0
uf20-0316 57897 1 2 -3 -4 -5 6 7 -8 9 -10 11 12 13 -14 15 16 17 18 -19 -20 0
uf20-0316 57897 1 2 -3 -4 -5 6 7 -8 9 -10 11 12 13 -14 15 16 17 18 -19 -20 0
uf20-0316 57839 1 2 3 -4 -5 -6 -7 8 -9 10 11 12 13 -14 -15 16 17 -18 19 20 0
uf20-0316 57839 1 2 3 -4 -5 -6 -7 8 -9 10 11 12 13 -14 -15 16 17 -18 19 20 0
uf20-0316 57897 1 2 -3 -4 -5 6 7 -8 9 -10 11 12 13 -14 15 16 17 18 -19 -20 0
uf20-0316 57897 1 2 -3 -4 -5 6 7 -8 9 -10 11 12 13 -14 15 16 17 18 -19 -20 0
uf20-0316 57897 1 2 -3 -4 -5 6 7 -8 9 -10 11 12 13 -14 15 16 17 18 -19 -20 0
uf20-0316 57839 1 2 3 -4 -5 -6 -7 8 -9 10 11 12 13 -14 -15 16 17 -18 19 20 0
uf20-0316 57082 1 2 3 -4 -5 -6 -7 8 9 10 11 12 13 14 -15 16 17 -18 -19 20 0
uf20-0316 56951 1 -2 3 -4 5 6 -7 8 9 -10 -11 12 13 14 -15 16 17 -18 -19 20 0
uf20-0316 57897 1 2 -3 -4 -5 6 7 -8 9 -10 11 12 13 -14 15 16 17 18 -19 -20 0
uf20-0316 57082 1 2 3 -4 -5 -6 -7 8 9 10 11 12 13 14 -15 16 17 -18 -19 20 0
uf20-0316 57897 1 2 -3 -4 -5 6 7 -8 9 -10 11 12 13 -14 15 16 17 18 -19 -20 0
uf20-0316 57897 1 2 -3 -4 -5 6 7 -8 9 -10 11 12 13 -14 15 16 17 18 -19 -20 0
uf20-0316 57897 1 2 -3 -4 -5 6 7 -8 9 -10 11 12 13 -14 15 16 17 18 -19 -20 0
uf20-0316 57897 1 2 -3 -4 -5 6 7 -8 9 -10 11 12 13 -14 15 16 17 18 -19 -20 0
uf20-0316 57082 1 2 3 -4 -5 -6 -7 8 9 10 11 12 13 14 -15 16 17 -18 -19 20 0
uf20-0316 57897 1 2 -3 -4 -5 6 7 -8 9 -10 11 12 13 -14 15 16 17 18 -19 -20 0
uf20-0316 55949 1 2 -3 -4 5 6 -7 8 9 -10 -11 12 13 14 -15 16 17 -18 -19 20 0
uf20-0316 57082 1 2 3 -4 -5 -6 -7 8 9 10 11 12 13 14 -15 16 17 -18 -19 20 0
uf20-0316 57526 -1 2 -3 -4 5 -6 -7 8 9 10 -11 12 13 14 -15 16 17 -18 19 20 0
uf20-0316 57839 1 2 3 -4 -5 -6 -7 8 -9 10 11 12 13 -14 -15 16 17 -18 19 20 0
uf20-0316 57897 1 2 -3 -4 -5 6 7 -8 9 -10 11 12 13 -14 15 16 17 18 -19 -20 0
uf20-0316 57897 1 2 -3 -4 -5 6 7 -8 9 -10 11 12 13 -14 15 16 17 18 -19 -20 0
uf20-0316 57839 1 2 3 -4 -5 -6 -7 8 -9 10 11 12 13 -14 -15 16 17 -18 19 20 0
uf20-0316 57897 1 2 -3 -4 -5 6 7 -8 9 -10 11 12 13 -14 15 16 17 18 -19 -20 0
uf20-0316 57082 1 2 3 -4 -5 -6 -7 8 9 10 11 12 13 14 -15 16 17 -18 -19 20 0
uf20-0316 57839 1 2 3 -4 -5 -6 -7 8 -9 10 11 12 13 -14 -15 16 17 -18 19 20 0
uf20-0316 57897 1 2 -3 -4 -5 6 7 -8 9 -10 11 12 13 -14 15 16 17 18 -19 -20 0
uf20-0316 57082 1 2 3 -4 -5 -6 -7 8 9 10 11 12 13 14 -15 16 17 -18 -19 20 0
uf20-0316 55716 1 -2 3 -4 -5 -6 7 8 -9 10 -11 12 13 14 -15 16 17 -18 19 -20 0
uf20-0316 55949 1 2 -3 -4 5 6 -7 8 9 -10 -11 12 13 14 -15 16 17 -18 -19 20 0
uf20-0316 57897 1 2 -3 -4 -5 6 7 -8 9 -10 11 12 13 -14 15 16 17 18 -19 -20 0
uf20-0316 57839 1 2 3 -4 -5 -6 -7 8 -9 10 11 12 13 -14 -15 16 17 -18 19 20 0
uf20-0316 57897 1 2 -3 -4 -5 6 7 -8 9 -10 11 12 13 -14 15 16 17 18 -19 -20 0
uf20-0316 57897 1 2 -3 -4 -5 6 7 -8 9 -10 11 12 13 -14 15 16 17 18 -19 -20 0
uf20-0316 57897 1 2 -3 -4 -5 6 7 -8 9 -10 11 12 13 -14 15 16 17 18 -19 -20 0
uf20-0316 57897 1 2 -3 -4 -5 6 7 -8 9 -10 11 12 13 -14 15 16 17 18 -19 -20 0
uf20-0316 57082 1 2 3 -4 -5 -6 -7 8 9 10 11 12 13 14 -15 16 17 -18 -19 20 0
uf20-0316 57897 1 2 -3 -4 -5 6 7 -8 9 -10 11 12 13 -14 15 16 17 18 -19 -20 0
uf20-0316 57526 -1 2 -3 -4 5 -6 -7 8 9 10 -11 12 13 14 -15 16 17 -18 19 20 0
uf20-0316 57897 1 2 -3 -4 -5 6 7 -8 9 -10 11 12 13 -14 15 16 17 18 -19 -20 0
uf20-0316 57897 1 2 -3 -4 -5 6 7 -8 9 -10 11 12 13 -14 15 16 17 18 -19 -20 0
uf20-0316 57897 1 2 -3 -4 -5 6 7 -8 9 -10 11 12 13 -14 15 16 17 18 -19 -20 0
uf20-0316 57897 1 2 -3 -4 -5 6 7 -8 9 -10 11 12 13 -14 15 16 17 18 -19 -20 0
uf20-0316 57839 1 2 3 -4 -5 -6 -7 8 -9 10 11 12 13 -14 -15 16 17 -18 19 20 0
uf20-0316 57839 1 2 3 -4 -5 -6 -7 8 -9 10 11 12 13 -14 -15 16 17 -18 19 20 0
uf20-0316 57526 -1 2 -3 -4 5 -6 -7 8 9 10 -11 12 13 14 -15 16 17 -18 19 20 0
uf20-0211 59483 1 2 3 4 5 6 7 8 -9 -10 11 12 13 -14 15 16 17 -18 19 20 0
uf20-0211 59483 1 2 3 4 5 6 7 8 -9 -10 11 12 13 -14 15 16 17 -18 19 20 0
uf20-0211 59483 1 2 3 4 5 6 7 8 -9 -10 11 12 13 -14 15 16 17 -18 19 20 0
uf20-0211 59483 1 2 3 4 5 6 7 8 -9 -10 11 12 13 -14 15 16 17 -18 19 20 0
uf20-0211 59483 1 2 3 4 5 6 7 8 -9 -10 11 12 13 -14 15 16 17 -18 19 20 0
uf20-0211 59483 1 2 3 4 5 6 7 8 -9 -10 11 12 13 -14 15 16 17 -18 19 20 0
uf20-0211 59483 1 2 3 4 5 6 7 8 -9 -10 11 12 13 -14 15 16 17 -18 19 20 0
uf20-0211 59483 1 2 3 4 5 6 7 8 -9 -10 11 12 13 -14 15 16 17 -18 19 20 0
uf20-0211 58935 1 2 3 4 5 6 7 8 -9 -10 11 12 13 -14 15 16 17 18 19 -20 0
uf20-0211 58935 1 2 3 4 5 6 7 8 -9 -10 11 12 13 -14 15 16 17 18 19 -20 0
uf20-0211 59483 1 2 3 4 5 6 7 8 -9 -10 11 12 13 -14 15 16 17 -18 19 20 0
uf20-0211 58935 1 2 3 4 5 6 7 8 -9 -10 11 12 13 -14 15 16 17 18 19 -20 0
uf20-0211 59483 1 2 3 4 5 6 7 8 -9 -10 11 12 13 -14 15 16 17 -18 19 20 0
uf20-0211 59483 1 2 3 4 5 6 7 8 -9 -10 11 12 13 -14 15 16 17 -18 19 20 0
uf20-0211 59483 1 2 3 4 5 6 7 8 -9 -10 11 12 13 -14 15 16 17 -18 19 20 0
uf20-0211 59483 1 2 3 4 5 6 7 8 -9 -10 11 12 13 -14 15 16 17 -18 19 20 0
uf20-0211 59483 1 2 3 4 5 6 7 8 -9 -10 11 12 13 -14 15 16 17 -18 19 20 0
uf20-0211 59483 1 2 3 4 5 6 7 8 -9 -10 11 12 13 -14 15 16 17 -18 19 20 0
uf20-0211 58935 1 2 3 4 5 6 7 8 -9 -10 11 12 13 -14 15 16 17 18 19 -20 0
uf20-0211 59483 1 2 3 4 5 6 7 8 -9 -10 11 12 13 -14 15 16 17 -18 19 20 0
uf20-0211 59483 1 2 3 4 5 6 7 8 -9 -10 11 12 13 -14 15 16 17 -18 19 20 0
uf20-0211 59483 1 2 3 4 5 6 7 8 -9 -10 11 12 13 -14 15 16 17 -18 19 20 0
uf20-0211 59483 1 2 3 4 5 6 7 8 -9 -10 11 12 13 -14 15 16 17 -18 19 20 0
uf20-0211 59483 1 2 3 4 5 6 7 8 -9 -10 11 12 13 -14 15 16 17 -18 19 20 0
uf20-0211 59483 1 2 3 4 5 6 7 8 -9 -10 11 12 13 -14 15 16 17 -18 19 20 0
uf20-0211 58935 1 2 3 4 5 6 7 8 -9 -10 11 12 13 -14 15 16 17 18 19 -20 0
uf20-0211 59483 1 2 3 4 5 6 7 8 -9 -10 11 12 13 -14 15 16 17 -18 19 20 0
uf20-0211 59483 1 2 3 4 5 6 7 8 -9 -10 11 12 13 -14 15 16 17 -18 19 20 0
uf20-0211 59483 1 2 3 4 5 6 7 8 -9 -10 11 12 13 -14 15 16 17 -18 19 20 0
uf20-0211 59483 1 2 3 4 5 6 7 8 -9 -10 11 12 13 -14 15 16 17 -18 19 20 0
uf20-0211 59483 1 2 3 4 5 6 7 8 -9 -10 11 12 13 -14 15 16 17 -18 19 20 0
uf20-0211 59483 1 2 3 4 5 6 7 8 -9 -10 11 12 13 -14 15 16 17 -18 19 20 0
uf20-0211 59483 1 2 3 4 5 6 7 8 -9 -10 11 12 13 -14 15 16 17 -18 19 20 0
uf20-0211 59483 1 2 3 4 5 6 7 8 -9 -10 11 12 13 -14 15 16 17 -18 19 20 0
uf20-0211 58420 1 2 3 4 5 6 7 8 -9 -10 11 12 13 -14 -15 16 17 18 19 20 0
uf20-0211 58935 1 2 3 4 5 6 7 8 -9 -10 11 12 13 -14 15 16 17 18 19 -20 0
uf20-0211 59483 1 2 3 4 5 6 7 8 -9 -10 11 12 13 -14 15 16 17 -18 19 20 0
uf20-0211 59483 1 2 3 4 5 6 7 8 -9 -10 11 12 13 -14 15 16 17 -18 19 20 0
uf20-0211 58935 1 2 3 4 5 6 7 8 -9 -10 11 12 13 -14 15 16 17 18 19 -20 0
uf20-0211 59483 1 2 3 4 5 6 7 8 -9 -10 11 12 13 -14 15 16 17 -18 19 20 0
uf20-0211 59483 1 2 3 4 5 6 7 8 -9 -10 11 12 13 -14 15 16 17 -18 19 20 0
uf20-0211 59483 1 2 3 4 5 6 7 8 -9 -10 11 12 13 -14 15 16 17 -18 19 20 0
uf20-0211 59483 1 2 3 4 5 6 7 8 -9 -10 11 12 13 -14 15 16 17 -18 19 20 0
uf20-0211 59483 1 2 3 4 5 6 7 8 -9 -10 11 12 13 -14 15 16 17 -18 19 20 0
uf20-0211 59483 1 2 3 4 5 6 7 8 -9 -10 11 12 13 -14 15 16 17 -18 19 20 0
uf20-0211 58935 1 2 3 4 5 6 7 8 -9 -10 11 12 13 -14 15 16 17 18 19 -20 0
uf20-0211 59483 1 2 3 4 5 6 7 8 -9 -10 11 12 13 -14 15 16 17 -18 19 20 0
uf20-0211 59483 1 2 3 4 5 6 7 8 -9 -10 11 12 13 -14 15 16 17 -18 19 20 0
uf20-0211 59483 1 2 3 4 5 6 7 8 -9 -10 11 12 13 -14 15 16 17 -18 19 20 0
uf20-0211 58420 1 2 3 4 5 6 7 8 -9 -10 11 12 13 -14 -15 16 17 18 19 20 0
