uf50-0549 115726 1 2 3 4 -5 6 7 -8 9 -10 -11 12 13 -14 15 -16 -17 18 -19 20 21 -22 -23 -24 25 -26 -27 28 -29 -30 31 32 33 34 35 36 -37 38 -39 -40 41 42 -43 -44 45 46 47 48 49 50 0
uf50-0549 112726 1 2 3 4 5 6 7 -8 9 -10 -11 12 13 -14 15 -16 -17 18 -19 20 21 -22 -23 -24 25 -26 -27 28 -29 -30 31 32 -33 34 35 36 37 -38 -39 -40 41 42 -43 -44 45 46 -47 48 49 50 0
uf50-0549 217 0
uf50-0549 121312 -1 2 3 4 5 6 7 -8 9 10 -11 12 13 -14 15 -16 -17 18 -19 -20 21 -22 -23 -24 25 -26 -27 28 -29 -30 31 32 33 34 35 36 37 38 -39 -40 41 42 43 -44 45 46 47 -48 49 -50 0
uf50-0549 217 0
uf50-0549 216 0
uf50-0549 121037 1 2 3 4 5 6 7 -8 9 -10 -11 12 13 -14 15 -16 -17 18 -19 20 21 -22 -23 -24 25 -26 -27 28 -29 -30 31 32 33 34 35 36 37 -38 -39 -40 41 42 43 -44 45 46 -47 48 49 -50 0
uf50-0549 123337 1 2 3 4 5 6 7 -8 9 10 -11 12 13 -14 15 -16 -17 18 19 -20 21 -22 23 -24 25 -26 -27 28 -29 -30 -31 32 33 34 35 36 37 38 -39 -40 41 42 43 44 45 46 -47 -48 49 -50 0
uf50-0549 119411 1 2 3 4 -5 6 7 -8 9 -10 -11 12 -13 -14 15 -16 -17 18 19 -20 21 -22 -23 -24 25 -26 -27 28 -29 -30 31 32 33 34 35 36 37 38 -39 -40 41 42 43 44 45 46 47 -48 49 -50 0
uf50-0549 116888 1 2 3 4 5 6 7 -8 9 -10 -11 12 -13 -14 -15 -16 -17 18 -19 20 21 -22 -23 -24 25 -26 -27 28 -29 -30 31 32 33 34 35 36 37 -38 -39 -40 41 42 43 -44 45 46 -47 48 49 50 0
uf50-0549 104464 1 2 3 4 5 6 7 -8 9 10 -11 12 13 -14 15 -16 -17 18 19 -20 21 -22 -23 24 25 -26 27 28 -29 30 31 -32 -33 34 -35 36 -37 -38 -39 -40 41 42 -43 44 45 46 -47 -48 49 -50 0
uf50-0549 119058 -1 2 3 4 5 6 7 -8 9 10 -11 12 -13 -14 15 -16 -17 18 19 -20 21 -22 -23 -24 25 -26 -27 28 -29 -30 31 32 33 34 35 36 -37 38 -39 -40 41 42 43 44 45 46 47 -48 49 -50 0
uf50-0549 117284 -1 2 3 4 -5 6 7 -8 9 10 -11 12 13 -14 15 -16 -17 18 -19 -20 21 -22 -23 -24 25 -26 -27 28 -29 -30 31 32 33 34 35 36 -37 38 -39 -40 41 42 43 44 45 46 47 -48 49 -50 0
uf50-0549 121909 1 2 3 4 -5 6 7 -8 9 10 -11 12 -13 -14 15 -16 -17 18 19 -20 21 -22 -23 -24 25 -26 -27 28 -29 -30 31 32 33 34 35 36 37 38 -39 -40 41 42 43 44 45 46 47 -48 49 -50 0
uf50-0549 120828 -1 2 3 4 5 6 7 -8 9 10 -11 12 13 -14 15 -16 -17 18 19 -20 21 -22 -23 -24 25 -26 -27 28 -29 -30 31 32 33 34 35 36 -37 38 -39 -40 41 42 43 44 45 46 47 -48 49 -50 0
uf50-0549 216 0
uf50-0549 216 0
uf50-0549 217 0
uf50-0549 106778 1 2 3 4 -5 6 7 -8 -9 10 -11 12 13 -14 15 -16 -17 18 19 -20 21 -22 23 24 25 -26 -27 28 -29 -30 -31 -32 33 34 35 -36 37 38 -39 -40 41 42 43 44 45 46 -47 -48 49 -50 0
uf50-0549 217 0
uf50-0549 215 0
uf50-0549 216 0
uf50-0549 215 0
uf50-0549 116379 1 2 3 4 5 6 7 8 9 -10 -11 12 -13 -14 15 -16 -17 18 -19 20 21 -22 23 -24 25 -26 -27 28 -29 -30 -31 32 33 34 35 36 -37 -38 -39 -40 41 42 43 -44 45 46 -47 48 49 50 0
uf50-0549 217 0
uf50-0549 216 0
uf50-0549 114715 -1 2 3 4 -5 6 7 -8 9 10 -11 12 13 -14 15 -16 -17 18 -19 -20 21 -22 -23 -24 25 -26 -27 28 -29 -30 31 32 33 34 35 36 37 -38 -39 -40 41 42 43 -44 45 46 -47 -48 49 -50 0
uf50-0549 216 0
uf50-0549 217 0
uf50-0549 101966 1 2 3 4 5 6 7 -8 9 -10 -11 12 13 -14 15 -16 -17 18 19 -20 21 -22 -23 24 25 -26 27 28 -29 30 31 -32 -33 34 -35 36 -37 -38 -39 -40 41 42 -43 44 45 46 -47 -48 49 -50 0
uf50-0549 112874 1 2 3 4 5 6 7 -8 9 -10 -11 12 -13 -14 -15 -16 -17 18 -19 20 21 -22 -23 -24 25 -26 -27 28 -29 -30 31 32 33 34 35 36 -37 38 -39 -40 41 -42 43 -44 45 46 -47 48 49 50 0
uf50-0549 216 0
uf50-0549 120839 1 2 3 4 5 6 7 -8 9 10 -11 12 13 -14 15 -16 -17 18 19 -20 21 -22 23 -24 25 -26 -27 28 -29 -30 -31 32 33 34 35 36 -37 38 -39 -40 41 42 43 44 45 46 -47 -48 49 -50 0
uf50-0549 121672 1 2 3 4 5 6 7 8 9 -10 -11 12 13 -14 15 -16 -17 18 -19 -20 21 -22 -23 -24 25 -26 -27 28 -29 -30 31 32 33 34 35 36 37 38 -39 -40 41 42 43 -44 45 46 -47 -48 49 -50 0
uf50-0549 121181 1 2 3 4 -5 6 7 -8 9 10 -11 12 13 -14 15 -16 -17 18 19 -20 21 -22 -23 -24 25 -26 -27 28 -29 -30 31 32 33 34 35 36 -37 38 -39 -40 41 42 43 44 45 46 47 -48 49 -50 0
uf50-0549 216 0
uf50-0549 216 0
uf50-0549 217 0
uf50-0549 216 0
uf50-0549 118196 1 2 3 4 -5 6 7 -8 9 10 -11 12 13 -14 15 -16 -17 18 19 -20 21 -22 -23 -24 25 -26 -27 28 -29 -30 31 -32 33 34 35 36 37 38 -39 -40 41 42 43 44 45 46 -47 -48 49 -50 0
uf50-0549 119367 1 2 3 4 5 6 7 -8 9 10 -11 12 13 -14 15 -16 -17 18 19 -20 21 -22 -23 -24 25 -26 -27 28 -29 -30 31 32 33 34 -35 36 37 -38 -39 -40 41 42 43 44 45 46 -47 -48 49 -50 0
uf50-0549 116652 -1 2 3 4 -5 6 7 -8 9 10 -11 12 13 -14 15 -16 -17 18 19 -20 21 -22 -23 -24 25 -26 -27 28 -29 -30 31 32 33 34 35 36 -37 38 -39 -40 41 42 43 44 45 46 -47 -48 49 -50 0
uf50-0549 217 0
uf50-0549 119190 1 2 3 4 5 6 7 -8 9 -10 -11 12 -13 -14 15 -16 -17 18 -19 20 21 -22 -23 -24 25 -26 -27 28 -29 -30 31 32 33 34 35 36 -37 38 -39 -40 41 42 43 -44 45 46 -47 48 49 -50 0
uf50-0549 119310 1 2 3 4 5 6 7 8 9 -10 -11 12 -13 -14 15 -16 -17 18 -19 20 21 -22 -23 -24 -25 -26 -27 28 -29 -30 31 32 33 34 35 36 37 38 -39 -40 41 42 43 -44 45 46 -47 48 49 50 0
uf50-0549 217 0
uf50-0549 98594 -1 2 3 4 -5 6 7 -8 9 -10 -11 12 13 -14 15 -16 -17 18 19 -20 21 -22 23 24 25 -26 27 28 -29 30 -31 -32 33 34 -35 36 -37 -38 -39 -40 41 42 -43 44 45 46 -47 -48 49 -50 0
uf50-0549 215 0
uf50-0549 100860 -1 2 3 4 5 6 7 -8 9 10 -11 12 13 -14 15 -16 -17 18 -19 -20 21 -22 23 24 25 -26 27 -28 -29 30 -31 -32 33 34 -35 36 37 -38 -39 -40 41 42 -43 44 45 46 -47 -48 49 -50 0
uf50-0549 118224 1 2 3 4 -5 6 7 -8 9 -10 -11 12 13 -14 15 -16 -17 18 -19 20 21 -22 -23 -24 25 -26 -27 28 -29 -30 31 32 33 34 35 36 37 38 -39 -40 41 42 -43 -44 45 46 47 48 49 50 0
