uf20-0622 40703 -1 -2 -3 4 5 6 -7 8 9 -10 11 12 13 14 15 -16 17 -18 -19 -20 0
uf20-0622 40703 -1 -2 -3 4 5 6 -7 8 9 -10 11 12 13 14 15 -16 17 -18 -19 -20 0
uf20-0622 40703 -1 -2 -3 4 5 6 -7 8 9 -10 11 12 13 14 15 -16 17 -18 -19 -20 0
uf20-0622 38127 -1 -2 -3 4 -5 6 -7 8 9 -10 11 12 13 14 15 -16 17 -18 -19 -20 0
uf20-0622 40703 -1 -2 -3 4 5 6 -7 8 9 -10 11 12 13 14 15 -16 17 -18 -19 -20 0
uf20-0622 40703 -1 -2 -3 4 5 6 -7 8 9 -10 11 12 13 14 15 -16 17 -18 -19 -20 0
uf20-0622 40703 -1 -2 -3 4 5 6 -7 8 9 -10 11 12 13 14 15 -16 17 -18 -19 -20 0
uf20-0622 40703 -1 -2 -3 4 5 6 -7 8 9 -10 11 12 13 14 15 -16 17 -18 -19 -20 0
uf20-0622 40703 -1 -2 -3 4 5 6 -7 8 9 -10 11 12 13 14 15 -16 17 -18 -19 -20 0
uf20-0622 27824 -1 -2 -3 4 -5 6 -7 8 9 -10 11 -12 13 14 15 -16 17 -18 -19 -20 0
uf20-0622 40703 -1 -2 -3 4 5 6 -7 8 9 -10 11 12 13 14 15 -16 17 -18 -19 -20 0
uf20-0622 38127 -1 -2 -3 4 -5 6 -7 8 9 -10 11 12 13 14 15 -16 17 -18 -19 -20 0
uf20-0622 40703 -1 -2 -3 4 5 6 -7 8 9 -10 11 12 13 14 15 -16 17 -18 -19 -20 0
uf20-0622 40703 -1 -2 -3 4 5 6 -7 8 9 -10 11 12 13 14 15 -16 17 -18 -19 -20 0
uf20-0622 38127 -1 -2 -3 4 -5 6 -7 8 9 -10 11 12 13 14 15 -16 17 -18 -19 -20 0
uf20-0622 40703 -1 -2 -3 4 5 6 -7 8 9 -10 11 12 13 14 15 -16 17 -18 -19 -20 0
uf20-0622 40703 -1 -2 -3 4 5 6 -7 8 9 -10 11 12 13 14 15 -16 17 -18 -19 -20 0
uf20-0622 40703 -1 -2 -3 4 5 6 -7 8 9 -10 11 12 13 14 15 -16 17 -18 -19 -20 0
uf20-0622 38127 -1 -2 -3 4 -5 6 -7 8 9 -10 11 12 13 14 15 -16 17 -18 -19 -20 0
uf20-0622 40703 -1 -2 -3 4 5 6 -7 8 9 -10 11 12 13 14 15 -16 17 -18 -19 -20 0
uf20-0622 32461 -1 -2 -3 4 5 6 -7 8 -9 -10 11 12 13 14 15 16 17 -18 -19 -20 0
uf20-0622 32461 -1 -2 -3 4 5 6 -7 8 -9 -10 11 12 13 14 15 16 17 -18 -19 -20 0
uf20-0622 40703 -1 -2 -3 4 5 6 -7 8 9 -10 11 12 13 14 15 -16 17 -18 -19 -20 0
uf20-0622 40703 -1 -2 -3 4 5 6 -7 8 9 -10 11 12 13 14 15 -16 17 -18 -19 -20 0
uf20-0622 40703 -1 -2 -3 4 5 6 -7 8 9 -10 11 12 13 14 15 -16 17 -18 -19 -20 0
uf20-0622 40703 -1 -2 -3 4 5 6 -7 8 9 -10 11 12 13 14 15 -16 17 -18 -19 -20 0
uf20-0622 40703 -1 -2 -3 4 5 6 -7 8 9 -10 11 12 13 14 15 -16 17 -18 -19 -20 0
uf20-0622 40703 -1 -2 -3 4 5 6 -7 8 9 -10 11 12 13 14 15 -16 17 -18 -19 -20 0
uf20-0622 40703 -1 -2 -3 4 5 6 -7 8 9 -10 11 12 13 14 15 -16 17 -18 -19 -20 0
uf20-0622 32461 -1 -2 -3 4 5 6 -7 8 -9 -10 11 -12 13 14 15 16 17 18 -19 -20 0
uf20-0622 40703 -1 -2 -3 4 5 6 -7 8 9 -10 11 12 13 14 15 -16 17 -18 -19 -20 0
uf20-0622 40703 -1 -2 -3 4 5 6 -7 8 9 -10 11 12 13 14 15 -16 17 -18 -19 -20 0
uf20-0622 40703 -1 -2 -3 4 5 6 -7 8 9 -10 11 12 13 14 15 -16 17 -18 -19 -20 0
uf20-0622 40703 -1 -2 -3 4 5 6 -7 8 9 -10 11 12 13 14 15 -16 17 -18 -19 -20 0
uf20-0622 40703 -1 -2 -3 4 5 6 -7 8 9 -10 11 12 13 14 15 -16 17 -18 -19 -20 0
uf20-0622 40703 -1 -2 -3 4 5 6 -7 8 9 -10 11 12 13 14 15 -16 17 -18 -19 -20 0
uf20-0622 40703 -1 -2 -3 4 5 6 -7 8 9 -10 11 12 13 14 15 -16 17 -18 -19 -20 0
uf20-0622 40703 -1 -2 -3 4 5 6 -7 8 9 -10 11 12 13 14 15 -16 17 -18 -19 -20 0
uf20-0622 40703 -1 -2 -3 4 5 6 -7 8 9 -10 11 12 13 14 15 -16 17 -18 -19 -20 0
uf20-0622 40703 -1 -2 -3 4 5 6 -7 8 9 -10 11 12 13 14 15 -16 17 -18 -19 -20 0
uf20-0622 32461 -1 -2 -3 4 5 6 -7 8 -9 -10 11 12 13 14 15 16 17 -18 -19 -20 0
uf20-0622 40703 -1 -2 -3 4 5 6 -7 8 9 -10 11 12 13 14 15 -16 17 -18 -19 -20 0
uf20-0622 40703 -1 -2 -3 4 5 6 -7 8 9 -10 11 12 13 14 15 -16 17 -18 -19 -20 0
uf20-0622 40703 -1 -2 -3 4 5 6 -7 8 9 -10 11 12 13 14 15 -16 17 -18 -19 -20 0
uf20-0622 28855 -1 2 -3 4 5 6 -7 8 -9 -10 11 -12 13 14 15 16 17 -18 -19 -20 0
uf20-0622 40703 -1 -2 -3 4 5 6 -7 8 9 -10 11 12 13 14 15 -16 17 -18 -19 -20 0
uf20-0622 40703 -1 -2 -3 4 5 6 -7 8 9 -10 11 12 13 14 15 -16 17 -18 -19 -20 0
uf20-0622 40703 -1 -2 -3 4 5 6 -7 8 9 -10 11 12 13 14 15 -16 17 -18 -19 -20 0
uf20-0622 40703 -1 -2 -3 4 5 6 -7 8 9 -10 11 12 13 14 15 -16 17 -18 -19 -20 0
uf20-0622 32461 -1 -2 -3 4 5 6 -7 8 -9 -10 11 12 13 14 15 16 17 -18 -19 -20 0
