uf20-0873 58777 1 2 -3 4 5 6 7 -8 9 10 11 -12 13 14 15 16 17 18 19 20 0
uf20-0873 58777 1 2 -3 4 5 6 7 -8 9 10 11 -12 13 14 15 16 17 18 19 20 0
uf20-0873 58777 1 2 -3 4 5 6 7 -8 9 10 11 -12 13 14 15 16 17 18 19 20 0
uf20-0873 58777 1 2 -3 4 5 6 7 -8 9 10 11 -12 13 14 15 16 17 18 19 20 0
uf20-0873 58777 1 2 -3 4 5 6 7 -8 9 10 11 -12 13 14 15 16 17 18 19 20 0
uf20-0873 58777 1 2 -3 4 5 6 7 -8 9 10 11 -12 13 14 15 16 17 18 19 20 0
uf20-0873 58777 1 2 -3 4 5 6 7 -8 9 10 11 -12 13 14 15 16 17 18 19 20 0
uf20-0873 58777 1 2 -3 4 5 6 7 -8 9 10 11 -12 13 14 15 16 17 18 19 20 0
uf20-0873 58777 1 2 -3 4 5 6 7 -8 9 10 11 -12 13 14 15 16 17 18 19 20 0
uf20-0873 58777 1 2 -3 4 5 6 7 -8 9 10 11 -12 13 14 15 16 17 18 19 20 0
uf20-0873 58777 1 2 -3 4 5 6 7 -8 9 10 11 -12 13 14 15 16 17 18 19 20 0
uf20-0873 58777 1 2 -3 4 5 6 7 -8 9 10 11 -12 13 14 15 16 17 18 19 20 0
uf20-0873 58777 1 2 -3 4 5 6 7 -8 9 10 11 -12 13 14 15 16 17 18 19 20 0
uf20-0873 58777 1 2 -3 4 5 6 7 -8 9 10 11 -12 13 14 15 16 17 18 19 20 0
uf20-0873 58777 1 2 -3 4 5 6 7 -8 9 10 11 -12 13 14 15 16 17 18 19 20 0
uf20-0873 58777 1 2 -3 4 5 6 7 -8 9 10 11 -12 13 14 15 16 17 18 19 20 0
uf20-0873 58777 1 2 -3 4 5 6 7 -8 9 10 11 -12 13 14 15 16 17 18 19 20 0
uf20-0873 58777 1 2 -3 4 5 6 7 -8 9 10 11 -12 13 14 15 16 17 18 19 20 0
uf20-0873 58777 1 2 -3 4 5 6 7 -8 9 10 11 -12 13 14 15 16 17 18 19 20 0
uf20-0873 58777 1 2 -3 4 5 6 7 -8 9 10 11 -12 13 14 15 16 17 18 19 20 0
uf20-0873 58777 1 2 -3 4 5 6 7 -8 9 10 11 -12 13 14 15 16 17 18 19 20 0
uf20-0873 58777 1 2 -3 4 5 6 7 -8 9 10 11 -12 13 14 15 16 17 18 19 20 0
uf20-0873 58777 1 2 -3 4 5 6 7 -8 9 10 11 -12 13 14 15 16 17 18 19 20 0
uf20-0873 58777 1 2 -3 4 5 6 7 -8 9 10 11 -12 13 14 15 16 17 18 19 20 0
uf20-0873 58777 1 2 -3 4 5 6 7 -8 9 10 11 -12 13 14 15 16 17 18 19 20 0
uf20-0873 58777 1 2 -3 4 5 6 7 -8 9 10 11 -12 13 14 15 16 17 18 19 20 0
uf20-0873 58777 1 2 -3 4 5 6 7 -8 9 10 11 -12 13 14 15 16 17 18 19 20 0
uf20-0873 58777 1 2 -3 4 5 6 7 -8 9 10 11 -12 13 14 15 16 17 18 19 20 0
uf20-0873 58777 1 2 -3 4 5 6 7 -8 9 10 11 -12 13 14 15 16 17 18 19 20 0
uf20-0873 58777 1 2 -3 4 5 6 7 -8 9 10 11 -12 13 14 15 16 17 18 19 20 0
uf20-0873 58777 1 2 -3 4 5 6 7 -8 9 10 11 -12 13 14 15 16 17 18 19 20 0
uf20-0873 58777 1 2 -3 4 5 6 7 -8 9 10 11 -12 13 14 15 16 17 18 19 20 0
uf20-0873 58777 1 2 -3 4 5 6 7 -8 9 10 11 -12 13 14 15 16 17 18 19 20 0
uf20-0873 58777 1 2 -3 4 5 6 7 -8 9 10 11 -12 13 14 15 16 17 18 19 20 0
uf20-0873 58777 1 2 -3 4 5 6 7 -8 9 10 11 -12 13 14 15 16 17 18 19 20 0
uf20-0873 58777 1 2 -3 4 5 6 7 -8 9 10 11 -12 13 14 15 16 17 18 19 20 0
uf20-0873 58777 1 2 -3 4 5 6 7 -8 9 10 11 -12 13 14 15 16 17 18 19 20 0
uf20-0873 58777 1 2 -3 4 5 6 7 -8 9 10 11 -12 13 14 15 16 17 18 19 20 0
uf20-0873 58777 1 2 -3 4 5 6 7 -8 9 10 11 -12 13 14 15 16 17 18 19 20 0
uf20-0873 58777 1 2 -3 4 5 6 7 -8 9 10 11 -12 13 14 15 16 17 18 19 20 0
uf20-0873 58777 1 2 -3 4 5 6 7 -8 9 10 11 -12 13 14 15 16 17 18 19 20 0
uf20-0873 58777 1 2 -3 4 5 6 7 -8 9 10 11 -12 13 14 15 16 17 18 19 20 0
uf20-0873 58777 1 2 -3 4 5 6 7 -8 9 10 11 -12 13 14 15 16 17 18 19 20 0
uf20-0873 58777 1 2 -3 4 5 6 7 -8 9 10 11 -12 13 14 15 16 17 18 19 20 0
uf20-0873 58777 1 2 -3 4 5 6 7 -8 9 10 11 -12 13 14 15 16 17 18 19 20 0
uf20-0873 58777 1 2 -3 4 5 6 7 -8 9 10 11 -12 13 14 15 16 17 18 19 20 0
uf20-0873 58777 1 2 -3 4 5 6 7 -8 9 10 11 -12 13 14 15 16 17 18 19 20 0
uf20-0873 58777 1 2 -3 4 5 6 7 -8 9 10 11 -12 13 14 15 16 17 18 19 20 0
uf20-0873 58777 1 2 -3 4 5 6 7 -8 9 10 11 -12 13 14 15 16 17 18 19 20 0
uf20-0873 58777 1 2 -3 4 5 6 7 -8 9 10 11 -12 13 14 15 16 17 18 19 20 0
uf20-0674 55047 1 -2 3 4 5 6 7 -8 9 10 11 12 13 14 15 16 -17 -18 -19 -20 0
uf20-0674 55047 1 -2 3 4 5 6 7 -8 9 10 11 12 13 14 15 16 -17 -18 -19 -20 0
uf20-0674 55047 1 -2 3 4 5 6 7 -8 9 10 11 12 13 14 15 16 -17 -18 -19 -20 0
uf20-0674 55047 1 -2 3 4 5 6 7 -8 9 10 11 12 13 14 15 16 -17 -18 -19 -20 0
uf20-0674 55047 1 -2 3 4 5 6 7 -8 9 10 11 12 13 14 15 16 -17 -18 -19 -20 0
uf20-0674 55047 1 -2 3 4 5 6 7 -8 9 10 11 12 13 14 15 16 -17 -18 -19 -20 0
uf20-0674 55047 1 -2 3 4 5 6 7 -8 9 10 11 12 13 14 15 16 -17 -18 -19 -20 0
uf20-0674 55047 1 -2 3 4 5 6 7 -8 9 10 11 12 13 14 15 16 -17 -18 -19 -20 0
uf20-0674 53820 1 -2 3 4 -5 6 7 -8 9 10 -11 12 13 14 15 16 -17 -18 -19 20 0
uf20-0674 55047 1 -2 3 4 5 6 7 -8 9 10 11 12 13 14 15 16 -17 -18 -19 -20 0
uf20-0674 55047 1 -2 3 4 5 6 7 -8 9 10 11 12 13 14 15 16 -17 -18 -19 -20 0
uf20-0674 55047 1 -2 3 4 5 6 7 -8 9 10 11 12 13 14 15 16 -17 -18 -19 -20 0
uf20-0674 55047 1 -2 3 4 5 6 7 -8 9 10 11 12 13 14 15 16 -17 -18 -19 -20 0
uf20-0674 55047 1 -2 3 4 5 6 7 -8 9 10 11 12 13 14 15 16 -17 -18 -19 -20 0
uf20-0674 55047 1 -2 3 4 5 6 7 -8 9 10 11 12 13 14 15 16 -17 -18 -19 -20 0
uf20-0674 55047 1 -2 3 4 5 6 7 -8 9 10 11 12 13 14 15 16 -17 -18 -19 -20 0
uf20-0674 55047 1 -2 3 4 5 6 7 -8 9 10 11 12 13 14 15 16 -17 -18 -19 -20 0
uf20-0674 55047 1 -2 3 4 5 6 7 -8 9 10 11 12 13 14 15 16 -17 -18 -19 -20 0
uf20-0674 55047 1 -2 3 4 5 6 7 -8 9 10 11 12 13 14 15 16 -17 -18 -19 -20 0
uf20-0674 55047 1 -2 3 4 5 6 7 -8 9 10 11 12 13 14 15 16 -17 -18 -19 -20 0
uf20-0674 55047 1 -2 3 4 5 6 7 -8 9 10 11 12 13 14 15 16 -17 -18 -19 -20 0
uf20-0674 55047 1 -2 3 4 5 6 7 -8 9 10 11 12 13 14 15 16 -17 -18 -19 -20 0
uf20-0674 55047 1 -2 3 4 5 6 7 -8 9 10 11 12 13 14 15 16 -17 -18 -19 -20 0
uf20-0674 55047 1 -2 3 4 5 6 7 -8 9 10 11 12 13 14 15 16 -17 -18 -19 -20 0
uf20-0674 55047 1 -2 3 4 5 6 7 -8 9 10 11 12 13 14 15 16 -17 -18 -19 -20 0
uf20-0674 55047 1 -2 3 4 5 6 7 -8 9 10 11 12 13 14 15 16 -17 -18 -19 -20 0
uf20-0674 55047 1 -2 3 4 5 6 7 -8 9 10 11 12 13 14 15 16 -17 -18 -19 -20 0
uf20-0674 53820 1 -2 3 4 -5 6 7 -8 9 10 -11 12 13 14 15 16 -17 -18 -19 20 0
uf20-0674 55047 1 -2 3 4 5 6 7 -8 9 10 11 12 13 14 15 16 -17 -18 -19 -20 0
uf20-0674 55047 1 -2 3 4 5 6 7 -8 9 10 11 12 13 14 15 16 -17 -18 -19 -20 0
uf20-0674 53820 1 -2 3 4 -5 6 7 -8 9 10 -11 12 13 14 15 16 -17 -18 -19 20 0
uf20-0674 53820 1 -2 3 4 -5 6 7 -8 9 10 -11 12 13 14 15 16 -17 -18 -19 20 0
uf20-0674 55047 1 -2 3 4 5 6 7 -8 9 10 11 12 13 14 15 16 -17 -18 -19 -20 0
uf20-0674 55047 1 -2 3 4 5 6 7 -8 9 10 11 12 13 14 15 16 -17 -18 -19 -20 0
uf20-0674 53820 1 -2 3 4 -5 6 7 -8 9 10 -11 12 13 14 15 16 -17 -18 -19 20 0
uf20-0674 55047 1 -2 3 4 5 6 7 -8 9 10 11 12 13 14 15 16 -17 -18 -19 -20 0
uf20-0674 53820 1 -2 3 4 -5 6 7 -8 9 10 -11 12 13 14 15 16 -17 -18 -19 20 0
uf20-0674 55047 1 -2 3 4 5 6 7 -8 9 10 11 12 13 14 15 16 -17 -18 -19 -20 0
uf20-0674 55047 1 -2 3 4 5 6 7 -8 9 10 11 12 13 14 15 16 -17 -18 -19 -20 0
uf20-0674 55047 1 -2 3 4 5 6 7 -8 9 10 11 12 13 14 15 16 -17 -18 -19 -20 0
uf20-0674 53820 1 -2 3 4 -5 6 7 -8 9 10 -11 12 13 14 15 16 -17 -18 -19 20 0
uf20-0674 55047 1 -2 3 4 5 6 7 -8 9 10 11 12 13 14 15 16 -17 -18 -19 -20 0
uf20-0674 55047 1 -2 3 4 5 6 7 -8 9 10 11 12 13 14 15 16 -17 -18 -19 -20 0
uf20-0674 55047 1 -2 3 4 5 6 7 -8 9 10 11 12 13 14 15 16 -17 -18 -19 -20 0
uf20-0674 55047 1 -2 3 4 5 6 7 -8 9 10 11 12 13 14 15 16 -17 -18 -19 -20 0
uf20-0674 53820 1 -2 3 4 -5 6 7 -8 9 10 -11 12 13 14 15 16 -17 -18 -19 20 0
uf20-0674 55047 1 -2 3 4 5 6 7 -8 9 10 11 12 13 14 15 16 -17 -18 -19 -20 0
uf20-0674 55047 1 -2 3 4 5 6 7 -8 9 10 11 12 13 14 15 16 -17 -18 -19 -20 0
uf20-0674 55047 1 -2 3 4 5 6 7 -8 9 10 11 12 13 14 15 16 -17 -18 -19 -20 0
uf20-0674 53820 1 -2 3 4 -5 6 7 -8 9 10 -11 12 13 14 15 16 -17 -18 -19 20 0
uf20-0738 72061 -1 2 3 4 -5 6 7 8 9 10 11 -12 13 -14 -15 16 17 18 19 20 0
uf20-0738 72061 -1 2 3 4 -5 6 7 8 9 10 11 -12 13 -14 -15 16 17 18 19 20 0
uf20-0738 72061 -1 2 3 4 -5 6 7 8 9 10 11 -12 13 -14 -15 16 17 18 19 20 0
uf20-0738 72061 -1 2 3 4 -5 6 7 8 9 10 11 -12 13 -14 -15 16 17 18 19 20 0
uf20-0738 72061 -1 2 3 4 -5 6 7 8 9 10 11 -12 13 -14 -15 16 17 18 19 20 0
uf20-0738 72061 -1 2 3 4 -5 6 7 8 9 10 11 -12 13 -14 -15 16 17 18 19 20 0
uf20-0738 72061 -1 2 3 4 -5 6 7 8 9 10 11 -12 13 -14 -15 16 17 18 19 20 0
uf20-0738 72061 -1 2 3 4 -5 6 7 8 9 10 11 -12 13 -14 -15 16 17 18 19 20 0
uf20-0738 72061 -1 2 3 4 -5 6 7 8 9 10 11 -12 13 -14 -15 16 17 18 19 20 0
uf20-0738 72061 -1 2 3 4 -5 6 7 8 9 10 11 -12 13 -14 -15 16 17 18 19 20 0
uf20-0738 72061 -1 2 3 4 -5 6 7 8 9 10 11 -12 13 -14 -15 16 17 18 19 20 0
uf20-0738 72061 -1 2 3 4 -5 6 7 8 9 10 11 -12 13 -14 -15 16 17 18 19 20 0
uf20-0738 72061 -1 2 3 4 -5 6 7 8 9 10 11 -12 13 -14 -15 16 17 18 19 20 0
uf20-0738 72061 -1 2 3 4 -5 6 7 8 9 10 11 -12 13 -14 -15 16 17 18 19 20 0
uf20-0738 72061 -1 2 3 4 -5 6 7 8 9 10 11 -12 13 -14 -15 16 17 18 19 20 0
uf20-0738 72061 -1 2 3 4 -5 6 7 8 9 10 11 -12 13 -14 -15 16 17 18 19 20 0
uf20-0738 72061 -1 2 3 4 -5 6 7 8 9 10 11 -12 13 -14 -15 16 17 18 19 20 0
uf20-0738 72061 -1 2 3 4 -5 6 7 8 9 10 11 -12 13 -14 -15 16 17 18 19 20 0
uf20-0738 72061 -1 2 3 4 -5 6 7 8 9 10 11 -12 13 -14 -15 16 17 18 19 20 0
uf20-0738 72061 -1 2 3 4 -5 6 7 8 9 10 11 -12 13 -14 -15 16 17 18 19 20 0
uf20-0738 72061 -1 2 3 4 -5 6 7 8 9 10 11 -12 13 -14 -15 16 17 18 19 20 0
uf20-0738 72061 -1 2 3 4 -5 6 7 8 9 10 11 -12 13 -14 -15 16 17 18 19 20 0
uf20-0738 72061 -1 2 3 4 -5 6 7 8 9 10 11 -12 13 -14 -15 16 17 18 19 20 0
uf20-0738 72061 -1 2 3 4 -5 6 7 8 9 10 11 -12 13 -14 -15 16 17 18 19 20 0
uf20-0738 72061 -1 2 3 4 -5 6 7 8 9 10 11 -12 13 -14 -15 16 17 18 19 20 0
uf20-0738 72061 -1 2 3 4 -5 6 7 8 9 10 11 -12 13 -14 -15 16 17 18 19 20 0
uf20-0738 72061 -1 2 3 4 -5 6 7 8 9 10 11 -12 13 -14 -15 16 17 18 19 20 0
uf20-0738 72061 -1 2 3 4 -5 6 7 8 9 10 11 -12 13 -14 -15 16 17 18 19 20 0
uf20-0738 72061 -1 2 3 4 -5 6 7 8 9 10 11 -12 13 -14 -15 16 17 18 19 20 0
uf20-0738 72061 -1 2 3 4 -5 6 7 8 9 10 11 -12 13 -14 -15 16 17 18 19 20 0
uf20-0738 72061 -1 2 3 4 -5 6 7 8 9 10 11 -12 13 -14 -15 16 17 18 19 20 0
uf20-0738 72061 -1 2 3 4 -5 6 7 8 9 10 11 -12 13 -14 -15 16 17 18 19 20 0
uf20-0738 72061 -1 2 3 4 -5 6 7 8 9 10 11 -12 13 -14 -15 16 17 18 19 20 0
uf20-0738 72061 -1 2 3 4 -5 6 7 8 9 10 11 -12 13 -14 -15 16 17 18 19 20 0
uf20-0738 72061 -1 2 3 4 -5 6 7 8 9 10 11 -12 13 -14 -15 16 17 18 19 20 0
uf20-0738 72061 -1 2 3 4 -5 6 7 8 9 10 11 -12 13 -14 -15 16 17 18 19 20 0
uf20-0738 72061 -1 2 3 4 -5 6 7 8 9 10 11 -12 13 -14 -15 16 17 18 19 20 0
uf20-0738 72061 -1 2 3 4 -5 6 7 8 9 10 11 -12 13 -14 -15 16 17 18 19 20 0
uf20-0738 72061 -1 2 3 4 -5 6 7 8 9 10 11 -12 13 -14 -15 16 17 18 19 20 0
uf20-0738 72061 -1 2 3 4 -5 6 7 8 9 10 11 -12 13 -14 -15 16 17 18 19 20 0
uf20-0738 72061 -1 2 3 4 -5 6 7 8 9 10 11 -12 13 -14 -15 16 17 18 19 20 0
uf20-0738 72061 -1 2 3 4 -5 6 7 8 9 10 11 -12 13 -14 -15 16 17 18 19 20 0
uf20-0738 72061 -1 2 3 4 -5 6 7 8 9 10 11 -12 13 -14 -15 16 17 18 19 20 0
uf20-0738 72061 -1 2 3 4 -5 6 7 8 9 10 11 -12 13 -14 -15 16 17 18 19 20 0
uf20-0738 72061 -1 2 3 4 -5 6 7 8 9 10 11 -12 13 -14 -15 16 17 18 19 20 0
uf20-0738 72061 -1 2 3 4 -5 6 7 8 9 10 11 -12 13 -14 -15 16 17 18 19 20 0
uf20-0738 72061 -1 2 3 4 -5 6 7 8 9 10 11 -12 13 -14 -15 16 17 18 19 20 0
uf20-0738 72061 -1 2 3 4 -5 6 7 8 9 10 11 -12 13 -14 -15 16 17 18 19 20 0
uf20-0738 72061 -1 2 3 4 -5 6 7 8 9 10 11 -12 13 -14 -15 16 17 18 19 20 0
uf20-0738 72061 -1 2 3 4 -5 6 7 8 9 10 11 -12 13 -14 -15 16 17 18 19 20 0
uf20-0434 57878 1 2 -3 4 -5 6 7 8 -9 10 11 12 13 14 15 -16 17 18 19 20 0
uf20-0434 57878 1 2 -3 4 -5 6 7 8 -9 10 11 12 13 14 15 -16 17 18 19 20 0
uf20-0434 57878 1 2 -3 4 -5 6 7 8 -9 10 11 12 13 14 15 -16 17 18 19 20 0
uf20-0434 57878 1 2 -3 4 -5 6 7 8 -9 10 11 12 13 14 15 -16 17 18 19 20 0
uf20-0434 57878 1 2 -3 4 -5 6 7 8 -9 10 11 12 13 14 15 -16 17 18 19 20 0
uf20-0434 57878 1 2 -3 4 -5 6 7 8 -9 10 11 12 13 14 15 -16 17 18 19 20 0
uf20-0434 57001 1 2 -3 4 -5 6 7 8 -9 10 11 12 13 14 15 16 17 18 -19 20 0
uf20-0434 57878 1 2 -3 4 -5 6 7 8 -9 10 11 12 13 14 15 -16 17 18 19 20 0
uf20-0434 57878 1 2 -3 4 -5 6 7 8 -9 10 11 12 13 14 15 -16 17 18 19 20 0
uf20-0434 57001 1 2 -3 4 -5 6 7 8 -9 10 11 12 13 14 15 16 17 18 -19 20 0
uf20-0434 57878 1 2 -3 4 -5 6 7 8 -9 10 11 12 13 14 15 -16 17 18 19 20 0
uf20-0434 57878 1 2 -3 4 -5 6 7 8 -9 10 11 12 13 14 15 -16 17 18 19 20 0
uf20-0434 57878 1 2 -3 4 -5 6 7 8 -9 10 11 12 13 14 15 -16 17 18 19 20 0
uf20-0434 57878 1 2 -3 4 -5 6 7 8 -9 10 11 12 13 14 15 -16 17 18 19 20 0
uf20-0434 57878 1 2 -3 4 -5 6 7 8 -9 10 11 12 13 14 15 -16 17 18 19 20 0
uf20-0434 57878 1 2 -3 4 -5 6 7 8 -9 10 11 12 13 14 15 -16 17 18 19 20 0
uf20-0434 57878 1 2 -3 4 -5 6 7 8 -9 10 11 12 13 14 15 -16 17 18 19 20 0
uf20-0434 57001 1 2 -3 4 -5 6 7 8 -9 10 11 12 13 14 15 16 17 18 -19 20 0
uf20-0434 57878 1 2 -3 4 -5 6 7 8 -9 10 11 12 13 14 15 -16 17 18 19 20 0
uf20-0434 55236 1 2 3 4 5 6 7 -8 -9 10 11 12 -13 14 15 -16 17 -18 19 20 0
uf20-0434 57878 1 2 -3 4 -5 6 7 8 -9 10 11 12 13 14 15 -16 17 18 19 20 0
uf20-0434 57878 1 2 -3 4 -5 6 7 8 -9 10 11 12 13 14 15 -16 17 18 19 20 0
uf20-0434 57878 1 2 -3 4 -5 6 7 8 -9 10 11 12 13 14 15 -16 17 18 19 20 0
uf20-0434 57878 1 2 -3 4 -5 6 7 8 -9 10 11 12 13 14 15 -16 17 18 19 20 0
uf20-0434 57878 1 2 -3 4 -5 6 7 8 -9 10 11 12 13 14 15 -16 17 18 19 20 0
uf20-0434 57001 1 2 -3 4 -5 6 7 8 -9 10 11 12 13 14 15 16 17 18 -19 20 0
uf20-0434 57878 1 2 -3 4 -5 6 7 8 -9 10 11 12 13 14 15 -16 17 18 19 20 0
uf20-0434 57878 1 2 -3 4 -5 6 7 8 -9 10 11 12 13 14 15 -16 17 18 19 20 0
uf20-0434 57878 1 2 -3 4 -5 6 7 8 -9 10 11 12 13 14 15 -16 17 18 19 20 0
uf20-0434 57878 1 2 -3 4 -5 6 7 8 -9 10 11 12 13 14 15 -16 17 18 19 20 0
uf20-0434 57878 1 2 -3 4 -5 6 7 8 -9 10 11 12 13 14 15 -16 17 18 19 20 0
uf20-0434 57878 1 2 -3 4 -5 6 7 8 -9 10 11 12 13 14 15 -16 17 18 19 20 0
uf20-0434 57001 1 2 -3 4 -5 6 7 8 -9 10 11 12 13 14 15 16 17 18 -19 20 0
uf20-0434 57878 1 2 -3 4 -5 6 7 8 -9 10 11 12 13 14 15 -16 17 18 19 20 0
uf20-0434 57878 1 2 -3 4 -5 6 7 8 -9 10 11 12 13 14 15 -16 17 18 19 20 0
uf20-0434 57878 1 2 -3 4 -5 6 7 8 -9 10 11 12 13 14 15 -16 17 18 19 20 0
uf20-0434 57878 1 2 -3 4 -5 6 7 8 -9 10 11 12 13 14 15 -16 17 18 19 20 0
uf20-0434 57878 1 2 -3 4 -5 6 7 8 -9 10 11 12 13 14 15 -16 17 18 19 20 0
uf20-0434 57878 1 2 -3 4 -5 6 7 8 -9 10 11 12 13 14 15 -16 17 18 19 20 0
uf20-0434 57878 1 2 -3 4 -5 6 7 8 -9 10 11 12 13 14 15 -16 17 18 19 20 0
uf20-0434 57878 1 2 -3 4 -5 6 7 8 -9 10 11 12 13 14 15 -16 17 18 19 20 0
uf20-0434 57878 1 2 -3 4 -5 6 7 8 -9 10 11 12 13 14 15 -16 17 18 19 20 0
uf20-0434 55236 1 2 3 4 5 6 7 -8 -9 10 11 12 -13 14 15 -16 17 -18 19 20 0
uf20-0434 57878 1 2 -3 4 -5 6 7 8 -9 10 11 12 13 14 15 -16 17 18 19 20 0
uf20-0434 57878 1 2 -3 4 -5 6 7 8 -9 10 11 12 13 14 15 -16 17 18 19 20 0
uf20-0434 57878 1 2 -3 4 -5 6 7 8 -9 10 11 12 13 14 15 -16 17 18 19 20 0
uf20-0434 57878 1 2 -3 4 -5 6 7 8 -9 10 11 12 13 14 15 -16 17 18 19 20 0
uf20-0434 57001 1 2 -3 4 -5 6 7 8 -9 10 11 12 13 14 15 16 17 18 -19 20 0
uf20-0434 57878 1 2 -3 4 -5 6 7 8 -9 10 11 12 13 14 15 -16 17 18 19 20 0
uf20-0434 57001 1 2 -3 4 -5 6 7 8 -9 10 11 12 13 14 15 16 17 18 -19 20 0
uf20-0115 59601 1 2 3 4 5 -6 7 -8 9 10 11 -12 -13 14 -15 16 17 18 -19 20 0
uf20-0115 59601 1 2 3 4 5 -6 7 -8 9 10 11 -12 -13 14 -15 16 17 18 -19 20 0
uf20-0115 59601 1 2 3 4 5 -6 7 -8 9 10 11 -12 -13 14 -15 16 17 18 -19 20 0
uf20-0115 59601 1 2 3 4 5 -6 7 -8 9 10 11 -12 -13 14 -15 16 17 18 -19 20 0
uf20-0115 59601 1 2 3 4 5 -6 7 -8 9 10 11 -12 -13 14 -15 16 17 18 -19 20 0
uf20-0115 59601 1 2 3 4 5 -6 7 -8 9 10 11 -12 -13 14 -15 16 17 18 -19 20 0
uf20-0115 59601 1 2 3 4 5 -6 7 -8 9 10 11 -12 -13 14 -15 16 17 18 -19 20 0
uf20-0115 59601 1 2 3 4 5 -6 7 -8 9 10 11 -12 -13 14 -15 16 17 18 -19 20 0
uf20-0115 59601 1 2 3 4 5 -6 7 -8 9 10 11 -12 -13 14 -15 16 17 18 -19 20 0
uf20-0115 59601 1 2 3 4 5 -6 7 -8 9 10 11 -12 -13 14 -15 16 17 18 -19 20 0
uf20-0115 59601 1 2 3 4 5 -6 7 -8 9 10 11 -12 -13 14 -15 16 17 18 -19 20 0
uf20-0115 59601 1 2 3 4 5 -6 7 -8 9 10 11 -12 -13 14 -15 16 17 18 -19 20 0
uf20-0115 59601 1 2 3 4 5 -6 7 -8 9 10 11 -12 -13 14 -15 16 17 18 -19 20 0
uf20-0115 59601 1 2 3 4 5 -6 7 -8 9 10 11 -12 -13 14 -15 16 17 18 -19 20 0
uf20-0115 59601 1 2 3 4 5 -6 7 -8 9 10 11 -12 -13 14 -15 16 17 18 -19 20 0
uf20-0115 59601 1 2 3 4 5 -6 7 -8 9 10 11 -12 -13 14 -15 16 17 18 -19 20 0
uf20-0115 59601 1 2 3 4 5 -6 7 -8 9 10 11 -12 -13 14 -15 16 17 18 -19 20 0
uf20-0115 59601 1 2 3 4 5 -6 7 -8 9 10 11 -12 -13 14 -15 16 17 18 -19 20 0
uf20-0115 59601 1 2 3 4 5 -6 7 -8 9 10 11 -12 -13 14 -15 16 17 18 -19 20 0
uf20-0115 59601 1 2 3 4 5 -6 7 -8 9 10 11 -12 -13 14 -15 16 17 18 -19 20 0
uf20-0115 59601 1 2 3 4 5 -6 7 -8 9 10 11 -12 -13 14 -15 16 17 18 -19 20 0
uf20-0115 59601 1 2 3 4 5 -6 7 -8 9 10 11 -12 -13 14 -15 16 17 18 -19 20 0
uf20-0115 59601 1 2 3 4 5 -6 7 -8 9 10 11 -12 -13 14 -15 16 17 18 -19 20 0
uf20-0115 59601 1 2 3 4 5 -6 7 -8 9 10 11 -12 -13 14 -15 16 17 18 -19 20 0
uf20-0115 59601 1 2 3 4 5 -6 7 -8 9 10 11 -12 -13 14 -15 16 17 18 -19 20 0
uf20-0115 59601 1 2 3 4 5 -6 7 -8 9 10 11 -12 -13 14 -15 16 17 18 -19 20 0
uf20-0115 59601 1 2 3 4 5 -6 7 -8 9 10 11 -12 -13 14 -15 16 17 18 -19 20 0
uf20-0115 59601 1 2 3 4 5 -6 7 -8 9 10 11 -12 -13 14 -15 16 17 18 -19 20 0
uf20-0115 59601 1 2 3 4 5 -6 7 -8 9 10 11 -12 -13 14 -15 16 17 18 -19 20 0
uf20-0115 59601 1 2 3 4 5 -6 7 -8 9 10 11 -12 -13 14 -15 16 17 18 -19 20 0
uf20-0115 59601 1 2 3 4 5 -6 7 -8 9 10 11 -12 -13 14 -15 16 17 18 -19 20 0
uf20-0115 59601 1 2 3 4 5 -6 7 -8 9 10 11 -12 -13 14 -15 16 17 18 -19 20 0
uf20-0115 59601 1 2 3 4 5 -6 7 -8 9 10 11 -12 -13 14 -15 16 17 18 -19 20 0
uf20-0115 59601 1 2 3 4 5 -6 7 -8 9 10 11 -12 -13 14 -15 16 17 18 -19 20 0
uf20-0115 59601 1 2 3 4 5 -6 7 -8 9 10 11 -12 -13 14 -15 16 17 18 -19 20 0
uf20-0115 59601 1 2 3 4 5 -6 7 -8 9 10 11 -12 -13 14 -15 16 17 18 -19 20 0
uf20-0115 59601 1 2 3 4 5 -6 7 -8 9 10 11 -12 -13 14 -15 16 17 18 -19 20 0
uf20-0115 59601 1 2 3 4 5 -6 7 -8 9 10 11 -12 -13 14 -15 16 17 18 -19 20 0
uf20-0115 59601 1 2 3 4 5 -6 7 -8 9 10 11 -12 -13 14 -15 16 17 18 -19 20 0
uf20-0115 59601 1 2 3 4 5 -6 7 -8 9 10 11 -12 -13 14 -15 16 17 18 -19 20 0
uf20-0115 59601 1 2 3 4 5 -6 7 -8 9 10 11 -12 -13 14 -15 16 17 18 -19 20 0
uf20-0115 59601 1 2 3 4 5 -6 7 -8 9 10 11 -12 -13 14 -15 16 17 18 -19 20 0
uf20-0115 59601 1 2 3 4 5 -6 7 -8 9 10 11 -12 -13 14 -15 16 17 18 -19 20 0
uf20-0115 59601 1 2 3 4 5 -6 7 -8 9 10 11 -12 -13 14 -15 16 17 18 -19 20 0
uf20-0115 59601 1 2 3 4 5 -6 7 -8 9 10 11 -12 -13 14 -15 16 17 18 -19 20 0
uf20-0115 59601 1 2 3 4 5 -6 7 -8 9 10 11 -12 -13 14 -15 16 17 18 -19 20 0
uf20-0115 59601 1 2 3 4 5 -6 7 -8 9 10 11 -12 -13 14 -15 16 17 18 -19 20 0
uf20-0115 59601 1 2 3 4 5 -6 7 -8 9 10 11 -12 -13 14 -15 16 17 18 -19 20 0
uf20-0115 59601 1 2 3 4 5 -6 7 -8 9 10 11 -12 -13 14 -15 16 17 18 -19 20 0
uf20-0115 59601 1 2 3 4 5 -6 7 -8 9 10 11 -12 -13 14 -15 16 17 18 -19 20 0
uf20-0562 62638 1 -2 3 4 -5 6 7 -8 -9 -10 11 12 13 14 15 16 17 18 -19 20 0
uf20-0562 62638 1 -2 3 4 -5 6 7 -8 -9 -10 11 12 13 14 15 16 17 18 -19 20 0
uf20-0562 62638 1 -2 3 4 -5 6 7 -8 -9 -10 11 12 13 14 15 16 17 18 -19 20 0
uf20-0562 62638 1 -2 3 4 -5 6 7 -8 -9 -10 11 12 13 14 15 16 17 18 -19 20 0
uf20-0562 62638 1 -2 3 4 -5 6 7 -8 -9 -10 11 12 13 14 15 16 17 18 -19 20 0
uf20-0562 62638 1 -2 3 4 -5 6 7 -8 -9 -10 11 12 13 14 15 16 17 18 -19 20 0
uf20-0562 62638 1 -2 3 4 -5 6 7 -8 -9 -10 11 12 13 14 15 16 17 18 -19 20 0
uf20-0562 62638 1 -2 3 4 -5 6 7 -8 -9 -10 11 12 13 14 15 16 17 18 -19 20 0
uf20-0562 62638 1 -2 3 4 -5 6 7 -8 -9 -10 11 12 13 14 15 16 17 18 -19 20 0
uf20-0562 62638 1 -2 3 4 -5 6 7 -8 -9 -10 11 12 13 14 15 16 17 18 -19 20 0
uf20-0562 62638 1 -2 3 4 -5 6 7 -8 -9 -10 11 12 13 14 15 16 17 18 -19 20 0
uf20-0562 62638 1 -2 3 4 -5 6 7 -8 -9 -10 11 12 13 14 15 16 17 18 -19 20 0
uf20-0562 62638 1 -2 3 4 -5 6 7 -8 -9 -10 11 12 13 14 15 16 17 18 -19 20 0
uf20-0562 62638 1 -2 3 4 -5 6 7 -8 -9 -10 11 12 13 14 15 16 17 18 -19 20 0
uf20-0562 62638 1 -2 3 4 -5 6 7 -8 -9 -10 11 12 13 14 15 16 17 18 -19 20 0
uf20-0562 62638 1 -2 3 4 -5 6 7 -8 -9 -10 11 12 13 14 15 16 17 18 -19 20 0
uf20-0562 62638 1 -2 3 4 -5 6 7 -8 -9 -10 11 12 13 14 15 16 17 18 -19 20 0
uf20-0562 62638 1 -2 3 4 -5 6 7 -8 -9 -10 11 12 13 14 15 16 17 18 -19 20 0
uf20-0562 62638 1 -2 3 4 -5 6 7 -8 -9 -10 11 12 13 14 15 16 17 18 -19 20 0
uf20-0562 62638 1 -2 3 4 -5 6 7 -8 -9 -10 11 12 13 14 15 16 17 18 -19 20 0
uf20-0562 62638 1 -2 3 4 -5 6 7 -8 -9 -10 11 12 13 14 15 16 17 18 -19 20 0
uf20-0562 62638 1 -2 3 4 -5 6 7 -8 -9 -10 11 12 13 14 15 16 17 18 -19 20 0
uf20-0562 62638 1 -2 3 4 -5 6 7 -8 -9 -10 11 12 13 14 15 16 17 18 -19 20 0
uf20-0562 62638 1 -2 3 4 -5 6 7 -8 -9 -10 11 12 13 14 15 16 17 18 -19 20 0
uf20-0562 62638 1 -2 3 4 -5 6 7 -8 -9 -10 11 12 13 14 15 16 17 18 -19 20 0
uf20-0562 62638 1 -2 3 4 -5 6 7 -8 -9 -10 11 12 13 14 15 16 17 18 -19 20 0
uf20-0562 62638 1 -2 3 4 -5 6 7 -8 -9 -10 11 12 13 14 15 16 17 18 -19 20 0
uf20-0562 62638 1 -2 3 4 -5 6 7 -8 -9 -10 11 12 13 14 15 16 17 18 -19 20 0
uf20-0562 62638 1 -2 3 4 -5 6 7 -8 -9 -10 11 12 13 14 15 16 17 18 -19 20 0
uf20-0562 62638 1 -2 3 4 -5 6 7 -8 -9 -10 11 12 13 14 15 16 17 18 -19 20 0
uf20-0562 62638 1 -2 3 4 -5 6 7 -8 -9 -10 11 12 13 14 15 16 17 18 -19 20 0
uf20-0562 62638 1 -2 3 4 -5 6 7 -8 -9 -10 11 12 13 14 15 16 17 18 -19 20 0
uf20-0562 62638 1 -2 3 4 -5 6 7 -8 -9 -10 11 12 13 14 15 16 17 18 -19 20 0
uf20-0562 62638 1 -2 3 4 -5 6 7 -8 -9 -10 11 12 13 14 15 16 17 18 -19 20 0
uf20-0562 62638 1 -2 3 4 -5 6 7 -8 -9 -10 11 12 13 14 15 16 17 18 -19 20 0
uf20-0562 62638 1 -2 3 4 -5 6 7 -8 -9 -10 11 12 13 14 15 16 17 18 -19 20 0
uf20-0562 62638 1 -2 3 4 -5 6 7 -8 -9 -10 11 12 13 14 15 16 17 18 -19 20 0
uf20-0562 62638 1 -2 3 4 -5 6 7 -8 -9 -10 11 12 13 14 15 16 17 18 -19 20 0
uf20-0562 62638 1 -2 3 4 -5 6 7 -8 -9 -10 11 12 13 14 15 16 17 18 -19 20 0
uf20-0562 62638 1 -2 3 4 -5 6 7 -8 -9 -10 11 12 13 14 15 16 17 18 -19 20 0
uf20-0562 62638 1 -2 3 4 -5 6 7 -8 -9 -10 11 12 13 14 15 16 17 18 -19 20 0
uf20-0562 62638 1 -2 3 4 -5 6 7 -8 -9 -10 11 12 13 14 15 16 17 18 -19 20 0
uf20-0562 62638 1 -2 3 4 -5 6 7 -8 -9 -10 11 12 13 14 15 16 17 18 -19 20 0
uf20-0562 62638 1 -2 3 4 -5 6 7 -8 -9 -10 11 12 13 14 15 16 17 18 -19 20 0
uf20-0562 62638 1 -2 3 4 -5 6 7 -8 -9 -10 11 12 13 14 15 16 17 18 -19 20 0
uf20-0562 62638 1 -2 3 4 -5 6 7 -8 -9 -10 11 12 13 14 15 16 17 18 -19 20 0
uf20-0562 62638 1 -2 3 4 -5 6 7 -8 -9 -10 11 12 13 14 15 16 17 18 -19 20 0
uf20-0562 62638 1 -2 3 4 -5 6 7 -8 -9 -10 11 12 13 14 15 16 17 18 -19 20 0
uf20-0562 62638 1 -2 3 4 -5 6 7 -8 -9 -10 11 12 13 14 15 16 17 18 -19 20 0
uf20-0562 62638 1 -2 3 4 -5 6 7 -8 -9 -10 11 12 13 14 15 16 17 18 -19 20 0
uf20-0974 61519 1 2 3 4 5 6 -7 -8 9 10 -11 -12 13 14 15 -16 17 18 19 20 0
uf20-0974 61519 1 2 3 4 5 6 -7 -8 9 10 -11 -12 13 14 15 -16 17 18 19 20 0
uf20-0974 61519 1 2 3 4 5 6 -7 -8 9 10 -11 -12 13 14 15 -16 17 18 19 20 0
uf20-0974 61519 1 2 3 4 5 6 -7 -8 9 10 -11 -12 13 14 15 -16 17 18 19 20 0
uf20-0974 61519 1 2 3 4 5 6 -7 -8 9 10 -11 -12 13 14 15 -16 17 18 19 20 0
uf20-0974 61519 1 2 3 4 5 6 -7 -8 9 10 -11 -12 13 14 15 -16 17 18 19 20 0
uf20-0974 61519 1 2 3 4 5 6 -7 -8 9 10 -11 -12 13 14 15 -16 17 18 19 20 0
uf20-0974 61519 1 2 3 4 5 6 -7 -8 9 10 -11 -12 13 14 15 -16 17 18 19 20 0
uf20-0974 61519 1 2 3 4 5 6 -7 -8 9 10 -11 -12 13 14 15 -16 17 18 19 20 0
uf20-0974 61519 1 2 3 4 5 6 -7 -8 9 10 -11 -12 13 14 15 -16 17 18 19 20 0
uf20-0974 61519 1 2 3 4 5 6 -7 -8 9 10 -11 -12 13 14 15 -16 17 18 19 20 0
uf20-0974 61519 1 2 3 4 5 6 -7 -8 9 10 -11 -12 13 14 15 -16 17 18 19 20 0
uf20-0974 61519 1 2 3 4 5 6 -7 -8 9 10 -11 -12 13 14 15 -16 17 18 19 20 0
uf20-0974 61519 1 2 3 4 5 6 -7 -8 9 10 -11 -12 13 14 15 -16 17 18 19 20 0
uf20-0974 61519 1 2 3 4 5 6 -7 -8 9 10 -11 -12 13 14 15 -16 17 18 19 20 0
uf20-0974 61519 1 2 3 4 5 6 -7 -8 9 10 -11 -12 13 14 15 -16 17 18 19 20 0
uf20-0974 61519 1 2 3 4 5 6 -7 -8 9 10 -11 -12 13 14 15 -16 17 18 19 20 0
uf20-0974 61519 1 2 3 4 5 6 -7 -8 9 10 -11 -12 13 14 15 -16 17 18 19 20 0
uf20-0974 61519 1 2 3 4 5 6 -7 -8 9 10 -11 -12 13 14 15 -16 17 18 19 20 0
uf20-0974 61519 1 2 3 4 5 6 -7 -8 9 10 -11 -12 13 14 15 -16 17 18 19 20 0
uf20-0974 61519 1 2 3 4 5 6 -7 -8 9 10 -11 -12 13 14 15 -16 17 18 19 20 0
uf20-0974 61519 1 2 3 4 5 6 -7 -8 9 10 -11 -12 13 14 15 -16 17 18 19 20 0
uf20-0974 61519 1 2 3 4 5 6 -7 -8 9 10 -11 -12 13 14 15 -16 17 18 19 20 0
uf20-0974 61519 1 2 3 4 5 6 -7 -8 9 10 -11 -12 13 14 15 -16 17 18 19 20 0
uf20-0974 61519 1 2 3 4 5 6 -7 -8 9 10 -11 -12 13 14 15 -16 17 18 19 20 0
uf20-0974 61519 1 2 3 4 5 6 -7 -8 9 10 -11 -12 13 14 15 -16 17 18 19 20 0
uf20-0974 61519 1 2 3 4 5 6 -7 -8 9 10 -11 -12 13 14 15 -16 17 18 19 20 0
uf20-0974 61519 1 2 3 4 5 6 -7 -8 9 10 -11 -12 13 14 15 -16 17 18 19 20 0
uf20-0974 61519 1 2 3 4 5 6 -7 -8 9 10 -11 -12 13 14 15 -16 17 18 19 20 0
uf20-0974 61519 1 2 3 4 5 6 -7 -8 9 10 -11 -12 13 14 15 -16 17 18 19 20 0
uf20-0974 61519 1 2 3 4 5 6 -7 -8 9 10 -11 -12 13 14 15 -16 17 18 19 20 0
uf20-0974 61519 1 2 3 4 5 6 -7 -8 9 10 -11 -12 13 14 15 -16 17 18 19 20 0
uf20-0974 61519 1 2 3 4 5 6 -7 -8 9 10 -11 -12 13 14 15 -16 17 18 19 20 0
uf20-0974 61519 1 2 3 4 5 6 -7 -8 9 10 -11 -12 13 14 15 -16 17 18 19 20 0
uf20-0974 61519 1 2 3 4 5 6 -7 -8 9 10 -11 -12 13 14 15 -16 17 18 19 20 0
uf20-0974 61519 1 2 3 4 5 6 -7 -8 9 10 -11 -12 13 14 15 -16 17 18 19 20 0
uf20-0974 61519 1 2 3 4 5 6 -7 -8 9 10 -11 -12 13 14 15 -16 17 18 19 20 0
uf20-0974 61519 1 2 3 4 5 6 -7 -8 9 10 -11 -12 13 14 15 -16 17 18 19 20 0
uf20-0974 61519 1 2 3 4 5 6 -7 -8 9 10 -11 -12 13 14 15 -16 17 18 19 20 0
uf20-0974 61519 1 2 3 4 5 6 -7 -8 9 10 -11 -12 13 14 15 -16 17 18 19 20 0
uf20-0974 61519 1 2 3 4 5 6 -7 -8 9 10 -11 -12 13 14 15 -16 17 18 19 20 0
uf20-0974 61519 1 2 3 4 5 6 -7 -8 9 10 -11 -12 13 14 15 -16 17 18 19 20 0
uf20-0974 61519 1 2 3 4 5 6 -7 -8 9 10 -11 -12 13 14 15 -16 17 18 19 20 0
uf20-0974 61519 1 2 3 4 5 6 -7 -8 9 10 -11 -12 13 14 15 -16 17 18 19 20 0
uf20-0974 61519 1 2 3 4 5 6 -7 -8 9 10 -11 -12 13 14 15 -16 17 18 19 20 0
uf20-0974 61519 1 2 3 4 5 6 -7 -8 9 10 -11 -12 13 14 15 -16 17 18 19 20 0
uf20-0974 61519 1 2 3 4 5 6 -7 -8 9 10 -11 -12 13 14 15 -16 17 18 19 20 0
uf20-0974 61519 1 2 3 4 5 6 -7 -8 9 10 -11 -12 13 14 15 -16 17 18 19 20 0
uf20-0974 61519 1 2 3 4 5 6 -7 -8 9 10 -11 -12 13 14 15 -16 17 18 19 20 0
uf20-0974 61519 1 2 3 4 5 6 -7 -8 9 10 -11 -12 13 14 15 -16 17 18 19 20 0
uf20-082 72726 1 2 3 -4 5 6 7 8 -9 10 11 12 -13 14 15 16 -17 -18 19 20 0
uf20-082 72726 1 2 3 -4 5 6 7 8 -9 10 11 12 -13 14 15 16 -17 -18 19 20 0
uf20-082 72726 1 2 3 -4 5 6 7 8 -9 10 11 12 -13 14 15 16 -17 -18 19 20 0
uf20-082 72726 1 2 3 -4 5 6 7 8 -9 10 11 12 -13 14 15 16 -17 -18 19 20 0
uf20-082 72726 1 2 3 -4 5 6 7 8 -9 10 11 12 -13 14 15 16 -17 -18 19 20 0
uf20-082 72726 1 2 3 -4 5 6 7 8 -9 10 11 12 -13 14 15 16 -17 -18 19 20 0
uf20-082 72726 1 2 3 -4 5 6 7 8 -9 10 11 12 -13 14 15 16 -17 -18 19 20 0
uf20-082 72726 1 2 3 -4 5 6 7 8 -9 10 11 12 -13 14 15 16 -17 -18 19 20 0
uf20-082 72726 1 2 3 -4 5 6 7 8 -9 10 11 12 -13 14 15 16 -17 -18 19 20 0
uf20-082 72726 1 2 3 -4 5 6 7 8 -9 10 11 12 -13 14 15 16 -17 -18 19 20 0
uf20-082 72726 1 2 3 -4 5 6 7 8 -9 10 11 12 -13 14 15 16 -17 -18 19 20 0
uf20-082 72726 1 2 3 -4 5 6 7 8 -9 10 11 12 -13 14 15 16 -17 -18 19 20 0
uf20-082 72726 1 2 3 -4 5 6 7 8 -9 10 11 12 -13 14 15 16 -17 -18 19 20 0
uf20-082 72726 1 2 3 -4 5 6 7 8 -9 10 11 12 -13 14 15 16 -17 -18 19 20 0
uf20-082 72726 1 2 3 -4 5 6 7 8 -9 10 11 12 -13 14 15 16 -17 -18 19 20 0
uf20-082 72726 1 2 3 -4 5 6 7 8 -9 10 11 12 -13 14 15 16 -17 -18 19 20 0
uf20-082 72726 1 2 3 -4 5 6 7 8 -9 10 11 12 -13 14 15 16 -17 -18 19 20 0
uf20-082 72726 1 2 3 -4 5 6 7 8 -9 10 11 12 -13 14 15 16 -17 -18 19 20 0
uf20-082 72726 1 2 3 -4 5 6 7 8 -9 10 11 12 -13 14 15 16 -17 -18 19 20 0
uf20-082 72726 1 2 3 -4 5 6 7 8 -9 10 11 12 -13 14 15 16 -17 -18 19 20 0
uf20-082 72726 1 2 3 -4 5 6 7 8 -9 10 11 12 -13 14 15 16 -17 -18 19 20 0
uf20-082 72726 1 2 3 -4 5 6 7 8 -9 10 11 12 -13 14 15 16 -17 -18 19 20 0
uf20-082 72726 1 2 3 -4 5 6 7 8 -9 10 11 12 -13 14 15 16 -17 -18 19 20 0
uf20-082 72726 1 2 3 -4 5 6 7 8 -9 10 11 12 -13 14 15 16 -17 -18 19 20 0
uf20-082 72726 1 2 3 -4 5 6 7 8 -9 10 11 12 -13 14 15 16 -17 -18 19 20 0
uf20-082 72726 1 2 3 -4 5 6 7 8 -9 10 11 12 -13 14 15 16 -17 -18 19 20 0
uf20-082 72726 1 2 3 -4 5 6 7 8 -9 10 11 12 -13 14 15 16 -17 -18 19 20 0
uf20-082 72726 1 2 3 -4 5 6 7 8 -9 10 11 12 -13 14 15 16 -17 -18 19 20 0
uf20-082 72726 1 2 3 -4 5 6 7 8 -9 10 11 12 -13 14 15 16 -17 -18 19 20 0
uf20-082 72726 1 2 3 -4 5 6 7 8 -9 10 11 12 -13 14 15 16 -17 -18 19 20 0
uf20-082 72726 1 2 3 -4 5 6 7 8 -9 10 11 12 -13 14 15 16 -17 -18 19 20 0
uf20-082 72726 1 2 3 -4 5 6 7 8 -9 10 11 12 -13 14 15 16 -17 -18 19 20 0
uf20-082 72726 1 2 3 -4 5 6 7 8 -9 10 11 12 -13 14 15 16 -17 -18 19 20 0
uf20-082 72726 1 2 3 -4 5 6 7 8 -9 10 11 12 -13 14 15 16 -17 -18 19 20 0
uf20-082 72726 1 2 3 -4 5 6 7 8 -9 10 11 12 -13 14 15 16 -17 -18 19 20 0
uf20-082 72726 1 2 3 -4 5 6 7 8 -9 10 11 12 -13 14 15 16 -17 -18 19 20 0
uf20-082 72726 1 2 3 -4 5 6 7 8 -9 10 11 12 -13 14 15 16 -17 -18 19 20 0
uf20-082 72726 1 2 3 -4 5 6 7 8 -9 10 11 12 -13 14 15 16 -17 -18 19 20 0
uf20-082 72726 1 2 3 -4 5 6 7 8 -9 10 11 12 -13 14 15 16 -17 -18 19 20 0
uf20-082 72726 1 2 3 -4 5 6 7 8 -9 10 11 12 -13 14 15 16 -17 -18 19 20 0
uf20-082 72726 1 2 3 -4 5 6 7 8 -9 10 11 12 -13 14 15 16 -17 -18 19 20 0
uf20-082 72726 1 2 3 -4 5 6 7 8 -9 10 11 12 -13 14 15 16 -17 -18 19 20 0
uf20-082 72726 1 2 3 -4 5 6 7 8 -9 10 11 12 -13 14 15 16 -17 -18 19 20 0
uf20-082 72726 1 2 3 -4 5 6 7 8 -9 10 11 12 -13 14 15 16 -17 -18 19 20 0
uf20-082 72726 1 2 3 -4 5 6 7 8 -9 10 11 12 -13 14 15 16 -17 -18 19 20 0
uf20-082 72726 1 2 3 -4 5 6 7 8 -9 10 11 12 -13 14 15 16 -17 -18 19 20 0
uf20-082 72726 1 2 3 -4 5 6 7 8 -9 10 11 12 -13 14 15 16 -17 -18 19 20 0
uf20-082 72726 1 2 3 -4 5 6 7 8 -9 10 11 12 -13 14 15 16 -17 -18 19 20 0
uf20-082 72726 1 2 3 -4 5 6 7 8 -9 10 11 12 -13 14 15 16 -17 -18 19 20 0
uf20-082 72726 1 2 3 -4 5 6 7 8 -9 10 11 12 -13 14 15 16 -17 -18 19 20 0
uf20-0316 57897 1 2 -3 -4 -5 6 7 -8 9 -10 11 12 13 -14 15 16 17 18 -19 -20 0
uf20-0316 57897 1 2 -3 -4 -5 6 7 -8 9 -10 11 12 13 -14 15 16 17 18 -19 -20 0
uf20-0316 57897 1 2 -3 -4 -5 6 7 -8 9 -10 11 12 13 -14 15 16 17 18 -19 -20 0
uf20-0316 57897 1 2 -3 -4 -5 6 7 -8 9 -10 11 12 13 -14 15 16 17 18 -19 -20 0
uf20-0316 57897 1 2 -3 -4 -5 6 7 -8 9 -10 11 12 13 -14 15 16 17 18 -19 -20 0
uf20-0316 57897 1 2 -3 -4 -5 6 7 -8 9 -10 11 12 13 -14 15 16 17 18 -19 -20 0
uf20-0316 57839 1 2 3 -4 -5 -6 -7 8 -9 10 11 12 13 -14 -15 16 17 -18 19 20 0
uf20-0316 57897 1 2 -3 -4 -5 6 7 -8 9 -10 11 12 13 -14 15 16 17 18 -19 -20 0
uf20-0316 57897 1 2 -3 -4 -5 6 7 -8 9 -10 11 12 13 -14 15 16 17 18 -19 -20 0
uf20-0316 57897 1 2 -3 -4 -5 6 7 -8 9 -10 11 12 13 -14 15 16 17 18 -19 -20 0
uf20-0316 57897 1 2 -3 -4 -5 6 7 -8 9 -10 11 12 13 -14 15 16 17 18 -19 -20 0
uf20-0316 57897 1 2 -3 -4 -5 6 7 -8 9 -10 11 12 13 -14 15 16 17 18 -19 -20 0
uf20-0316 57897 1 2 -3 -4 -5 6 7 -8 9 -10 11 12 13 -14 15 16 17 18 -19 -20 0
uf20-0316 57897 1 2 -3 -4 -5 6 7 -8 9 -10 11 12 13 -14 15 16 17 18 -19 -20 0
uf20-0316 57897 1 2 -3 -4 -5 6 7 -8 9 -10 11 12 13 -14 15 16 17 18 -19 -20 0
uf20-0316 57897 1 2 -3 -4 -5 6 7 -8 9 -10 11 12 13 -14 15 16 17 18 -19 -20 0
uf20-0316 57897 1 2 -3 -4 -5 6 7 -8 9 -10 11 12 13 -14 15 16 17 18 -19 -20 0
uf20-0316 57897 1 2 -3 -4 -5 6 7 -8 9 -10 11 12 13 -14 15 16 17 18 -19 -20 0
uf20-0316 57897 1 2 -3 -4 -5 6 7 -8 9 -10 11 12 13 -14 15 16 17 18 -19 -20 0
uf20-0316 57897 1 2 -3 -4 -5 6 7 -8 9 -10 11 12 13 -14 15 16 17 18 -19 -20 0
uf20-0316 57897 1 2 -3 -4 -5 6 7 -8 9 -10 11 12 13 -14 15 16 17 18 -19 -20 0
uf20-0316 57897 1 2 -3 -4 -5 6 7 -8 9 -10 11 12 13 -14 15 16 17 18 -19 -20 0
uf20-0316 57897 1 2 -3 -4 -5 6 7 -8 9 -10 11 12 13 -14 15 16 17 18 -19 -20 0
uf20-0316 57897 1 2 -3 -4 -5 6 7 -8 9 -10 11 12 13 -14 15 16 17 18 -19 -20 0
uf20-0316 57897 1 2 -3 -4 -5 6 7 -8 9 -10 11 12 13 -14 15 16 17 18 -19 -20 0
uf20-0316 57897 1 2 -3 -4 -5 6 7 -8 9 -10 11 12 13 -14 15 16 17 18 -19 -20 0
uf20-0316 57839 1 2 3 -4 -5 -6 -7 8 -9 10 11 12 13 -14 -15 16 17 -18 19 20 0
uf20-0316 57897 1 2 -3 -4 -5 6 7 -8 9 -10 11 12 13 -14 15 16 17 18 -19 -20 0
uf20-0316 57897 1 2 -3 -4 -5 6 7 -8 9 -10 11 12 13 -14 15 16 17 18 -19 -20 0
uf20-0316 57897 1 2 -3 -4 -5 6 7 -8 9 -10 11 12 13 -14 15 16 17 18 -19 -20 0
uf20-0316 57897 1 2 -3 -4 -5 6 7 -8 9 -10 11 12 13 -14 15 16 17 18 -19 -20 0
uf20-0316 57897 1 2 -3 -4 -5 6 7 -8 9 -10 11 12 13 -14 15 16 17 18 -19 -20 0
uf20-0316 57897 1 2 -3 -4 -5 6 7 -8 9 -10 11 12 13 -14 15 16 17 18 -19 -20 0
uf20-0316 57897 1 2 -3 -4 -5 6 7 -8 9 -10 11 12 13 -14 15 16 17 18 -19 -20 0
uf20-0316 57897 1 2 -3 -4 -5 6 7 -8 9 -10 11 12 13 -14 15 16 17 18 -19 -20 0
uf20-0316 57839 1 2 3 -4 -5 -6 -7 8 -9 10 11 12 13 -14 -15 16 17 -18 19 20 0
uf20-0316 57897 1 2 -3 -4 -5 6 7 -8 9 -10 11 12 13 -14 15 16 17 18 -19 -20 0
uf20-0316 57897 1 2 -3 -4 -5 6 7 -8 9 -10 11 12 13 -14 15 16 17 18 -19 -20 0
uf20-0316 57897 1 2 -3 -4 -5 6 7 -8 9 -10 11 12 13 -14 15 16 17 18 -19 -20 0
uf20-0316 57897 1 2 -3 -4 -5 6 7 -8 9 -10 11 12 13 -14 15 16 17 18 -19 -20 0
uf20-0316 57897 1 2 -3 -4 -5 6 7 -8 9 -10 11 12 13 -14 15 16 17 18 -19 -20 0
uf20-0316 57897 1 2 -3 -4 -5 6 7 -8 9 -10 11 12 13 -14 15 16 17 18 -19 -20 0
uf20-0316 57897 1 2 -3 -4 -5 6 7 -8 9 -10 11 12 13 -14 15 16 17 18 -19 -20 0
uf20-0316 57897 1 2 -3 -4 -5 6 7 -8 9 -10 11 12 13 -14 15 16 17 18 -19 -20 0
uf20-0316 57897 1 2 -3 -4 -5 6 7 -8 9 -10 11 12 13 -14 15 16 17 18 -19 -20 0
uf20-0316 57897 1 2 -3 -4 -5 6 7 -8 9 -10 11 12 13 -14 15 16 17 18 -19 -20 0
uf20-0316 57839 1 2 3 -4 -5 -6 -7 8 -9 10 11 12 13 -14 -15 16 17 -18 19 20 0
uf20-0316 57897 1 2 -3 -4 -5 6 7 -8 9 -10 11 12 13 -14 15 16 17 18 -19 -20 0
uf20-0316 57897 1 2 -3 -4 -5 6 7 -8 9 -10 11 12 13 -14 15 16 17 18 -19 -20 0
uf20-0316 57897 1 2 -3 -4 -5 6 7 -8 9 -10 11 12 13 -14 15 16 17 18 -19 -20 0
uf20-0211 59483 1 2 3 4 5 6 7 8 -9 -10 11 12 13 -14 15 16 17 -18 19 20 0
uf20-0211 59483 1 2 3 4 5 6 7 8 -9 -10 11 12 13 -14 15 16 17 -18 19 20 0
uf20-0211 59483 1 2 3 4 5 6 7 8 -9 -10 11 12 13 -14 15 16 17 -18 19 20 0
uf20-0211 59483 1 2 3 4 5 6 7 8 -9 -10 11 12 13 -14 15 16 17 -18 19 20 0
uf20-0211 59483 1 2 3 4 5 6 7 8 -9 -10 11 12 13 -14 15 16 17 -18 19 20 0
uf20-0211 59483 1 2 3 4 5 6 7 8 -9 -10 11 12 13 -14 15 16 17 -18 19 20 0
uf20-0211 59483 1 2 3 4 5 6 7 8 -9 -10 11 12 13 -14 15 16 17 -18 19 20 0
uf20-0211 59483 1 2 3 4 5 6 7 8 -9 -10 11 12 13 -14 15 16 17 -18 19 20 0
uf20-0211 59483 1 2 3 4 5 6 7 8 -9 -10 11 12 13 -14 15 16 17 -18 19 20 0
uf20-0211 59483 1 2 3 4 5 6 7 8 -9 -10 11 12 13 -14 15 16 17 -18 19 20 0
uf20-0211 59483 1 2 3 4 5 6 7 8 -9 -10 11 12 13 -14 15 16 17 -18 19 20 0
uf20-0211 59483 1 2 3 4 5 6 7 8 -9 -10 11 12 13 -14 15 16 17 -18 19 20 0
uf20-0211 59483 1 2 3 4 5 6 7 8 -9 -10 11 12 13 -14 15 16 17 -18 19 20 0
uf20-0211 59483 1 2 3 4 5 6 7 8 -9 -10 11 12 13 -14 15 16 17 -18 19 20 0
uf20-0211 59483 1 2 3 4 5 6 7 8 -9 -10 11 12 13 -14 15 16 17 -18 19 20 0
uf20-0211 59483 1 2 3 4 5 6 7 8 -9 -10 11 12 13 -14 15 16 17 -18 19 20 0
uf20-0211 59483 1 2 3 4 5 6 7 8 -9 -10 11 12 13 -14 15 16 17 -18 19 20 0
uf20-0211 59483 1 2 3 4 5 6 7 8 -9 -10 11 12 13 -14 15 16 17 -18 19 20 0
uf20-0211 59483 1 2 3 4 5 6 7 8 -9 -10 11 12 13 -14 15 16 17 -18 19 20 0
uf20-0211 59483 1 2 3 4 5 6 7 8 -9 -10 11 12 13 -14 15 16 17 -18 19 20 0
uf20-0211 59483 1 2 3 4 5 6 7 8 -9 -10 11 12 13 -14 15 16 17 -18 19 20 0
uf20-0211 59483 1 2 3 4 5 6 7 8 -9 -10 11 12 13 -14 15 16 17 -18 19 20 0
uf20-0211 59483 1 2 3 4 5 6 7 8 -9 -10 11 12 13 -14 15 16 17 -18 19 20 0
uf20-0211 59483 1 2 3 4 5 6 7 8 -9 -10 11 12 13 -14 15 16 17 -18 19 20 0
uf20-0211 59483 1 2 3 4 5 6 7 8 -9 -10 11 12 13 -14 15 16 17 -18 19 20 0
uf20-0211 59483 1 2 3 4 5 6 7 8 -9 -10 11 12 13 -14 15 16 17 -18 19 20 0
uf20-0211 59483 1 2 3 4 5 6 7 8 -9 -10 11 12 13 -14 15 16 17 -18 19 20 0
uf20-0211 59483 1 2 3 4 5 6 7 8 -9 -10 11 12 13 -14 15 16 17 -18 19 20 0
uf20-0211 59483 1 2 3 4 5 6 7 8 -9 -10 11 12 13 -14 15 16 17 -18 19 20 0
uf20-0211 59483 1 2 3 4 5 6 7 8 -9 -10 11 12 13 -14 15 16 17 -18 19 20 0
uf20-0211 59483 1 2 3 4 5 6 7 8 -9 -10 11 12 13 -14 15 16 17 -18 19 20 0
uf20-0211 59483 1 2 3 4 5 6 7 8 -9 -10 11 12 13 -14 15 16 17 -18 19 20 0
uf20-0211 59483 1 2 3 4 5 6 7 8 -9 -10 11 12 13 -14 15 16 17 -18 19 20 0
uf20-0211 59483 1 2 3 4 5 6 7 8 -9 -10 11 12 13 -14 15 16 17 -18 19 20 0
uf20-0211 59483 1 2 3 4 5 6 7 8 -9 -10 11 12 13 -14 15 16 17 -18 19 20 0
uf20-0211 59483 1 2 3 4 5 6 7 8 -9 -10 11 12 13 -14 15 16 17 -18 19 20 0
uf20-0211 59483 1 2 3 4 5 6 7 8 -9 -10 11 12 13 -14 15 16 17 -18 19 20 0
uf20-0211 59483 1 2 3 4 5 6 7 8 -9 -10 11 12 13 -14 15 16 17 -18 19 20 0
uf20-0211 59483 1 2 3 4 5 6 7 8 -9 -10 11 12 13 -14 15 16 17 -18 19 20 0
uf20-0211 59483 1 2 3 4 5 6 7 8 -9 -10 11 12 13 -14 15 16 17 -18 19 20 0
uf20-0211 59483 1 2 3 4 5 6 7 8 -9 -10 11 12 13 -14 15 16 17 -18 19 20 0
uf20-0211 59483 1 2 3 4 5 6 7 8 -9 -10 11 12 13 -14 15 16 17 -18 19 20 0
uf20-0211 59483 1 2 3 4 5 6 7 8 -9 -10 11 12 13 -14 15 16 17 -18 19 20 0
uf20-0211 59483 1 2 3 4 5 6 7 8 -9 -10 11 12 13 -14 15 16 17 -18 19 20 0
uf20-0211 59483 1 2 3 4 5 6 7 8 -9 -10 11 12 13 -14 15 16 17 -18 19 20 0
uf20-0211 59483 1 2 3 4 5 6 7 8 -9 -10 11 12 13 -14 15 16 17 -18 19 20 0
uf20-0211 59483 1 2 3 4 5 6 7 8 -9 -10 11 12 13 -14 15 16 17 -18 19 20 0
uf20-0211 59483 1 2 3 4 5 6 7 8 -9 -10 11 12 13 -14 15 16 17 -18 19 20 0
uf20-0211 59483 1 2 3 4 5 6 7 8 -9 -10 11 12 13 -14 15 16 17 -18 19 20 0
uf20-0211 59483 1 2 3 4 5 6 7 8 -9 -10 11 12 13 -14 15 16 17 -18 19 20 0
