uf20-0384 4509 1 -2 -3 4 5 6 7 8 9 -10 11 -12 13 14 15 16 17 -18 19 20 0
uf20-0384 4509 1 -2 -3 4 5 6 7 8 9 -10 11 -12 13 14 15 16 17 -18 19 20 0
uf20-0384 4509 1 -2 -3 4 5 6 7 8 9 -10 11 -12 13 14 15 16 17 -18 19 20 0
uf20-0384 4509 1 -2 -3 4 5 6 7 8 9 -10 11 -12 13 14 15 16 17 -18 19 20 0
uf20-0384 4509 1 -2 -3 4 5 6 7 8 9 -10 11 -12 13 14 15 16 17 -18 19 20 0
uf20-0384 4509 1 -2 -3 4 5 6 7 8 9 -10 11 -12 13 14 15 16 17 -18 19 20 0
uf20-0384 4509 1 -2 -3 4 5 6 7 8 9 -10 11 -12 13 14 15 16 17 -18 19 20 0
uf20-0384 4509 1 -2 -3 4 5 6 7 8 9 -10 11 -12 13 14 15 16 17 -18 19 20 0
uf20-0384 4509 1 -2 -3 4 5 6 7 8 9 -10 11 -12 13 14 15 16 17 -18 19 20 0
uf20-0384 4509 1 -2 -3 4 5 6 7 8 9 -10 11 -12 13 14 15 16 17 -18 19 20 0
uf20-0384 4509 1 -2 -3 4 5 6 7 8 9 -10 11 -12 13 14 15 16 17 -18 19 20 0
uf20-0384 4509 1 -2 -3 4 5 6 7 8 9 -10 11 -12 13 14 15 16 17 -18 19 20 0
uf20-0384 4509 1 -2 -3 4 5 6 7 8 9 -10 11 -12 13 14 15 16 17 -18 19 20 0
uf20-0384 4509 1 -2 -3 4 5 6 7 8 9 -10 11 -12 13 14 15 16 17 -18 19 20 0
uf20-0384 4509 1 -2 -3 4 5 6 7 8 9 -10 11 -12 13 14 15 16 17 -18 19 20 0
uf20-0384 4509 1 -2 -3 4 5 6 7 8 9 -10 11 -12 13 14 15 16 17 -18 19 20 0
uf20-0384 4509 1 -2 -3 4 5 6 7 8 9 -10 11 -12 13 14 15 16 17 -18 19 20 0
uf20-0384 4509 1 -2 -3 4 5 6 7 8 9 -10 11 -12 13 14 15 16 17 -18 19 20 0
uf20-0384 4509 1 -2 -3 4 5 6 7 8 9 -10 11 -12 13 14 15 16 17 -18 19 20 0
uf20-0384 4509 1 -2 -3 4 5 6 7 8 9 -10 11 -12 13 14 15 16 17 -18 19 20 0
uf20-0384 4509 1 -2 -3 4 5 6 7 8 9 -10 11 -12 13 14 15 16 17 -18 19 20 0
uf20-0384 4509 1 -2 -3 4 5 6 7 8 9 -10 11 -12 13 14 15 16 17 -18 19 20 0
uf20-0384 4509 1 -2 -3 4 5 6 7 8 9 -10 11 -12 13 14 15 16 17 -18 19 20 0
uf20-0384 4509 1 -2 -3 4 5 6 7 8 9 -10 11 -12 13 14 15 16 17 -18 19 20 0
uf20-0384 4509 1 -2 -3 4 5 6 7 8 9 -10 11 -12 13 14 15 16 17 -18 19 20 0
uf20-0384 4297 1 -2 -3 -4 5 6 7 8 9 -10 11 -12 13 14 15 16 17 -18 19 20 0
uf20-0384 4509 1 -2 -3 4 5 6 7 8 9 -10 11 -12 13 14 15 16 17 -18 19 20 0
uf20-0384 4509 1 -2 -3 4 5 6 7 8 9 -10 11 -12 13 14 15 16 17 -18 19 20 0
uf20-0384 4509 1 -2 -3 4 5 6 7 8 9 -10 11 -12 13 14 15 16 17 -18 19 20 0
uf20-0384 4509 1 -2 -3 4 5 6 7 8 9 -10 11 -12 13 14 15 16 17 -18 19 20 0
uf20-0384 4509 1 -2 -3 4 5 6 7 8 9 -10 11 -12 13 14 15 16 17 -18 19 20 0
uf20-0384 4509 1 -2 -3 4 5 6 7 8 9 -10 11 -12 13 14 15 16 17 -18 19 20 0
uf20-0384 4509 1 -2 -3 4 5 6 7 8 9 -10 11 -12 13 14 15 16 17 -18 19 20 0
uf20-0384 4509 1 -2 -3 4 5 6 7 8 9 -10 11 -12 13 14 15 16 17 -18 19 20 0
uf20-0384 4509 1 -2 -3 4 5 6 7 8 9 -10 11 -12 13 14 15 16 17 -18 19 20 0
uf20-0384 4509 1 -2 -3 4 5 6 7 8 9 -10 11 -12 13 14 15 16 17 -18 19 20 0
uf20-0384 4509 1 -2 -3 4 5 6 7 8 9 -10 11 -12 13 14 15 16 17 -18 19 20 0
uf20-0384 4509 1 -2 -3 4 5 6 7 8 9 -10 11 -12 13 14 15 16 17 -18 19 20 0
uf20-0384 4509 1 -2 -3 4 5 6 7 8 9 -10 11 -12 13 14 15 16 17 -18 19 20 0
uf20-0384 4509 1 -2 -3 4 5 6 7 8 9 -10 11 -12 13 14 15 16 17 -18 19 20 0
uf20-0384 4509 1 -2 -3 4 5 6 7 8 9 -10 11 -12 13 14 15 16 17 -18 19 20 0
uf20-0384 4509 1 -2 -3 4 5 6 7 8 9 -10 11 -12 13 14 15 16 17 -18 19 20 0
uf20-0384 4509 1 -2 -3 4 5 6 7 8 9 -10 11 -12 13 14 15 16 17 -18 19 20 0
uf20-0384 4509 1 -2 -3 4 5 6 7 8 9 -10 11 -12 13 14 15 16 17 -18 19 20 0
uf20-0384 4509 1 -2 -3 4 5 6 7 8 9 -10 11 -12 13 14 15 16 17 -18 19 20 0
uf20-0384 4509 1 -2 -3 4 5 6 7 8 9 -10 11 -12 13 14 15 16 17 -18 19 20 0
uf20-0384 4509 1 -2 -3 4 5 6 7 8 9 -10 11 -12 13 14 15 16 17 -18 19 20 0
uf20-0384 4509 1 -2 -3 4 5 6 7 8 9 -10 11 -12 13 14 15 16 17 -18 19 20 0
uf20-0384 4509 1 -2 -3 4 5 6 7 8 9 -10 11 -12 13 14 15 16 17 -18 19 20 0
uf20-0384 4509 1 -2 -3 4 5 6 7 8 9 -10 11 -12 13 14 15 16 17 -18 19 20 0
uf20-0384 4509 1 -2 -3 4 5 6 7 8 9 -10 11 -12 13 14 15 16 17 -18 19 20 0
uf20-0384 4509 1 -2 -3 4 5 6 7 8 9 -10 11 -12 13 14 15 16 17 -18 19 20 0
uf20-0384 4509 1 -2 -3 4 5 6 7 8 9 -10 11 -12 13 14 15 16 17 -18 19 20 0
uf20-0384 4496 1 2 -3 4 5 6 7 8 9 -10 11 -12 13 14 -15 16 17 -18 19 20 0
uf20-0384 4509 1 -2 -3 4 5 6 7 8 9 -10 11 -12 13 14 15 16 17 -18 19 20 0
uf20-0384 4509 1 -2 -3 4 5 6 7 8 9 -10 11 -12 13 14 15 16 17 -18 19 20 0
uf20-0384 4509 1 -2 -3 4 5 6 7 8 9 -10 11 -12 13 14 15 16 17 -18 19 20 0
uf20-0384 4509 1 -2 -3 4 5 6 7 8 9 -10 11 -12 13 14 15 16 17 -18 19 20 0
uf20-0384 4509 1 -2 -3 4 5 6 7 8 9 -10 11 -12 13 14 15 16 17 -18 19 20 0
uf20-0384 4509 1 -2 -3 4 5 6 7 8 9 -10 11 -12 13 14 15 16 17 -18 19 20 0
uf20-0384 4509 1 -2 -3 4 5 6 7 8 9 -10 11 -12 13 14 15 16 17 -18 19 20 0
uf20-0384 4509 1 -2 -3 4 5 6 7 8 9 -10 11 -12 13 14 15 16 17 -18 19 20 0
uf20-0384 4509 1 -2 -3 4 5 6 7 8 9 -10 11 -12 13 14 15 16 17 -18 19 20 0
uf20-0384 4509 1 -2 -3 4 5 6 7 8 9 -10 11 -12 13 14 15 16 17 -18 19 20 0
uf20-0384 4509 1 -2 -3 4 5 6 7 8 9 -10 11 -12 13 14 15 16 17 -18 19 20 0
uf20-0384 4509 1 -2 -3 4 5 6 7 8 9 -10 11 -12 13 14 15 16 17 -18 19 20 0
uf20-0384 4509 1 -2 -3 4 5 6 7 8 9 -10 11 -12 13 14 15 16 17 -18 19 20 0
uf20-0384 4509 1 -2 -3 4 5 6 7 8 9 -10 11 -12 13 14 15 16 17 -18 19 20 0
uf20-0384 4509 1 -2 -3 4 5 6 7 8 9 -10 11 -12 13 14 15 16 17 -18 19 20 0
uf20-0384 4509 1 -2 -3 4 5 6 7 8 9 -10 11 -12 13 14 15 16 17 -18 19 20 0
uf20-0384 4509 1 -2 -3 4 5 6 7 8 9 -10 11 -12 13 14 15 16 17 -18 19 20 0
uf20-0384 4496 1 2 -3 4 5 6 7 8 9 -10 11 -12 13 14 -15 16 17 -18 19 20 0
uf20-0384 4509 1 -2 -3 4 5 6 7 8 9 -10 11 -12 13 14 15 16 17 -18 19 20 0
uf20-0384 4509 1 -2 -3 4 5 6 7 8 9 -10 11 -12 13 14 15 16 17 -18 19 20 0
uf20-0384 4509 1 -2 -3 4 5 6 7 8 9 -10 11 -12 13 14 15 16 17 -18 19 20 0
uf20-0384 4509 1 -2 -3 4 5 6 7 8 9 -10 11 -12 13 14 15 16 17 -18 19 20 0
uf20-0384 4496 1 2 -3 4 5 6 7 8 9 -10 11 -12 13 14 -15 16 17 -18 19 20 0
uf20-0384 4509 1 -2 -3 4 5 6 7 8 9 -10 11 -12 13 14 15 16 17 -18 19 20 0
uf20-0384 4509 1 -2 -3 4 5 6 7 8 9 -10 11 -12 13 14 15 16 17 -18 19 20 0
uf20-0384 4509 1 -2 -3 4 5 6 7 8 9 -10 11 -12 13 14 15 16 17 -18 19 20 0
uf20-0384 4509 1 -2 -3 4 5 6 7 8 9 -10 11 -12 13 14 15 16 17 -18 19 20 0
uf20-0384 4509 1 -2 -3 4 5 6 7 8 9 -10 11 -12 13 14 15 16 17 -18 19 20 0
uf20-0384 4509 1 -2 -3 4 5 6 7 8 9 -10 11 -12 13 14 15 16 17 -18 19 20 0
uf20-0384 4509 1 -2 -3 4 5 6 7 8 9 -10 11 -12 13 14 15 16 17 -18 19 20 0
uf20-0384 4509 1 -2 -3 4 5 6 7 8 9 -10 11 -12 13 14 15 16 17 -18 19 20 0
uf20-0384 4509 1 -2 -3 4 5 6 7 8 9 -10 11 -12 13 14 15 16 17 -18 19 20 0
uf20-0384 4509 1 -2 -3 4 5 6 7 8 9 -10 11 -12 13 14 15 16 17 -18 19 20 0
uf20-0384 4509 1 -2 -3 4 5 6 7 8 9 -10 11 -12 13 14 15 16 17 -18 19 20 0
uf20-0384 4509 1 -2 -3 4 5 6 7 8 9 -10 11 -12 13 14 15 16 17 -18 19 20 0
uf20-0384 4509 1 -2 -3 4 5 6 7 8 9 -10 11 -12 13 14 15 16 17 -18 19 20 0
uf20-0384 4509 1 -2 -3 4 5 6 7 8 9 -10 11 -12 13 14 15 16 17 -18 19 20 0
uf20-0384 4496 1 2 -3 4 5 6 7 8 9 -10 11 -12 13 14 -15 16 17 -18 19 20 0
uf20-0384 4509 1 -2 -3 4 5 6 7 8 9 -10 11 -12 13 14 15 16 17 -18 19 20 0
uf20-0384 4509 1 -2 -3 4 5 6 7 8 9 -10 11 -12 13 14 15 16 17 -18 19 20 0
uf20-0384 4509 1 -2 -3 4 5 6 7 8 9 -10 11 -12 13 14 15 16 17 -18 19 20 0
uf20-0384 4509 1 -2 -3 4 5 6 7 8 9 -10 11 -12 13 14 15 16 17 -18 19 20 0
uf20-0384 4509 1 -2 -3 4 5 6 7 8 9 -10 11 -12 13 14 15 16 17 -18 19 20 0
uf20-0384 4509 1 -2 -3 4 5 6 7 8 9 -10 11 -12 13 14 15 16 17 -18 19 20 0
uf20-0384 4509 1 -2 -3 4 5 6 7 8 9 -10 11 -12 13 14 15 16 17 -18 19 20 0
uf20-0384 4509 1 -2 -3 4 5 6 7 8 9 -10 11 -12 13 14 15 16 17 -18 19 20 0
