uf50-0778 88680 1 2 3 -4 5 6 7 8 -9 10 -11 12 13 -14 -15 -16 -17 -18 19 20 21 -22 23 24 -25 -26 -27 28 29 30 -31 -32 -33 34 -35 36 37 38 39 40 41 42 43 -44 45 46 -47 48 -49 -50 0
uf50-0778 92180 -1 2 3 4 5 6 -7 -8 -9 10 11 12 -13 14 15 -16 -17 -18 19 20 21 22 23 24 -25 -26 -27 -28 -29 30 -31 -32 -33 34 -35 36 -37 -38 -39 40 -41 -42 -43 44 45 46 -47 -48 -49 50 0
uf50-0778 88680 1 2 3 -4 5 6 7 8 -9 10 -11 12 13 -14 -15 -16 -17 -18 19 20 21 -22 23 24 -25 -26 -27 28 29 30 -31 -32 -33 34 -35 36 37 38 39 40 41 42 43 -44 45 46 -47 48 -49 -50 0
uf50-0778 88680 1 2 3 -4 5 6 7 8 -9 10 -11 12 13 -14 -15 -16 -17 -18 19 20 21 -22 23 24 -25 -26 -27 28 29 30 -31 -32 -33 34 -35 36 37 38 39 40 41 42 43 -44 45 46 -47 48 -49 -50 0
uf50-0778 92180 -1 2 3 4 5 6 -7 -8 -9 10 11 12 -13 14 15 -16 -17 -18 19 20 21 22 23 24 -25 -26 -27 -28 -29 30 -31 -32 -33 34 -35 36 -37 -38 -39 40 -41 -42 -43 44 45 46 -47 -48 -49 50 0
uf50-0778 91775 -1 2 3 -4 5 6 -7 -8 -9 10 11 12 -13 14 15 16 -17 -18 19 20 21 22 23 -24 -25 -26 -27 -28 -29 30 -31 -32 -33 34 -35 36 -37 -38 -39 40 -41 -42 -43 44 45 46 -47 -48 -49 50 0
uf50-0778 88680 1 2 3 -4 5 6 7 8 -9 10 -11 12 13 -14 -15 -16 -17 -18 19 20 21 -22 23 24 -25 -26 -27 28 29 30 -31 -32 -33 34 -35 36 37 38 39 40 41 42 43 -44 45 46 -47 48 -49 -50 0
uf50-0778 92180 -1 2 3 4 5 6 -7 -8 -9 10 11 12 -13 14 15 -16 -17 -18 19 20 21 22 23 24 -25 -26 -27 -28 -29 30 -31 -32 -33 34 -35 36 -37 -38 -39 40 -41 -42 -43 44 45 46 -47 -48 -49 50 0
uf50-0778 92180 -1 2 3 4 5 6 -7 -8 -9 10 11 12 -13 14 15 -16 -17 -18 19 20 21 22 23 24 -25 -26 -27 -28 -29 30 -31 -32 -33 34 -35 36 -37 -38 -39 40 -41 -42 -43 44 45 46 -47 -48 -49 50 0
uf50-0778 88680 1 2 3 -4 5 6 7 8 -9 10 -11 12 13 -14 -15 -16 -17 -18 19 20 21 -22 23 24 -25 -26 -27 28 29 30 -31 -32 -33 34 -35 36 37 38 39 40 41 42 43 -44 45 46 -47 48 -49 -50 0
uf50-0778 88680 1 2 3 -4 5 6 7 8 -9 10 -11 12 13 -14 -15 -16 -17 -18 19 20 21 -22 23 24 -25 -26 -27 28 29 30 -31 -32 -33 34 -35 36 37 38 39 40 41 42 43 -44 45 46 -47 48 -49 -50 0
uf50-0778 88680 1 2 3 -4 5 6 7 8 -9 10 -11 12 13 -14 -15 -16 -17 -18 19 20 21 -22 23 24 -25 -26 -27 28 29 30 -31 -32 -33 34 -35 36 37 38 39 40 41 42 43 -44 45 46 -47 48 -49 -50 0
uf50-0778 88680 1 2 3 -4 5 6 7 8 -9 10 -11 12 13 -14 -15 -16 -17 -18 19 20 21 -22 23 24 -25 -26 -27 28 29 30 -31 -32 -33 34 -35 36 37 38 39 40 41 42 43 -44 45 46 -47 48 -49 -50 0
uf50-0778 88680 1 2 3 -4 5 6 7 8 -9 10 -11 12 13 -14 -15 -16 -17 -18 19 20 21 -22 23 24 -25 -26 -27 28 29 30 -31 -32 -33 34 -35 36 37 38 39 40 41 42 43 -44 45 46 -47 48 -49 -50 0
uf50-0778 88680 1 2 3 -4 5 6 7 8 -9 10 -11 12 13 -14 -15 -16 -17 -18 19 20 21 -22 23 24 -25 -26 -27 28 29 30 -31 -32 -33 34 -35 36 37 38 39 40 41 42 43 -44 45 46 -47 48 -49 -50 0
uf50-0778 92180 -1 2 3 4 5 6 -7 -8 -9 10 11 12 -13 14 15 -16 -17 -18 19 20 21 22 23 24 -25 -26 -27 -28 -29 30 -31 -32 -33 34 -35 36 -37 -38 -39 40 -41 -42 -43 44 45 46 -47 -48 -49 50 0
uf50-0778 92313 -1 2 3 4 5 6 -7 -8 -9 10 11 12 -13 14 15 16 -17 -18 19 -20 -21 22 23 -24 -25 -26 -27 -28 29 30 -31 -32 -33 34 -35 36 -37 -38 -39 40 -41 -42 -43 44 45 46 -47 -48 -49 50 0
uf50-0778 88680 1 2 3 -4 5 6 7 8 -9 10 -11 12 13 -14 -15 -16 -17 -18 19 20 21 -22 23 24 -25 -26 -27 28 29 30 -31 -32 -33 34 -35 36 37 38 39 40 41 42 43 -44 45 46 -47 48 -49 -50 0
uf50-0778 88680 1 2 3 -4 5 6 7 8 -9 10 -11 12 13 -14 -15 -16 -17 -18 19 20 21 -22 23 24 -25 -26 -27 28 29 30 -31 -32 -33 34 -35 36 37 38 39 40 41 42 43 -44 45 46 -47 48 -49 -50 0
uf50-0778 90429 -1 2 3 4 5 6 -7 -8 -9 10 11 12 -13 14 15 16 -17 -18 19 -20 21 -22 23 -24 -25 -26 -27 -28 -29 30 -31 -32 -33 34 -35 36 -37 -38 -39 40 -41 -42 -43 44 45 46 -47 -48 -49 50 0
uf50-0778 88680 1 2 3 -4 5 6 7 8 -9 10 -11 12 13 -14 -15 -16 -17 -18 19 20 21 -22 23 24 -25 -26 -27 28 29 30 -31 -32 -33 34 -35 36 37 38 39 40 41 42 43 -44 45 46 -47 48 -49 -50 0
uf50-0778 88680 1 2 3 -4 5 6 7 8 -9 10 -11 12 13 -14 -15 -16 -17 -18 19 20 21 -22 23 24 -25 -26 -27 28 29 30 -31 -32 -33 34 -35 36 37 38 39 40 41 42 43 -44 45 46 -47 48 -49 -50 0
uf50-0778 81143 1 2 3 -4 5 6 7 8 -9 10 -11 -12 13 -14 -15 -16 -17 -18 -19 20 21 -22 23 -24 -25 -26 27 28 29 30 -31 -32 -33 34 -35 36 37 -38 39 40 41 42 43 -44 45 46 -47 48 -49 -50 0
uf50-0778 88680 1 2 3 -4 5 6 7 8 -9 10 -11 12 13 -14 -15 -16 -17 -18 19 20 21 -22 23 24 -25 -26 -27 28 29 30 -31 -32 -33 34 -35 36 37 38 39 40 41 42 43 -44 45 46 -47 48 -49 -50 0
uf50-0778 94870 -1 2 3 4 5 6 -7 -8 -9 10 11 12 -13 14 15 16 -17 -18 19 20 21 22 23 -24 -25 -26 -27 -28 -29 30 -31 -32 -33 34 -35 36 -37 -38 -39 40 -41 -42 -43 44 45 46 -47 -48 -49 50 0
uf50-0778 88680 1 2 3 -4 5 6 7 8 -9 10 -11 12 13 -14 -15 -16 -17 -18 19 20 21 -22 23 24 -25 -26 -27 28 29 30 -31 -32 -33 34 -35 36 37 38 39 40 41 42 43 -44 45 46 -47 48 -49 -50 0
uf50-0778 92180 -1 2 3 4 5 6 -7 -8 -9 10 11 12 -13 14 15 -16 -17 -18 19 20 21 22 23 24 -25 -26 -27 -28 -29 30 -31 -32 -33 34 -35 36 -37 -38 -39 40 -41 -42 -43 44 45 46 -47 -48 -49 50 0
uf50-0778 88680 1 2 3 -4 5 6 7 8 -9 10 -11 12 13 -14 -15 -16 -17 -18 19 20 21 -22 23 24 -25 -26 -27 28 29 30 -31 -32 -33 34 -35 36 37 38 39 40 41 42 43 -44 45 46 -47 48 -49 -50 0
uf50-0778 88680 1 2 3 -4 5 6 7 8 -9 10 -11 12 13 -14 -15 -16 -17 -18 19 20 21 -22 23 24 -25 -26 -27 28 29 30 -31 -32 -33 34 -35 36 37 38 39 40 41 42 43 -44 45 46 -47 48 -49 -50 0
uf50-0778 81143 1 2 3 -4 5 6 7 8 -9 10 -11 -12 13 -14 -15 -16 -17 -18 -19 20 21 -22 23 -24 -25 -26 27 28 29 30 -31 -32 -33 34 -35 36 37 -38 39 40 41 42 43 -44 45 46 -47 48 -49 -50 0
uf50-0778 88680 1 2 3 -4 5 6 7 8 -9 10 -11 12 13 -14 -15 -16 -17 -18 19 20 21 -22 23 24 -25 -26 -27 28 29 30 -31 -32 -33 34 -35 36 37 38 39 40 41 42 43 -44 45 46 -47 48 -49 -50 0
uf50-0778 88680 1 2 3 -4 5 6 7 8 -9 10 -11 12 13 -14 -15 -16 -17 -18 19 20 21 -22 23 24 -25 -26 -27 28 29 30 -31 -32 -33 34 -35 36 37 38 39 40 41 42 43 -44 45 46 -47 48 -49 -50 0
uf50-0778 88680 1 2 3 -4 5 6 7 8 -9 10 -11 12 13 -14 -15 -16 -17 -18 19 20 21 -22 23 24 -25 -26 -27 28 29 30 -31 -32 -33 34 -35 36 37 38 39 40 41 42 43 -44 45 46 -47 48 -49 -50 0
uf50-0778 88680 1 2 3 -4 5 6 7 8 -9 10 -11 12 13 -14 -15 -16 -17 -18 19 20 21 -22 23 24 -25 -26 -27 28 29 30 -31 -32 -33 34 -35 36 37 38 39 40 41 42 43 -44 45 46 -47 48 -49 -50 0
uf50-0778 81143 1 2 3 -4 5 6 7 8 -9 10 -11 -12 13 -14 -15 -16 -17 -18 -19 20 21 -22 23 -24 -25 -26 27 28 29 30 -31 -32 -33 34 -35 36 37 -38 39 40 41 42 43 -44 45 46 -47 48 -49 -50 0
uf50-0778 88680 1 2 3 -4 5 6 7 8 -9 10 -11 12 13 -14 -15 -16 -17 -18 19 20 21 -22 23 24 -25 -26 -27 28 29 30 -31 -32 -33 34 -35 36 37 38 39 40 41 42 43 -44 45 46 -47 48 -49 -50 0
uf50-0778 88680 1 2 3 -4 5 6 7 8 -9 10 -11 12 13 -14 -15 -16 -17 -18 19 20 21 -22 23 24 -25 -26 -27 28 29 30 -31 -32 -33 34 -35 36 37 38 39 40 41 42 43 -44 45 46 -47 48 -49 -50 0
uf50-0778 81143 1 2 3 -4 5 6 7 8 -9 10 -11 -12 13 -14 -15 -16 -17 -18 -19 20 21 -22 23 -24 -25 -26 27 28 29 30 -31 -32 -33 34 -35 36 37 -38 39 40 41 42 43 -44 45 46 -47 48 -49 -50 0
uf50-0778 88680 1 2 3 -4 5 6 7 8 -9 10 -11 12 13 -14 -15 -16 -17 -18 19 20 21 -22 23 24 -25 -26 -27 28 29 30 -31 -32 -33 34 -35 36 37 38 39 40 41 42 43 -44 45 46 -47 48 -49 -50 0
uf50-0778 88680 1 2 3 -4 5 6 7 8 -9 10 -11 12 13 -14 -15 -16 -17 -18 19 20 21 -22 23 24 -25 -26 -27 28 29 30 -31 -32 -33 34 -35 36 37 38 39 40 41 42 43 -44 45 46 -47 48 -49 -50 0
uf50-0778 88680 1 2 3 -4 5 6 7 8 -9 10 -11 12 13 -14 -15 -16 -17 -18 19 20 21 -22 23 24 -25 -26 -27 28 29 30 -31 -32 -33 34 -35 36 37 38 39 40 41 42 43 -44 45 46 -47 48 -49 -50 0
uf50-0778 88680 1 2 3 -4 5 6 7 8 -9 10 -11 12 13 -14 -15 -16 -17 -18 19 20 21 -22 23 24 -25 -26 -27 28 29 30 -31 -32 -33 34 -35 36 37 38 39 40 41 42 43 -44 45 46 -47 48 -49 -50 0
uf50-0778 88680 1 2 3 -4 5 6 7 8 -9 10 -11 12 13 -14 -15 -16 -17 -18 19 20 21 -22 23 24 -25 -26 -27 28 29 30 -31 -32 -33 34 -35 36 37 38 39 40 41 42 43 -44 45 46 -47 48 -49 -50 0
uf50-0778 92180 -1 2 3 4 5 6 -7 -8 -9 10 11 12 -13 14 15 -16 -17 -18 19 20 21 22 23 24 -25 -26 -27 -28 -29 30 -31 -32 -33 34 -35 36 -37 -38 -39 40 -41 -42 -43 44 45 46 -47 -48 -49 50 0
uf50-0778 88680 1 2 3 -4 5 6 7 8 -9 10 -11 12 13 -14 -15 -16 -17 -18 19 20 21 -22 23 24 -25 -26 -27 28 29 30 -31 -32 -33 34 -35 36 37 38 39 40 41 42 43 -44 45 46 -47 48 -49 -50 0
uf50-0778 92180 -1 2 3 4 5 6 -7 -8 -9 10 11 12 -13 14 15 -16 -17 -18 19 20 21 22 23 24 -25 -26 -27 -28 -29 30 -31 -32 -33 34 -35 36 -37 -38 -39 40 -41 -42 -43 44 45 46 -47 -48 -49 50 0
uf50-0778 88680 1 2 3 -4 5 6 7 8 -9 10 -11 12 13 -14 -15 -16 -17 -18 19 20 21 -22 23 24 -25 -26 -27 28 29 30 -31 -32 -33 34 -35 36 37 38 39 40 41 42 43 -44 45 46 -47 48 -49 -50 0
uf50-0778 88680 1 2 3 -4 5 6 7 8 -9 10 -11 12 13 -14 -15 -16 -17 -18 19 20 21 -22 23 24 -25 -26 -27 28 29 30 -31 -32 -33 34 -35 36 37 38 39 40 41 42 43 -44 45 46 -47 48 -49 -50 0
uf50-0778 81143 1 2 3 -4 5 6 7 8 -9 10 -11 -12 13 -14 -15 -16 -17 -18 -19 20 21 -22 23 -24 -25 -26 27 28 29 30 -31 -32 -33 34 -35 36 37 -38 39 40 41 42 43 -44 45 46 -47 48 -49 -50 0
uf50-0778 89085 -1 2 3 -4 5 6 -7 -8 -9 10 11 12 -13 14 15 -16 -17 -18 19 20 21 22 23 24 -25 -26 -27 -28 -29 30 -31 -32 -33 34 -35 36 -37 -38 -39 40 -41 -42 -43 44 45 46 -47 -48 -49 50 0
uf50-0778 88680 1 2 3 -4 5 6 7 8 -9 10 -11 12 13 -14 -15 -16 -17 -18 19 20 21 -22 23 24 -25 -26 -27 28 29 30 -31 -32 -33 34 -35 36 37 38 39 40 41 42 43 -44 45 46 -47 48 -49 -50 0
uf50-0778 88680 1 2 3 -4 5 6 7 8 -9 10 -11 12 13 -14 -15 -16 -17 -18 19 20 21 -22 23 24 -25 -26 -27 28 29 30 -31 -32 -33 34 -35 36 37 38 39 40 41 42 43 -44 45 46 -47 48 -49 -50 0
uf50-0778 88680 1 2 3 -4 5 6 7 8 -9 10 -11 12 13 -14 -15 -16 -17 -18 19 20 21 -22 23 24 -25 -26 -27 28 29 30 -31 -32 -33 34 -35 36 37 38 39 40 41 42 43 -44 45 46 -47 48 -49 -50 0
uf50-0778 88680 1 2 3 -4 5 6 7 8 -9 10 -11 12 13 -14 -15 -16 -17 -18 19 20 21 -22 23 24 -25 -26 -27 28 29 30 -31 -32 -33 34 -35 36 37 38 39 40 41 42 43 -44 45 46 -47 48 -49 -50 0
uf50-0778 88680 1 2 3 -4 5 6 7 8 -9 10 -11 12 13 -14 -15 -16 -17 -18 19 20 21 -22 23 24 -25 -26 -27 28 29 30 -31 -32 -33 34 -35 36 37 38 39 40 41 42 43 -44 45 46 -47 48 -49 -50 0
uf50-0778 88680 1 2 3 -4 5 6 7 8 -9 10 -11 12 13 -14 -15 -16 -17 -18 19 20 21 -22 23 24 -25 -26 -27 28 29 30 -31 -32 -33 34 -35 36 37 38 39 40 41 42 43 -44 45 46 -47 48 -49 -50 0
uf50-0778 88680 1 2 3 -4 5 6 7 8 -9 10 -11 12 13 -14 -15 -16 -17 -18 19 20 21 -22 23 24 -25 -26 -27 28 29 30 -31 -32 -33 34 -35 36 37 38 39 40 41 42 43 -44 45 46 -47 48 -49 -50 0
uf50-0778 94870 -1 2 3 4 5 6 -7 -8 -9 10 11 12 -13 14 15 16 -17 -18 19 20 21 22 23 -24 -25 -26 -27 -28 -29 30 -31 -32 -33 34 -35 36 -37 -38 -39 40 -41 -42 -43 44 45 46 -47 -48 -49 50 0
uf50-0778 88680 1 2 3 -4 5 6 7 8 -9 10 -11 12 13 -14 -15 -16 -17 -18 19 20 21 -22 23 24 -25 -26 -27 28 29 30 -31 -32 -33 34 -35 36 37 38 39 40 41 42 43 -44 45 46 -47 48 -49 -50 0
uf50-0778 94870 -1 2 3 4 5 6 -7 -8 -9 10 11 12 -13 14 15 16 -17 -18 19 20 21 22 23 -24 -25 -26 -27 -28 -29 30 -31 -32 -33 34 -35 36 -37 -38 -39 40 -41 -42 -43 44 45 46 -47 -48 -49 50 0
uf50-0778 88680 1 2 3 -4 5 6 7 8 -9 10 -11 12 13 -14 -15 -16 -17 -18 19 20 21 -22 23 24 -25 -26 -27 28 29 30 -31 -32 -33 34 -35 36 37 38 39 40 41 42 43 -44 45 46 -47 48 -49 -50 0
uf50-0778 88680 1 2 3 -4 5 6 7 8 -9 10 -11 12 13 -14 -15 -16 -17 -18 19 20 21 -22 23 24 -25 -26 -27 28 29 30 -31 -32 -33 34 -35 36 37 38 39 40 41 42 43 -44 45 46 -47 48 -49 -50 0
uf50-0778 88680 1 2 3 -4 5 6 7 8 -9 10 -11 12 13 -14 -15 -16 -17 -18 19 20 21 -22 23 24 -25 -26 -27 28 29 30 -31 -32 -33 34 -35 36 37 38 39 40 41 42 43 -44 45 46 -47 48 -49 -50 0
uf50-0778 88680 1 2 3 -4 5 6 7 8 -9 10 -11 12 13 -14 -15 -16 -17 -18 19 20 21 -22 23 24 -25 -26 -27 28 29 30 -31 -32 -33 34 -35 36 37 38 39 40 41 42 43 -44 45 46 -47 48 -49 -50 0
uf50-0778 88680 1 2 3 -4 5 6 7 8 -9 10 -11 12 13 -14 -15 -16 -17 -18 19 20 21 -22 23 24 -25 -26 -27 28 29 30 -31 -32 -33 34 -35 36 37 38 39 40 41 42 43 -44 45 46 -47 48 -49 -50 0
uf50-0778 94870 -1 2 3 4 5 6 -7 -8 -9 10 11 12 -13 14 15 16 -17 -18 19 20 21 22 23 -24 -25 -26 -27 -28 -29 30 -31 -32 -33 34 -35 36 -37 -38 -39 40 -41 -42 -43 44 45 46 -47 -48 -49 50 0
uf50-0778 88680 1 2 3 -4 5 6 7 8 -9 10 -11 12 13 -14 -15 -16 -17 -18 19 20 21 -22 23 24 -25 -26 -27 28 29 30 -31 -32 -33 34 -35 36 37 38 39 40 41 42 43 -44 45 46 -47 48 -49 -50 0
uf50-0778 88680 1 2 3 -4 5 6 7 8 -9 10 -11 12 13 -14 -15 -16 -17 -18 19 20 21 -22 23 24 -25 -26 -27 28 29 30 -31 -32 -33 34 -35 36 37 38 39 40 41 42 43 -44 45 46 -47 48 -49 -50 0
uf50-0778 88680 1 2 3 -4 5 6 7 8 -9 10 -11 12 13 -14 -15 -16 -17 -18 19 20 21 -22 23 24 -25 -26 -27 28 29 30 -31 -32 -33 34 -35 36 37 38 39 40 41 42 43 -44 45 46 -47 48 -49 -50 0
uf50-0778 88141 1 2 3 -4 5 6 7 8 -9 10 -11 12 13 -14 -15 -16 -17 -18 19 20 21 -22 23 24 -25 -26 -27 -28 29 30 -31 -32 -33 34 -35 36 37 38 39 40 41 42 43 -44 45 46 -47 48 -49 -50 0
uf50-0778 81143 1 2 3 -4 5 6 7 8 -9 10 -11 -12 13 -14 -15 -16 -17 -18 -19 20 21 -22 23 -24 -25 -26 27 28 29 30 -31 -32 -33 34 -35 36 37 -38 39 40 41 42 43 -44 45 46 -47 48 -49 -50 0
uf50-0778 88680 1 2 3 -4 5 6 7 8 -9 10 -11 12 13 -14 -15 -16 -17 -18 19 20 21 -22 23 24 -25 -26 -27 28 29 30 -31 -32 -33 34 -35 36 37 38 39 40 41 42 43 -44 45 46 -47 48 -49 -50 0
uf50-0778 88680 1 2 3 -4 5 6 7 8 -9 10 -11 12 13 -14 -15 -16 -17 -18 19 20 21 -22 23 24 -25 -26 -27 28 29 30 -31 -32 -33 34 -35 36 37 38 39 40 41 42 43 -44 45 46 -47 48 -49 -50 0
uf50-0778 92180 -1 2 3 4 5 6 -7 -8 -9 10 11 12 -13 14 15 -16 -17 -18 19 20 21 22 23 24 -25 -26 -27 -28 -29 30 -31 -32 -33 34 -35 36 -37 -38 -39 40 -41 -42 -43 44 45 46 -47 -48 -49 50 0
uf50-0778 88680 1 2 3 -4 5 6 7 8 -9 10 -11 12 13 -14 -15 -16 -17 -18 19 20 21 -22 23 24 -25 -26 -27 28 29 30 -31 -32 -33 34 -35 36 37 38 39 40 41 42 43 -44 45 46 -47 48 -49 -50 0
uf50-0778 88680 1 2 3 -4 5 6 7 8 -9 10 -11 12 13 -14 -15 -16 -17 -18 19 20 21 -22 23 24 -25 -26 -27 28 29 30 -31 -32 -33 34 -35 36 37 38 39 40 41 42 43 -44 45 46 -47 48 -49 -50 0
uf50-0778 88680 1 2 3 -4 5 6 7 8 -9 10 -11 12 13 -14 -15 -16 -17 -18 19 20 21 -22 23 24 -25 -26 -27 28 29 30 -31 -32 -33 34 -35 36 37 38 39 40 41 42 43 -44 45 46 -47 48 -49 -50 0
uf50-0778 88680 1 2 3 -4 5 6 7 8 -9 10 -11 12 13 -14 -15 -16 -17 -18 19 20 21 -22 23 24 -25 -26 -27 28 29 30 -31 -32 -33 34 -35 36 37 38 39 40 41 42 43 -44 45 46 -47 48 -49 -50 0
uf50-0778 94870 -1 2 3 4 5 6 -7 -8 -9 10 11 12 -13 14 15 16 -17 -18 19 20 21 22 23 -24 -25 -26 -27 -28 -29 30 -31 -32 -33 34 -35 36 -37 -38 -39 40 -41 -42 -43 44 45 46 -47 -48 -49 50 0
uf50-0778 88680 1 2 3 -4 5 6 7 8 -9 10 -11 12 13 -14 -15 -16 -17 -18 19 20 21 -22 23 24 -25 -26 -27 28 29 30 -31 -32 -33 34 -35 36 37 38 39 40 41 42 43 -44 45 46 -47 48 -49 -50 0
uf50-0778 88680 1 2 3 -4 5 6 7 8 -9 10 -11 12 13 -14 -15 -16 -17 -18 19 20 21 -22 23 24 -25 -26 -27 28 29 30 -31 -32 -33 34 -35 36 37 38 39 40 41 42 43 -44 45 46 -47 48 -49 -50 0
uf50-0778 92180 -1 2 3 4 5 6 -7 -8 -9 10 11 12 -13 14 15 -16 -17 -18 19 20 21 22 23 24 -25 -26 -27 -28 -29 30 -31 -32 -33 34 -35 36 -37 -38 -39 40 -41 -42 -43 44 45 46 -47 -48 -49 50 0
uf50-0778 94870 -1 2 3 4 5 6 -7 -8 -9 10 11 12 -13 14 15 16 -17 -18 19 20 21 22 23 -24 -25 -26 -27 -28 -29 30 -31 -32 -33 34 -35 36 -37 -38 -39 40 -41 -42 -43 44 45 46 -47 -48 -49 50 0
uf50-0778 92180 -1 2 3 4 5 6 -7 -8 -9 10 11 12 -13 14 15 -16 -17 -18 19 20 21 22 23 24 -25 -26 -27 -28 -29 30 -31 -32 -33 34 -35 36 -37 -38 -39 40 -41 -42 -43 44 45 46 -47 -48 -49 50 0
uf50-0778 88680 1 2 3 -4 5 6 7 8 -9 10 -11 12 13 -14 -15 -16 -17 -18 19 20 21 -22 23 24 -25 -26 -27 28 29 30 -31 -32 -33 34 -35 36 37 38 39 40 41 42 43 -44 45 46 -47 48 -49 -50 0
uf50-0778 88680 1 2 3 -4 5 6 7 8 -9 10 -11 12 13 -14 -15 -16 -17 -18 19 20 21 -22 23 24 -25 -26 -27 28 29 30 -31 -32 -33 34 -35 36 37 38 39 40 41 42 43 -44 45 46 -47 48 -49 -50 0
uf50-0778 88680 1 2 3 -4 5 6 7 8 -9 10 -11 12 13 -14 -15 -16 -17 -18 19 20 21 -22 23 24 -25 -26 -27 28 29 30 -31 -32 -33 34 -35 36 37 38 39 40 41 42 43 -44 45 46 -47 48 -49 -50 0
uf50-0778 88680 1 2 3 -4 5 6 7 8 -9 10 -11 12 13 -14 -15 -16 -17 -18 19 20 21 -22 23 24 -25 -26 -27 28 29 30 -31 -32 -33 34 -35 36 37 38 39 40 41 42 43 -44 45 46 -47 48 -49 -50 0
uf50-0778 88680 1 2 3 -4 5 6 7 8 -9 10 -11 12 13 -14 -15 -16 -17 -18 19 20 21 -22 23 24 -25 -26 -27 28 29 30 -31 -32 -33 34 -35 36 37 38 39 40 41 42 43 -44 45 46 -47 48 -49 -50 0
uf50-0778 88680 1 2 3 -4 5 6 7 8 -9 10 -11 12 13 -14 -15 -16 -17 -18 19 20 21 -22 23 24 -25 -26 -27 28 29 30 -31 -32 -33 34 -35 36 37 38 39 40 41 42 43 -44 45 46 -47 48 -49 -50 0
uf50-0778 88680 1 2 3 -4 5 6 7 8 -9 10 -11 12 13 -14 -15 -16 -17 -18 19 20 21 -22 23 24 -25 -26 -27 28 29 30 -31 -32 -33 34 -35 36 37 38 39 40 41 42 43 -44 45 46 -47 48 -49 -50 0
uf50-0778 88680 1 2 3 -4 5 6 7 8 -9 10 -11 12 13 -14 -15 -16 -17 -18 19 20 21 -22 23 24 -25 -26 -27 28 29 30 -31 -32 -33 34 -35 36 37 38 39 40 41 42 43 -44 45 46 -47 48 -49 -50 0
uf50-0778 88680 1 2 3 -4 5 6 7 8 -9 10 -11 12 13 -14 -15 -16 -17 -18 19 20 21 -22 23 24 -25 -26 -27 28 29 30 -31 -32 -33 34 -35 36 37 38 39 40 41 42 43 -44 45 46 -47 48 -49 -50 0
uf50-0778 88680 1 2 3 -4 5 6 7 8 -9 10 -11 12 13 -14 -15 -16 -17 -18 19 20 21 -22 23 24 -25 -26 -27 28 29 30 -31 -32 -33 34 -35 36 37 38 39 40 41 42 43 -44 45 46 -47 48 -49 -50 0
uf50-0778 94870 -1 2 3 4 5 6 -7 -8 -9 10 11 12 -13 14 15 16 -17 -18 19 20 21 22 23 -24 -25 -26 -27 -28 -29 30 -31 -32 -33 34 -35 36 -37 -38 -39 40 -41 -42 -43 44 45 46 -47 -48 -49 50 0
uf50-0778 88680 1 2 3 -4 5 6 7 8 -9 10 -11 12 13 -14 -15 -16 -17 -18 19 20 21 -22 23 24 -25 -26 -27 28 29 30 -31 -32 -33 34 -35 36 37 38 39 40 41 42 43 -44 45 46 -47 48 -49 -50 0
uf50-0778 88680 1 2 3 -4 5 6 7 8 -9 10 -11 12 13 -14 -15 -16 -17 -18 19 20 21 -22 23 24 -25 -26 -27 28 29 30 -31 -32 -33 34 -35 36 37 38 39 40 41 42 43 -44 45 46 -47 48 -49 -50 0
uf50-0778 88680 1 2 3 -4 5 6 7 8 -9 10 -11 12 13 -14 -15 -16 -17 -18 19 20 21 -22 23 24 -25 -26 -27 28 29 30 -31 -32 -33 34 -35 36 37 38 39 40 41 42 43 -44 45 46 -47 48 -49 -50 0
uf50-0778 88680 1 2 3 -4 5 6 7 8 -9 10 -11 12 13 -14 -15 -16 -17 -18 19 20 21 -22 23 24 -25 -26 -27 28 29 30 -31 -32 -33 34 -35 36 37 38 39 40 41 42 43 -44 45 46 -47 48 -49 -50 0
uf50-0778 88680 1 2 3 -4 5 6 7 8 -9 10 -11 12 13 -14 -15 -16 -17 -18 19 20 21 -22 23 24 -25 -26 -27 28 29 30 -31 -32 -33 34 -35 36 37 38 39 40 41 42 43 -44 45 46 -47 48 -49 -50 0
