uf50-0373 118083 -1 -2 3 4 5 -6 -7 -8 9 -10 -11 -12 13 14 15 16 17 18 19 -20 21 -22 23 24 25 26 27 -28 -29 -30 31 -32 -33 -34 35 -36 37 38 39 -40 -41 42 -43 44 -45 46 47 -48 49 50 0
uf50-0373 118083 -1 -2 3 4 5 -6 -7 -8 9 -10 -11 -12 13 14 15 16 17 18 19 -20 21 -22 23 24 25 26 27 -28 -29 -30 31 -32 -33 -34 35 -36 37 38 39 -40 -41 42 -43 44 -45 46 47 -48 49 50 0
uf50-0373 118083 -1 -2 3 4 5 -6 -7 -8 9 -10 -11 -12 13 14 15 16 17 18 19 -20 21 -22 23 24 25 26 27 -28 -29 -30 31 -32 -33 -34 35 -36 37 38 39 -40 -41 42 -43 44 -45 46 47 -48 49 50 0
uf50-0373 118083 -1 -2 3 4 5 -6 -7 -8 9 -10 -11 -12 13 14 15 16 17 18 19 -20 21 -22 23 24 25 26 27 -28 -29 -30 31 -32 -33 -34 35 -36 37 38 39 -40 -41 42 -43 44 -45 46 47 -48 49 50 0
uf50-0373 118083 -1 -2 3 4 5 -6 -7 -8 9 -10 -11 -12 13 14 15 16 17 18 19 -20 21 -22 23 24 25 26 27 -28 -29 -30 31 -32 -33 -34 35 -36 37 38 39 -40 -41 42 -43 44 -45 46 47 -48 49 50 0
uf50-0373 118083 -1 -2 3 4 5 -6 -7 -8 9 -10 -11 -12 13 14 15 16 17 18 19 -20 21 -22 23 24 25 26 27 -28 -29 -30 31 -32 -33 -34 35 -36 37 38 39 -40 -41 42 -43 44 -45 46 47 -48 49 50 0
uf50-0373 118083 -1 -2 3 4 5 -6 -7 -8 9 -10 -11 -12 13 14 15 16 17 18 19 -20 21 -22 23 24 25 26 27 -28 -29 -30 31 -32 -33 -34 35 -36 37 38 39 -40 -41 42 -43 44 -45 46 47 -48 49 50 0
uf50-0373 118083 -1 -2 3 4 5 -6 -7 -8 9 -10 -11 -12 13 14 15 16 17 18 19 -20 21 -22 23 24 25 26 27 -28 -29 -30 31 -32 -33 -34 35 -36 37 38 39 -40 -41 42 -43 44 -45 46 47 -48 49 50 0
uf50-0373 118083 -1 -2 3 4 5 -6 -7 -8 9 -10 -11 -12 13 14 15 16 17 18 19 -20 21 -22 23 24 25 26 27 -28 -29 -30 31 -32 -33 -34 35 -36 37 38 39 -40 -41 42 -43 44 -45 46 47 -48 49 50 0
uf50-0373 118083 -1 -2 3 4 5 -6 -7 -8 9 -10 -11 -12 13 14 15 16 17 18 19 -20 21 -22 23 24 25 26 27 -28 -29 -30 31 -32 -33 -34 35 -36 37 38 39 -40 -41 42 -43 44 -45 46 47 -48 49 50 0
uf50-0373 118083 -1 -2 3 4 5 -6 -7 -8 9 -10 -11 -12 13 14 15 16 17 18 19 -20 21 -22 23 24 25 26 27 -28 -29 -30 31 -32 -33 -34 35 -36 37 38 39 -40 -41 42 -43 44 -45 46 47 -48 49 50 0
uf50-0373 118083 -1 -2 3 4 5 -6 -7 -8 9 -10 -11 -12 13 14 15 16 17 18 19 -20 21 -22 23 24 25 26 27 -28 -29 -30 31 -32 -33 -34 35 -36 37 38 39 -40 -41 42 -43 44 -45 46 47 -48 49 50 0
uf50-0373 118083 -1 -2 3 4 5 -6 -7 -8 9 -10 -11 -12 13 14 15 16 17 18 19 -20 21 -22 23 24 25 26 27 -28 -29 -30 31 -32 -33 -34 35 -36 37 38 39 -40 -41 42 -43 44 -45 46 47 -48 49 50 0
uf50-0373 118083 -1 -2 3 4 5 -6 -7 -8 9 -10 -11 -12 13 14 15 16 17 18 19 -20 21 -22 23 24 25 26 27 -28 -29 -30 31 -32 -33 -34 35 -36 37 38 39 -40 -41 42 -43 44 -45 46 47 -48 49 50 0
uf50-0373 118083 -1 -2 3 4 5 -6 -7 -8 9 -10 -11 -12 13 14 15 16 17 18 19 -20 21 -22 23 24 25 26 27 -28 -29 -30 31 -32 -33 -34 35 -36 37 38 39 -40 -41 42 -43 44 -45 46 47 -48 49 50 0
uf50-0373 118083 -1 -2 3 4 5 -6 -7 -8 9 -10 -11 -12 13 14 15 16 17 18 19 -20 21 -22 23 24 25 26 27 -28 -29 -30 31 -32 -33 -34 35 -36 37 38 39 -40 -41 42 -43 44 -45 46 47 -48 49 50 0
uf50-0373 118083 -1 -2 3 4 5 -6 -7 -8 9 -10 -11 -12 13 14 15 16 17 18 19 -20 21 -22 23 24 25 26 27 -28 -29 -30 31 -32 -33 -34 35 -36 37 38 39 -40 -41 42 -43 44 -45 46 47 -48 49 50 0
uf50-0373 118083 -1 -2 3 4 5 -6 -7 -8 9 -10 -11 -12 13 14 15 16 17 18 19 -20 21 -22 23 24 25 26 27 -28 -29 -30 31 -32 -33 -34 35 -36 37 38 39 -40 -41 42 -43 44 -45 46 47 -48 49 50 0
uf50-0373 97220 1 -2 3 -4 -5 -6 -7 -8 -9 10 -11 -12 -13 14 15 16 17 18 19 -20 21 -22 23 -24 25 -26 27 -28 -29 -30 31 -32 33 -34 35 36 37 38 -39 -40 -41 42 43 44 -45 46 -47 -48 49 50 0
uf50-0373 118083 -1 -2 3 4 5 -6 -7 -8 9 -10 -11 -12 13 14 15 16 17 18 19 -20 21 -22 23 24 25 26 27 -28 -29 -30 31 -32 -33 -34 35 -36 37 38 39 -40 -41 42 -43 44 -45 46 47 -48 49 50 0
uf50-0373 118083 -1 -2 3 4 5 -6 -7 -8 9 -10 -11 -12 13 14 15 16 17 18 19 -20 21 -22 23 24 25 26 27 -28 -29 -30 31 -32 -33 -34 35 -36 37 38 39 -40 -41 42 -43 44 -45 46 47 -48 49 50 0
uf50-0373 118083 -1 -2 3 4 5 -6 -7 -8 9 -10 -11 -12 13 14 15 16 17 18 19 -20 21 -22 23 24 25 26 27 -28 -29 -30 31 -32 -33 -34 35 -36 37 38 39 -40 -41 42 -43 44 -45 46 47 -48 49 50 0
uf50-0373 118083 -1 -2 3 4 5 -6 -7 -8 9 -10 -11 -12 13 14 15 16 17 18 19 -20 21 -22 23 24 25 26 27 -28 -29 -30 31 -32 -33 -34 35 -36 37 38 39 -40 -41 42 -43 44 -45 46 47 -48 49 50 0
uf50-0373 117696 -1 -2 3 4 5 -6 -7 -8 9 -10 -11 -12 13 14 15 16 17 18 19 -20 21 -22 23 24 25 26 27 -28 -29 -30 -31 32 -33 -34 35 -36 37 38 39 -40 -41 42 -43 44 -45 46 47 -48 49 50 0
uf50-0373 118083 -1 -2 3 4 5 -6 -7 -8 9 -10 -11 -12 13 14 15 16 17 18 19 -20 21 -22 23 24 25 26 27 -28 -29 -30 31 -32 -33 -34 35 -36 37 38 39 -40 -41 42 -43 44 -45 46 47 -48 49 50 0
uf50-0373 118083 -1 -2 3 4 5 -6 -7 -8 9 -10 -11 -12 13 14 15 16 17 18 19 -20 21 -22 23 24 25 26 27 -28 -29 -30 31 -32 -33 -34 35 -36 37 38 39 -40 -41 42 -43 44 -45 46 47 -48 49 50 0
uf50-0373 116795 -1 -2 3 4 5 -6 7 -8 9 -10 -11 -12 13 14 15 16 17 18 19 -20 21 -22 23 24 25 26 27 -28 -29 -30 -31 32 -33 -34 35 -36 37 38 39 -40 -41 42 -43 44 45 46 47 -48 49 -50 0
uf50-0373 118083 -1 -2 3 4 5 -6 -7 -8 9 -10 -11 -12 13 14 15 16 17 18 19 -20 21 -22 23 24 25 26 27 -28 -29 -30 31 -32 -33 -34 35 -36 37 38 39 -40 -41 42 -43 44 -45 46 47 -48 49 50 0
uf50-0373 118083 -1 -2 3 4 5 -6 -7 -8 9 -10 -11 -12 13 14 15 16 17 18 19 -20 21 -22 23 24 25 26 27 -28 -29 -30 31 -32 -33 -34 35 -36 37 38 39 -40 -41 42 -43 44 -45 46 47 -48 49 50 0
uf50-0373 118083 -1 -2 3 4 5 -6 -7 -8 9 -10 -11 -12 13 14 15 16 17 18 19 -20 21 -22 23 24 25 26 27 -28 -29 -30 31 -32 -33 -34 35 -36 37 38 39 -40 -41 42 -43 44 -45 46 47 -48 49 50 0
uf50-0373 118083 -1 -2 3 4 5 -6 -7 -8 9 -10 -11 -12 13 14 15 16 17 18 19 -20 21 -22 23 24 25 26 27 -28 -29 -30 31 -32 -33 -34 35 -36 37 38 39 -40 -41 42 -43 44 -45 46 47 -48 49 50 0
uf50-0373 118083 -1 -2 3 4 5 -6 -7 -8 9 -10 -11 -12 13 14 15 16 17 18 19 -20 21 -22 23 24 25 26 27 -28 -29 -30 31 -32 -33 -34 35 -36 37 38 39 -40 -41 42 -43 44 -45 46 47 -48 49 50 0
uf50-0373 118083 -1 -2 3 4 5 -6 -7 -8 9 -10 -11 -12 13 14 15 16 17 18 19 -20 21 -22 23 24 25 26 27 -28 -29 -30 31 -32 -33 -34 35 -36 37 38 39 -40 -41 42 -43 44 -45 46 47 -48 49 50 0
uf50-0373 118083 -1 -2 3 4 5 -6 -7 -8 9 -10 -11 -12 13 14 15 16 17 18 19 -20 21 -22 23 24 25 26 27 -28 -29 -30 31 -32 -33 -34 35 -36 37 38 39 -40 -41 42 -43 44 -45 46 47 -48 49 50 0
uf50-0373 118083 -1 -2 3 4 5 -6 -7 -8 9 -10 -11 -12 13 14 15 16 17 18 19 -20 21 -22 23 24 25 26 27 -28 -29 -30 31 -32 -33 -34 35 -36 37 38 39 -40 -41 42 -43 44 -45 46 47 -48 49 50 0
uf50-0373 118083 -1 -2 3 4 5 -6 -7 -8 9 -10 -11 -12 13 14 15 16 17 18 19 -20 21 -22 23 24 25 26 27 -28 -29 -30 31 -32 -33 -34 35 -36 37 38 39 -40 -41 42 -43 44 -45 46 47 -48 49 50 0
uf50-0373 118083 -1 -2 3 4 5 -6 -7 -8 9 -10 -11 -12 13 14 15 16 17 18 19 -20 21 -22 23 24 25 26 27 -28 -29 -30 31 -32 -33 -34 35 -36 37 38 39 -40 -41 42 -43 44 -45 46 47 -48 49 50 0
uf50-0373 118083 -1 -2 3 4 5 -6 -7 -8 9 -10 -11 -12 13 14 15 16 17 18 19 -20 21 -22 23 24 25 26 27 -28 -29 -30 31 -32 -33 -34 35 -36 37 38 39 -40 -41 42 -43 44 -45 46 47 -48 49 50 0
uf50-0373 118083 -1 -2 3 4 5 -6 -7 -8 9 -10 -11 -12 13 14 15 16 17 18 19 -20 21 -22 23 24 25 26 27 -28 -29 -30 31 -32 -33 -34 35 -36 37 38 39 -40 -41 42 -43 44 -45 46 47 -48 49 50 0
uf50-0373 118083 -1 -2 3 4 5 -6 -7 -8 9 -10 -11 -12 13 14 15 16 17 18 19 -20 21 -22 23 24 25 26 27 -28 -29 -30 31 -32 -33 -34 35 -36 37 38 39 -40 -41 42 -43 44 -45 46 47 -48 49 50 0
uf50-0373 118083 -1 -2 3 4 5 -6 -7 -8 9 -10 -11 -12 13 14 15 16 17 18 19 -20 21 -22 23 24 25 26 27 -28 -29 -30 31 -32 -33 -34 35 -36 37 38 39 -40 -41 42 -43 44 -45 46 47 -48 49 50 0
uf50-0373 118083 -1 -2 3 4 5 -6 -7 -8 9 -10 -11 -12 13 14 15 16 17 18 19 -20 21 -22 23 24 25 26 27 -28 -29 -30 31 -32 -33 -34 35 -36 37 38 39 -40 -41 42 -43 44 -45 46 47 -48 49 50 0
uf50-0373 118083 -1 -2 3 4 5 -6 -7 -8 9 -10 -11 -12 13 14 15 16 17 18 19 -20 21 -22 23 24 25 26 27 -28 -29 -30 31 -32 -33 -34 35 -36 37 38 39 -40 -41 42 -43 44 -45 46 47 -48 49 50 0
uf50-0373 118083 -1 -2 3 4 5 -6 -7 -8 9 -10 -11 -12 13 14 15 16 17 18 19 -20 21 -22 23 24 25 26 27 -28 -29 -30 31 -32 -33 -34 35 -36 37 38 39 -40 -41 42 -43 44 -45 46 47 -48 49 50 0
uf50-0373 118083 -1 -2 3 4 5 -6 -7 -8 9 -10 -11 -12 13 14 15 16 17 18 19 -20 21 -22 23 24 25 26 27 -28 -29 -30 31 -32 -33 -34 35 -36 37 38 39 -40 -41 42 -43 44 -45 46 47 -48 49 50 0
uf50-0373 118083 -1 -2 3 4 5 -6 -7 -8 9 -10 -11 -12 13 14 15 16 17 18 19 -20 21 -22 23 24 25 26 27 -28 -29 -30 31 -32 -33 -34 35 -36 37 38 39 -40 -41 42 -43 44 -45 46 47 -48 49 50 0
uf50-0373 118083 -1 -2 3 4 5 -6 -7 -8 9 -10 -11 -12 13 14 15 16 17 18 19 -20 21 -22 23 24 25 26 27 -28 -29 -30 31 -32 -33 -34 35 -36 37 38 39 -40 -41 42 -43 44 -45 46 47 -48 49 50 0
uf50-0373 118083 -1 -2 3 4 5 -6 -7 -8 9 -10 -11 -12 13 14 15 16 17 18 19 -20 21 -22 23 24 25 26 27 -28 -29 -30 31 -32 -33 -34 35 -36 37 38 39 -40 -41 42 -43 44 -45 46 47 -48 49 50 0
uf50-0373 118083 -1 -2 3 4 5 -6 -7 -8 9 -10 -11 -12 13 14 15 16 17 18 19 -20 21 -22 23 24 25 26 27 -28 -29 -30 31 -32 -33 -34 35 -36 37 38 39 -40 -41 42 -43 44 -45 46 47 -48 49 50 0
uf50-0373 115250 -1 -2 3 4 5 -6 7 -8 9 -10 -11 -12 13 14 15 16 17 18 19 -20 21 -22 23 24 25 26 27 -28 -29 -30 -31 -32 -33 -34 35 -36 37 38 39 -40 -41 42 -43 44 45 46 47 -48 49 -50 0
uf50-0373 118083 -1 -2 3 4 5 -6 -7 -8 9 -10 -11 -12 13 14 15 16 17 18 19 -20 21 -22 23 24 25 26 27 -28 -29 -30 31 -32 -33 -34 35 -36 37 38 39 -40 -41 42 -43 44 -45 46 47 -48 49 50 0
uf50-0373 118083 -1 -2 3 4 5 -6 -7 -8 9 -10 -11 -12 13 14 15 16 17 18 19 -20 21 -22 23 24 25 26 27 -28 -29 -30 31 -32 -33 -34 35 -36 37 38 39 -40 -41 42 -43 44 -45 46 47 -48 49 50 0
uf50-0373 118083 -1 -2 3 4 5 -6 -7 -8 9 -10 -11 -12 13 14 15 16 17 18 19 -20 21 -22 23 24 25 26 27 -28 -29 -30 31 -32 -33 -34 35 -36 37 38 39 -40 -41 42 -43 44 -45 46 47 -48 49 50 0
uf50-0373 118083 -1 -2 3 4 5 -6 -7 -8 9 -10 -11 -12 13 14 15 16 17 18 19 -20 21 -22 23 24 25 26 27 -28 -29 -30 31 -32 -33 -34 35 -36 37 38 39 -40 -41 42 -43 44 -45 46 47 -48 49 50 0
uf50-0373 118083 -1 -2 3 4 5 -6 -7 -8 9 -10 -11 -12 13 14 15 16 17 18 19 -20 21 -22 23 24 25 26 27 -28 -29 -30 31 -32 -33 -34 35 -36 37 38 39 -40 -41 42 -43 44 -45 46 47 -48 49 50 0
uf50-0373 115507 -1 -2 3 4 5 -6 7 -8 9 -10 -11 -12 13 14 15 16 17 18 19 -20 21 -22 23 24 25 26 27 -28 -29 -30 -31 32 -33 -34 35 -36 37 38 39 -40 -41 42 -43 44 -45 46 47 -48 49 -50 0
uf50-0373 118083 -1 -2 3 4 5 -6 -7 -8 9 -10 -11 -12 13 14 15 16 17 18 19 -20 21 -22 23 24 25 26 27 -28 -29 -30 31 -32 -33 -34 35 -36 37 38 39 -40 -41 42 -43 44 -45 46 47 -48 49 50 0
uf50-0373 118083 -1 -2 3 4 5 -6 -7 -8 9 -10 -11 -12 13 14 15 16 17 18 19 -20 21 -22 23 24 25 26 27 -28 -29 -30 31 -32 -33 -34 35 -36 37 38 39 -40 -41 42 -43 44 -45 46 47 -48 49 50 0
uf50-0373 118083 -1 -2 3 4 5 -6 -7 -8 9 -10 -11 -12 13 14 15 16 17 18 19 -20 21 -22 23 24 25 26 27 -28 -29 -30 31 -32 -33 -34 35 -36 37 38 39 -40 -41 42 -43 44 -45 46 47 -48 49 50 0
uf50-0373 118083 -1 -2 3 4 5 -6 -7 -8 9 -10 -11 -12 13 14 15 16 17 18 19 -20 21 -22 23 24 25 26 27 -28 -29 -30 31 -32 -33 -34 35 -36 37 38 39 -40 -41 42 -43 44 -45 46 47 -48 49 50 0
uf50-0373 118083 -1 -2 3 4 5 -6 -7 -8 9 -10 -11 -12 13 14 15 16 17 18 19 -20 21 -22 23 24 25 26 27 -28 -29 -30 31 -32 -33 -34 35 -36 37 38 39 -40 -41 42 -43 44 -45 46 47 -48 49 50 0
uf50-0373 118083 -1 -2 3 4 5 -6 -7 -8 9 -10 -11 -12 13 14 15 16 17 18 19 -20 21 -22 23 24 25 26 27 -28 -29 -30 31 -32 -33 -34 35 -36 37 38 39 -40 -41 42 -43 44 -45 46 47 -48 49 50 0
uf50-0373 118083 -1 -2 3 4 5 -6 -7 -8 9 -10 -11 -12 13 14 15 16 17 18 19 -20 21 -22 23 24 25 26 27 -28 -29 -30 31 -32 -33 -34 35 -36 37 38 39 -40 -41 42 -43 44 -45 46 47 -48 49 50 0
uf50-0373 118083 -1 -2 3 4 5 -6 -7 -8 9 -10 -11 -12 13 14 15 16 17 18 19 -20 21 -22 23 24 25 26 27 -28 -29 -30 31 -32 -33 -34 35 -36 37 38 39 -40 -41 42 -43 44 -45 46 47 -48 49 50 0
uf50-0373 118083 -1 -2 3 4 5 -6 -7 -8 9 -10 -11 -12 13 14 15 16 17 18 19 -20 21 -22 23 24 25 26 27 -28 -29 -30 31 -32 -33 -34 35 -36 37 38 39 -40 -41 42 -43 44 -45 46 47 -48 49 50 0
uf50-0373 118083 -1 -2 3 4 5 -6 -7 -8 9 -10 -11 -12 13 14 15 16 17 18 19 -20 21 -22 23 24 25 26 27 -28 -29 -30 31 -32 -33 -34 35 -36 37 38 39 -40 -41 42 -43 44 -45 46 47 -48 49 50 0
uf50-0373 118083 -1 -2 3 4 5 -6 -7 -8 9 -10 -11 -12 13 14 15 16 17 18 19 -20 21 -22 23 24 25 26 27 -28 -29 -30 31 -32 -33 -34 35 -36 37 38 39 -40 -41 42 -43 44 -45 46 47 -48 49 50 0
uf50-0373 118083 -1 -2 3 4 5 -6 -7 -8 9 -10 -11 -12 13 14 15 16 17 18 19 -20 21 -22 23 24 25 26 27 -28 -29 -30 31 -32 -33 -34 35 -36 37 38 39 -40 -41 42 -43 44 -45 46 47 -48 49 50 0
uf50-0373 118083 -1 -2 3 4 5 -6 -7 -8 9 -10 -11 -12 13 14 15 16 17 18 19 -20 21 -22 23 24 25 26 27 -28 -29 -30 31 -32 -33 -34 35 -36 37 38 39 -40 -41 42 -43 44 -45 46 47 -48 49 50 0
uf50-0373 118083 -1 -2 3 4 5 -6 -7 -8 9 -10 -11 -12 13 14 15 16 17 18 19 -20 21 -22 23 24 25 26 27 -28 -29 -30 31 -32 -33 -34 35 -36 37 38 39 -40 -41 42 -43 44 -45 46 47 -48 49 50 0
uf50-0373 118083 -1 -2 3 4 5 -6 -7 -8 9 -10 -11 -12 13 14 15 16 17 18 19 -20 21 -22 23 24 25 26 27 -28 -29 -30 31 -32 -33 -34 35 -36 37 38 39 -40 -41 42 -43 44 -45 46 47 -48 49 50 0
uf50-0373 118083 -1 -2 3 4 5 -6 -7 -8 9 -10 -11 -12 13 14 15 16 17 18 19 -20 21 -22 23 24 25 26 27 -28 -29 -30 31 -32 -33 -34 35 -36 37 38 39 -40 -41 42 -43 44 -45 46 47 -48 49 50 0
uf50-0373 118083 -1 -2 3 4 5 -6 -7 -8 9 -10 -11 -12 13 14 15 16 17 18 19 -20 21 -22 23 24 25 26 27 -28 -29 -30 31 -32 -33 -34 35 -36 37 38 39 -40 -41 42 -43 44 -45 46 47 -48 49 50 0
uf50-0373 118083 -1 -2 3 4 5 -6 -7 -8 9 -10 -11 -12 13 14 15 16 17 18 19 -20 21 -22 23 24 25 26 27 -28 -29 -30 31 -32 -33 -34 35 -36 37 38 39 -40 -41 42 -43 44 -45 46 47 -48 49 50 0
uf50-0373 118083 -1 -2 3 4 5 -6 -7 -8 9 -10 -11 -12 13 14 15 16 17 18 19 -20 21 -22 23 24 25 26 27 -28 -29 -30 31 -32 -33 -34 35 -36 37 38 39 -40 -41 42 -43 44 -45 46 47 -48 49 50 0
uf50-0373 118083 -1 -2 3 4 5 -6 -7 -8 9 -10 -11 -12 13 14 15 16 17 18 19 -20 21 -22 23 24 25 26 27 -28 -29 -30 31 -32 -33 -34 35 -36 37 38 39 -40 -41 42 -43 44 -45 46 47 -48 49 50 0
uf50-0373 118083 -1 -2 3 4 5 -6 -7 -8 9 -10 -11 -12 13 14 15 16 17 18 19 -20 21 -22 23 24 25 26 27 -28 -29 -30 31 -32 -33 -34 35 -36 37 38 39 -40 -41 42 -43 44 -45 46 47 -48 49 50 0
uf50-0373 118083 -1 -2 3 4 5 -6 -7 -8 9 -10 -11 -12 13 14 15 16 17 18 19 -20 21 -22 23 24 25 26 27 -28 -29 -30 31 -32 -33 -34 35 -36 37 38 39 -40 -41 42 -43 44 -45 46 47 -48 49 50 0
uf50-0373 118083 -1 -2 3 4 5 -6 -7 -8 9 -10 -11 -12 13 14 15 16 17 18 19 -20 21 -22 23 24 25 26 27 -28 -29 -30 31 -32 -33 -34 35 -36 37 38 39 -40 -41 42 -43 44 -45 46 47 -48 49 50 0
uf50-0373 97220 1 -2 3 -4 -5 -6 -7 -8 -9 10 -11 -12 -13 14 15 16 17 18 19 -20 21 -22 23 -24 25 -26 27 -28 -29 -30 31 -32 33 -34 35 36 37 38 -39 -40 -41 42 43 44 -45 46 -47 -48 49 50 0
uf50-0373 118083 -1 -2 3 4 5 -6 -7 -8 9 -10 -11 -12 13 14 15 16 17 18 19 -20 21 -22 23 24 25 26 27 -28 -29 -30 31 -32 -33 -34 35 -36 37 38 39 -40 -41 42 -43 44 -45 46 47 -48 49 50 0
uf50-0373 118083 -1 -2 3 4 5 -6 -7 -8 9 -10 -11 -12 13 14 15 16 17 18 19 -20 21 -22 23 24 25 26 27 -28 -29 -30 31 -32 -33 -34 35 -36 37 38 39 -40 -41 42 -43 44 -45 46 47 -48 49 50 0
uf50-0373 118083 -1 -2 3 4 5 -6 -7 -8 9 -10 -11 -12 13 14 15 16 17 18 19 -20 21 -22 23 24 25 26 27 -28 -29 -30 31 -32 -33 -34 35 -36 37 38 39 -40 -41 42 -43 44 -45 46 47 -48 49 50 0
uf50-0373 118083 -1 -2 3 4 5 -6 -7 -8 9 -10 -11 -12 13 14 15 16 17 18 19 -20 21 -22 23 24 25 26 27 -28 -29 -30 31 -32 -33 -34 35 -36 37 38 39 -40 -41 42 -43 44 -45 46 47 -48 49 50 0
uf50-0373 118083 -1 -2 3 4 5 -6 -7 -8 9 -10 -11 -12 13 14 15 16 17 18 19 -20 21 -22 23 24 25 26 27 -28 -29 -30 31 -32 -33 -34 35 -36 37 38 39 -40 -41 42 -43 44 -45 46 47 -48 49 50 0
uf50-0373 117696 -1 -2 3 4 5 -6 -7 -8 9 -10 -11 -12 13 14 15 16 17 18 19 -20 21 -22 23 24 25 26 27 -28 -29 -30 -31 32 -33 -34 35 -36 37 38 39 -40 -41 42 -43 44 -45 46 47 -48 49 50 0
uf50-0373 118083 -1 -2 3 4 5 -6 -7 -8 9 -10 -11 -12 13 14 15 16 17 18 19 -20 21 -22 23 24 25 26 27 -28 -29 -30 31 -32 -33 -34 35 -36 37 38 39 -40 -41 42 -43 44 -45 46 47 -48 49 50 0
uf50-0373 118083 -1 -2 3 4 5 -6 -7 -8 9 -10 -11 -12 13 14 15 16 17 18 19 -20 21 -22 23 24 25 26 27 -28 -29 -30 31 -32 -33 -34 35 -36 37 38 39 -40 -41 42 -43 44 -45 46 47 -48 49 50 0
uf50-0373 118083 -1 -2 3 4 5 -6 -7 -8 9 -10 -11 -12 13 14 15 16 17 18 19 -20 21 -22 23 24 25 26 27 -28 -29 -30 31 -32 -33 -34 35 -36 37 38 39 -40 -41 42 -43 44 -45 46 47 -48 49 50 0
uf50-0373 118083 -1 -2 3 4 5 -6 -7 -8 9 -10 -11 -12 13 14 15 16 17 18 19 -20 21 -22 23 24 25 26 27 -28 -29 -30 31 -32 -33 -34 35 -36 37 38 39 -40 -41 42 -43 44 -45 46 47 -48 49 50 0
uf50-0373 118083 -1 -2 3 4 5 -6 -7 -8 9 -10 -11 -12 13 14 15 16 17 18 19 -20 21 -22 23 24 25 26 27 -28 -29 -30 31 -32 -33 -34 35 -36 37 38 39 -40 -41 42 -43 44 -45 46 47 -48 49 50 0
uf50-0373 118083 -1 -2 3 4 5 -6 -7 -8 9 -10 -11 -12 13 14 15 16 17 18 19 -20 21 -22 23 24 25 26 27 -28 -29 -30 31 -32 -33 -34 35 -36 37 38 39 -40 -41 42 -43 44 -45 46 47 -48 49 50 0
uf50-0373 118083 -1 -2 3 4 5 -6 -7 -8 9 -10 -11 -12 13 14 15 16 17 18 19 -20 21 -22 23 24 25 26 27 -28 -29 -30 31 -32 -33 -34 35 -36 37 38 39 -40 -41 42 -43 44 -45 46 47 -48 49 50 0
uf50-0373 118083 -1 -2 3 4 5 -6 -7 -8 9 -10 -11 -12 13 14 15 16 17 18 19 -20 21 -22 23 24 25 26 27 -28 -29 -30 31 -32 -33 -34 35 -36 37 38 39 -40 -41 42 -43 44 -45 46 47 -48 49 50 0
uf50-0373 118083 -1 -2 3 4 5 -6 -7 -8 9 -10 -11 -12 13 14 15 16 17 18 19 -20 21 -22 23 24 25 26 27 -28 -29 -30 31 -32 -33 -34 35 -36 37 38 39 -40 -41 42 -43 44 -45 46 47 -48 49 50 0
uf50-0373 118083 -1 -2 3 4 5 -6 -7 -8 9 -10 -11 -12 13 14 15 16 17 18 19 -20 21 -22 23 24 25 26 27 -28 -29 -30 31 -32 -33 -34 35 -36 37 38 39 -40 -41 42 -43 44 -45 46 47 -48 49 50 0
uf50-0373 115250 -1 -2 3 4 5 -6 7 -8 9 -10 -11 -12 13 14 15 16 17 18 19 -20 21 -22 23 24 25 26 27 -28 -29 -30 -31 -32 -33 -34 35 -36 37 38 39 -40 -41 42 -43 44 45 46 47 -48 49 -50 0
uf50-0373 118083 -1 -2 3 4 5 -6 -7 -8 9 -10 -11 -12 13 14 15 16 17 18 19 -20 21 -22 23 24 25 26 27 -28 -29 -30 31 -32 -33 -34 35 -36 37 38 39 -40 -41 42 -43 44 -45 46 47 -48 49 50 0
uf50-0373 118083 -1 -2 3 4 5 -6 -7 -8 9 -10 -11 -12 13 14 15 16 17 18 19 -20 21 -22 23 24 25 26 27 -28 -29 -30 31 -32 -33 -34 35 -36 37 38 39 -40 -41 42 -43 44 -45 46 47 -48 49 50 0
uf50-0373 118083 -1 -2 3 4 5 -6 -7 -8 9 -10 -11 -12 13 14 15 16 17 18 19 -20 21 -22 23 24 25 26 27 -28 -29 -30 31 -32 -33 -34 35 -36 37 38 39 -40 -41 42 -43 44 -45 46 47 -48 49 50 0
