uf20-0649 33967 -1 2 3 4 5 -6 7 8 -9 -10 11 12 -13 -14 15 16 17 18 19 20 0
uf20-0649 34570 -1 2 3 4 5 -6 7 8 -9 10 11 12 -13 -14 15 16 17 18 19 20 0
uf20-0649 34570 -1 2 3 4 5 -6 7 8 -9 10 11 12 -13 -14 15 16 17 18 19 20 0
uf20-0649 34570 -1 2 3 4 5 -6 7 8 -9 10 11 12 -13 -14 15 16 17 18 19 20 0
uf20-0649 34570 -1 2 3 4 5 -6 7 8 -9 10 11 12 -13 -14 15 16 17 18 19 20 0
uf20-0649 34570 -1 2 3 4 5 -6 7 8 -9 10 11 12 -13 -14 15 16 17 18 19 20 0
uf20-0649 34570 -1 2 3 4 5 -6 7 8 -9 10 11 12 -13 -14 15 16 17 18 19 20 0
uf20-0649 34570 -1 2 3 4 5 -6 7 8 -9 10 11 12 -13 -14 15 16 17 18 19 20 0
uf20-0649 34570 -1 2 3 4 5 -6 7 8 -9 10 11 12 -13 -14 15 16 17 18 19 20 0
uf20-0649 33967 -1 2 3 4 5 -6 7 8 -9 -10 11 12 -13 -14 15 16 17 18 19 20 0
uf20-0649 33542 -1 2 -3 4 5 -6 7 8 -9 -10 11 12 13 -14 15 16 17 18 19 20 0
uf20-0649 34570 -1 2 3 4 5 -6 7 8 -9 10 11 12 -13 -14 15 16 17 18 19 20 0
uf20-0649 34570 -1 2 3 4 5 -6 7 8 -9 10 11 12 -13 -14 15 16 17 18 19 20 0
uf20-0649 34570 -1 2 3 4 5 -6 7 8 -9 10 11 12 -13 -14 15 16 17 18 19 20 0
uf20-0649 34570 -1 2 3 4 5 -6 7 8 -9 10 11 12 -13 -14 15 16 17 18 19 20 0
uf20-0649 33967 -1 2 3 4 5 -6 7 8 -9 -10 11 12 -13 -14 15 16 17 18 19 20 0
uf20-0649 34570 -1 2 3 4 5 -6 7 8 -9 10 11 12 -13 -14 15 16 17 18 19 20 0
uf20-0649 34570 -1 2 3 4 5 -6 7 8 -9 10 11 12 -13 -14 15 16 17 18 19 20 0
uf20-0649 34570 -1 2 3 4 5 -6 7 8 -9 10 11 12 -13 -14 15 16 17 18 19 20 0
uf20-0649 34570 -1 2 3 4 5 -6 7 8 -9 10 11 12 -13 -14 15 16 17 18 19 20 0
uf20-0649 34570 -1 2 3 4 5 -6 7 8 -9 10 11 12 -13 -14 15 16 17 18 19 20 0
uf20-0649 34570 -1 2 3 4 5 -6 7 8 -9 10 11 12 -13 -14 15 16 17 18 19 20 0
uf20-0649 34570 -1 2 3 4 5 -6 7 8 -9 10 11 12 -13 -14 15 16 17 18 19 20 0
uf20-0649 34570 -1 2 3 4 5 -6 7 8 -9 10 11 12 -13 -14 15 16 17 18 19 20 0
uf20-0649 34570 -1 2 3 4 5 -6 7 8 -9 10 11 12 -13 -14 15 16 17 18 19 20 0
uf20-0649 34570 -1 2 3 4 5 -6 7 8 -9 10 11 12 -13 -14 15 16 17 18 19 20 0
uf20-0649 33967 -1 2 3 4 5 -6 7 8 -9 -10 11 12 -13 -14 15 16 17 18 19 20 0
uf20-0649 34570 -1 2 3 4 5 -6 7 8 -9 10 11 12 -13 -14 15 16 17 18 19 20 0
uf20-0649 33967 -1 2 3 4 5 -6 7 8 -9 -10 11 12 -13 -14 15 16 17 18 19 20 0
uf20-0649 34570 -1 2 3 4 5 -6 7 8 -9 10 11 12 -13 -14 15 16 17 18 19 20 0
uf20-0649 34570 -1 2 3 4 5 -6 7 8 -9 10 11 12 -13 -14 15 16 17 18 19 20 0
uf20-0649 34570 -1 2 3 4 5 -6 7 8 -9 10 11 12 -13 -14 15 16 17 18 19 20 0
uf20-0649 34570 -1 2 3 4 5 -6 7 8 -9 10 11 12 -13 -14 15 16 17 18 19 20 0
uf20-0649 34570 -1 2 3 4 5 -6 7 8 -9 10 11 12 -13 -14 15 16 17 18 19 20 0
uf20-0649 34570 -1 2 3 4 5 -6 7 8 -9 10 11 12 -13 -14 15 16 17 18 19 20 0
uf20-0649 33967 -1 2 3 4 5 -6 7 8 -9 -10 11 12 -13 -14 15 16 17 18 19 20 0
uf20-0649 34570 -1 2 3 4 5 -6 7 8 -9 10 11 12 -13 -14 15 16 17 18 19 20 0
uf20-0649 34570 -1 2 3 4 5 -6 7 8 -9 10 11 12 -13 -14 15 16 17 18 19 20 0
uf20-0649 33967 -1 2 3 4 5 -6 7 8 -9 -10 11 12 -13 -14 15 16 17 18 19 20 0
uf20-0649 34570 -1 2 3 4 5 -6 7 8 -9 10 11 12 -13 -14 15 16 17 18 19 20 0
uf20-0649 33967 -1 2 3 4 5 -6 7 8 -9 -10 11 12 -13 -14 15 16 17 18 19 20 0
uf20-0649 34570 -1 2 3 4 5 -6 7 8 -9 10 11 12 -13 -14 15 16 17 18 19 20 0
uf20-0649 33967 -1 2 3 4 5 -6 7 8 -9 -10 11 12 -13 -14 15 16 17 18 19 20 0
uf20-0649 34570 -1 2 3 4 5 -6 7 8 -9 10 11 12 -13 -14 15 16 17 18 19 20 0
uf20-0649 34570 -1 2 3 4 5 -6 7 8 -9 10 11 12 -13 -14 15 16 17 18 19 20 0
uf20-0649 32785 -1 2 3 4 5 -6 7 8 -9 10 -11 12 -13 -14 15 16 17 18 19 20 0
uf20-0649 34570 -1 2 3 4 5 -6 7 8 -9 10 11 12 -13 -14 15 16 17 18 19 20 0
uf20-0649 34570 -1 2 3 4 5 -6 7 8 -9 10 11 12 -13 -14 15 16 17 18 19 20 0
uf20-0649 34570 -1 2 3 4 5 -6 7 8 -9 10 11 12 -13 -14 15 16 17 18 19 20 0
uf20-0649 34570 -1 2 3 4 5 -6 7 8 -9 10 11 12 -13 -14 15 16 17 18 19 20 0
uf20-03 40979 1 2 3 4 5 6 -7 8 9 10 11 -12 13 14 15 -16 17 18 19 20 0
uf20-03 40979 1 2 3 4 5 6 -7 8 9 10 11 -12 13 14 15 -16 17 18 19 20 0
uf20-03 40889 1 2 3 -4 5 6 -7 8 9 10 11 12 13 14 15 -16 17 18 19 20 0
uf20-03 40979 1 2 3 4 5 6 -7 8 9 10 11 -12 13 14 15 -16 17 18 19 20 0
uf20-03 40979 1 2 3 4 5 6 -7 8 9 10 11 -12 13 14 15 -16 17 18 19 20 0
uf20-03 40979 1 2 3 4 5 6 -7 8 9 10 11 -12 13 14 15 -16 17 18 19 20 0
uf20-03 40979 1 2 3 4 5 6 -7 8 9 10 11 -12 13 14 15 -16 17 18 19 20 0
uf20-03 40979 1 2 3 4 5 6 -7 8 9 10 11 -12 13 14 15 -16 17 18 19 20 0
uf20-03 40979 1 2 3 4 5 6 -7 8 9 10 11 -12 13 14 15 -16 17 18 19 20 0
uf20-03 40979 1 2 3 4 5 6 -7 8 9 10 11 -12 13 14 15 -16 17 18 19 20 0
uf20-03 40979 1 2 3 4 5 6 -7 8 9 10 11 -12 13 14 15 -16 17 18 19 20 0
uf20-03 40979 1 2 3 4 5 6 -7 8 9 10 11 -12 13 14 15 -16 17 18 19 20 0
uf20-03 40979 1 2 3 4 5 6 -7 8 9 10 11 -12 13 14 15 -16 17 18 19 20 0
uf20-03 40889 1 2 3 -4 5 6 -7 8 9 10 11 12 13 14 15 -16 17 18 19 20 0
uf20-03 40979 1 2 3 4 5 6 -7 8 9 10 11 -12 13 14 15 -16 17 18 19 20 0
uf20-03 40979 1 2 3 4 5 6 -7 8 9 10 11 -12 13 14 15 -16 17 18 19 20 0
uf20-03 40979 1 2 3 4 5 6 -7 8 9 10 11 -12 13 14 15 -16 17 18 19 20 0
uf20-03 40979 1 2 3 4 5 6 -7 8 9 10 11 -12 13 14 15 -16 17 18 19 20 0
uf20-03 40979 1 2 3 4 5 6 -7 8 9 10 11 -12 13 14 15 -16 17 18 19 20 0
uf20-03 40979 1 2 3 4 5 6 -7 8 9 10 11 -12 13 14 15 -16 17 18 19 20 0
uf20-03 40979 1 2 3 4 5 6 -7 8 9 10 11 -12 13 14 15 -16 17 18 19 20 0
uf20-03 40979 1 2 3 4 5 6 -7 8 9 10 11 -12 13 14 15 -16 17 18 19 20 0
uf20-03 40979 1 2 3 4 5 6 -7 8 9 10 11 -12 13 14 15 -16 17 18 19 20 0
uf20-03 40979 1 2 3 4 5 6 -7 8 9 10 11 -12 13 14 15 -16 17 18 19 20 0
uf20-03 40979 1 2 3 4 5 6 -7 8 9 10 11 -12 13 14 15 -16 17 18 19 20 0
uf20-03 40979 1 2 3 4 5 6 -7 8 9 10 11 -12 13 14 15 -16 17 18 19 20 0
uf20-03 40979 1 2 3 4 5 6 -7 8 9 10 11 -12 13 14 15 -16 17 18 19 20 0
uf20-03 40362 1 2 3 -4 -5 6 -7 8 9 10 11 12 13 14 15 -16 17 18 19 20 0
uf20-03 40979 1 2 3 4 5 6 -7 8 9 10 11 -12 13 14 15 -16 17 18 19 20 0
uf20-03 40979 1 2 3 4 5 6 -7 8 9 10 11 -12 13 14 15 -16 17 18 19 20 0
uf20-03 40979 1 2 3 4 5 6 -7 8 9 10 11 -12 13 14 15 -16 17 18 19 20 0
uf20-03 40979 1 2 3 4 5 6 -7 8 9 10 11 -12 13 14 15 -16 17 18 19 20 0
uf20-03 40979 1 2 3 4 5 6 -7 8 9 10 11 -12 13 14 15 -16 17 18 19 20 0
uf20-03 40979 1 2 3 4 5 6 -7 8 9 10 11 -12 13 14 15 -16 17 18 19 20 0
uf20-03 40889 1 2 3 -4 5 6 -7 8 9 10 11 12 13 14 15 -16 17 18 19 20 0
uf20-03 40979 1 2 3 4 5 6 -7 8 9 10 11 -12 13 14 15 -16 17 18 19 20 0
uf20-03 40979 1 2 3 4 5 6 -7 8 9 10 11 -12 13 14 15 -16 17 18 19 20 0
uf20-03 40979 1 2 3 4 5 6 -7 8 9 10 11 -12 13 14 15 -16 17 18 19 20 0
uf20-03 40979 1 2 3 4 5 6 -7 8 9 10 11 -12 13 14 15 -16 17 18 19 20 0
uf20-03 40979 1 2 3 4 5 6 -7 8 9 10 11 -12 13 14 15 -16 17 18 19 20 0
uf20-03 40979 1 2 3 4 5 6 -7 8 9 10 11 -12 13 14 15 -16 17 18 19 20 0
uf20-03 40979 1 2 3 4 5 6 -7 8 9 10 11 -12 13 14 15 -16 17 18 19 20 0
uf20-03 40979 1 2 3 4 5 6 -7 8 9 10 11 -12 13 14 15 -16 17 18 19 20 0
uf20-03 40979 1 2 3 4 5 6 -7 8 9 10 11 -12 13 14 15 -16 17 18 19 20 0
uf20-03 40979 1 2 3 4 5 6 -7 8 9 10 11 -12 13 14 15 -16 17 18 19 20 0
uf20-03 40979 1 2 3 4 5 6 -7 8 9 10 11 -12 13 14 15 -16 17 18 19 20 0
uf20-03 40979 1 2 3 4 5 6 -7 8 9 10 11 -12 13 14 15 -16 17 18 19 20 0
uf20-03 40979 1 2 3 4 5 6 -7 8 9 10 11 -12 13 14 15 -16 17 18 19 20 0
uf20-03 40979 1 2 3 4 5 6 -7 8 9 10 11 -12 13 14 15 -16 17 18 19 20 0
uf20-03 40979 1 2 3 4 5 6 -7 8 9 10 11 -12 13 14 15 -16 17 18 19 20 0
uf20-0210 25452 1 2 -3 4 -5 6 7 8 9 10 -11 12 13 14 -15 -16 -17 -18 19 -20 0
uf20-0210 25452 1 2 -3 4 -5 6 7 8 9 10 -11 12 13 14 -15 -16 -17 -18 19 -20 0
uf20-0210 25594 1 2 -3 4 -5 6 7 8 9 10 -11 12 13 14 15 -16 -17 -18 19 -20 0
uf20-0210 25594 1 2 -3 4 -5 6 7 8 9 10 -11 12 13 14 15 -16 -17 -18 19 -20 0
uf20-0210 25142 1 2 -3 4 5 6 7 8 9 10 11 12 -13 14 15 -16 -17 -18 19 -20 0
uf20-0210 25594 1 2 -3 4 -5 6 7 8 9 10 -11 12 13 14 15 -16 -17 -18 19 -20 0
uf20-0210 25594 1 2 -3 4 -5 6 7 8 9 10 -11 12 13 14 15 -16 -17 -18 19 -20 0
uf20-0210 25594 1 2 -3 4 -5 6 7 8 9 10 -11 12 13 14 15 -16 -17 -18 19 -20 0
uf20-0210 25594 1 2 -3 4 -5 6 7 8 9 10 -11 12 13 14 15 -16 -17 -18 19 -20 0
uf20-0210 25594 1 2 -3 4 -5 6 7 8 9 10 -11 12 13 14 15 -16 -17 -18 19 -20 0
uf20-0210 25594 1 2 -3 4 -5 6 7 8 9 10 -11 12 13 14 15 -16 -17 -18 19 -20 0
uf20-0210 25594 1 2 -3 4 -5 6 7 8 9 10 -11 12 13 14 15 -16 -17 -18 19 -20 0
uf20-0210 25594 1 2 -3 4 -5 6 7 8 9 10 -11 12 13 14 15 -16 -17 -18 19 -20 0
uf20-0210 25594 1 2 -3 4 -5 6 7 8 9 10 -11 12 13 14 15 -16 -17 -18 19 -20 0
uf20-0210 25594 1 2 -3 4 -5 6 7 8 9 10 -11 12 13 14 15 -16 -17 -18 19 -20 0
uf20-0210 25594 1 2 -3 4 -5 6 7 8 9 10 -11 12 13 14 15 -16 -17 -18 19 -20 0
uf20-0210 25594 1 2 -3 4 -5 6 7 8 9 10 -11 12 13 14 15 -16 -17 -18 19 -20 0
uf20-0210 25594 1 2 -3 4 -5 6 7 8 9 10 -11 12 13 14 15 -16 -17 -18 19 -20 0
uf20-0210 25594 1 2 -3 4 -5 6 7 8 9 10 -11 12 13 14 15 -16 -17 -18 19 -20 0
uf20-0210 25594 1 2 -3 4 -5 6 7 8 9 10 -11 12 13 14 15 -16 -17 -18 19 -20 0
uf20-0210 25594 1 2 -3 4 -5 6 7 8 9 10 -11 12 13 14 15 -16 -17 -18 19 -20 0
uf20-0210 25594 1 2 -3 4 -5 6 7 8 9 10 -11 12 13 14 15 -16 -17 -18 19 -20 0
uf20-0210 25142 1 2 -3 4 5 6 7 8 9 10 11 12 -13 14 15 -16 -17 -18 19 -20 0
uf20-0210 25594 1 2 -3 4 -5 6 7 8 9 10 -11 12 13 14 15 -16 -17 -18 19 -20 0
uf20-0210 25594 1 2 -3 4 -5 6 7 8 9 10 -11 12 13 14 15 -16 -17 -18 19 -20 0
uf20-0210 25594 1 2 -3 4 -5 6 7 8 9 10 -11 12 13 14 15 -16 -17 -18 19 -20 0
uf20-0210 25594 1 2 -3 4 -5 6 7 8 9 10 -11 12 13 14 15 -16 -17 -18 19 -20 0
uf20-0210 25229 1 2 -3 4 -5 6 7 -8 9 10 -11 12 13 14 -15 -16 17 -18 19 -20 0
uf20-0210 25594 1 2 -3 4 -5 6 7 8 9 10 -11 12 13 14 15 -16 -17 -18 19 -20 0
uf20-0210 25229 1 2 -3 4 -5 6 7 -8 9 10 -11 12 13 14 -15 -16 17 -18 19 -20 0
uf20-0210 25229 1 2 -3 4 -5 6 7 -8 9 10 -11 12 13 14 -15 -16 17 -18 19 -20 0
uf20-0210 25594 1 2 -3 4 -5 6 7 8 9 10 -11 12 13 14 15 -16 -17 -18 19 -20 0
uf20-0210 25594 1 2 -3 4 -5 6 7 8 9 10 -11 12 13 14 15 -16 -17 -18 19 -20 0
uf20-0210 25452 1 2 -3 4 -5 6 7 8 9 10 -11 12 13 14 -15 -16 -17 -18 19 -20 0
uf20-0210 25594 1 2 -3 4 -5 6 7 8 9 10 -11 12 13 14 15 -16 -17 -18 19 -20 0
uf20-0210 25594 1 2 -3 4 -5 6 7 8 9 10 -11 12 13 14 15 -16 -17 -18 19 -20 0
uf20-0210 25594 1 2 -3 4 -5 6 7 8 9 10 -11 12 13 14 15 -16 -17 -18 19 -20 0
uf20-0210 25594 1 2 -3 4 -5 6 7 8 9 10 -11 12 13 14 15 -16 -17 -18 19 -20 0
uf20-0210 25594 1 2 -3 4 -5 6 7 8 9 10 -11 12 13 14 15 -16 -17 -18 19 -20 0
uf20-0210 25594 1 2 -3 4 -5 6 7 8 9 10 -11 12 13 14 15 -16 -17 -18 19 -20 0
uf20-0210 25594 1 2 -3 4 -5 6 7 8 9 10 -11 12 13 14 15 -16 -17 -18 19 -20 0
uf20-0210 25594 1 2 -3 4 -5 6 7 8 9 10 -11 12 13 14 15 -16 -17 -18 19 -20 0
uf20-0210 25594 1 2 -3 4 -5 6 7 8 9 10 -11 12 13 14 15 -16 -17 -18 19 -20 0
uf20-0210 25594 1 2 -3 4 -5 6 7 8 9 10 -11 12 13 14 15 -16 -17 -18 19 -20 0
uf20-0210 25594 1 2 -3 4 -5 6 7 8 9 10 -11 12 13 14 15 -16 -17 -18 19 -20 0
uf20-0210 25594 1 2 -3 4 -5 6 7 8 9 10 -11 12 13 14 15 -16 -17 -18 19 -20 0
uf20-0210 25594 1 2 -3 4 -5 6 7 8 9 10 -11 12 13 14 15 -16 -17 -18 19 -20 0
uf20-0210 25594 1 2 -3 4 -5 6 7 8 9 10 -11 12 13 14 15 -16 -17 -18 19 -20 0
uf20-0210 25452 1 2 -3 4 -5 6 7 8 9 10 -11 12 13 14 -15 -16 -17 -18 19 -20 0
uf20-0210 25594 1 2 -3 4 -5 6 7 8 9 10 -11 12 13 14 15 -16 -17 -18 19 -20 0
uf20-0204 46293 -1 2 3 4 5 6 7 -8 9 10 11 -12 13 14 15 16 -17 18 19 -20 0
uf20-0204 46293 -1 2 3 4 5 6 7 -8 9 10 11 -12 13 14 15 16 -17 18 19 -20 0
uf20-0204 46293 -1 2 3 4 5 6 7 -8 9 10 11 -12 13 14 15 16 -17 18 19 -20 0
uf20-0204 46293 -1 2 3 4 5 6 7 -8 9 10 11 -12 13 14 15 16 -17 18 19 -20 0
uf20-0204 46293 -1 2 3 4 5 6 7 -8 9 10 11 -12 13 14 15 16 -17 18 19 -20 0
uf20-0204 46293 -1 2 3 4 5 6 7 -8 9 10 11 -12 13 14 15 16 -17 18 19 -20 0
uf20-0204 46293 -1 2 3 4 5 6 7 -8 9 10 11 -12 13 14 15 16 -17 18 19 -20 0
uf20-0204 46293 -1 2 3 4 5 6 7 -8 9 10 11 -12 13 14 15 16 -17 18 19 -20 0
uf20-0204 46293 -1 2 3 4 5 6 7 -8 9 10 11 -12 13 14 15 16 -17 18 19 -20 0
uf20-0204 46293 -1 2 3 4 5 6 7 -8 9 10 11 -12 13 14 15 16 -17 18 19 -20 0
uf20-0204 46293 -1 2 3 4 5 6 7 -8 9 10 11 -12 13 14 15 16 -17 18 19 -20 0
uf20-0204 46293 -1 2 3 4 5 6 7 -8 9 10 11 -12 13 14 15 16 -17 18 19 -20 0
uf20-0204 46293 -1 2 3 4 5 6 7 -8 9 10 11 -12 13 14 15 16 -17 18 19 -20 0
uf20-0204 46293 -1 2 3 4 5 6 7 -8 9 10 11 -12 13 14 15 16 -17 18 19 -20 0
uf20-0204 46293 -1 2 3 4 5 6 7 -8 9 10 11 -12 13 14 15 16 -17 18 19 -20 0
uf20-0204 45839 -1 2 3 4 5 6 7 8 9 10 11 -12 13 14 -15 16 -17 18 19 -20 0
uf20-0204 46293 -1 2 3 4 5 6 7 -8 9 10 11 -12 13 14 15 16 -17 18 19 -20 0
uf20-0204 45839 -1 2 3 4 5 6 7 8 9 10 11 -12 13 14 -15 16 -17 18 19 -20 0
uf20-0204 46293 -1 2 3 4 5 6 7 -8 9 10 11 -12 13 14 15 16 -17 18 19 -20 0
uf20-0204 46293 -1 2 3 4 5 6 7 -8 9 10 11 -12 13 14 15 16 -17 18 19 -20 0
uf20-0204 46293 -1 2 3 4 5 6 7 -8 9 10 11 -12 13 14 15 16 -17 18 19 -20 0
uf20-0204 46293 -1 2 3 4 5 6 7 -8 9 10 11 -12 13 14 15 16 -17 18 19 -20 0
uf20-0204 46293 -1 2 3 4 5 6 7 -8 9 10 11 -12 13 14 15 16 -17 18 19 -20 0
uf20-0204 46293 -1 2 3 4 5 6 7 -8 9 10 11 -12 13 14 15 16 -17 18 19 -20 0
uf20-0204 46293 -1 2 3 4 5 6 7 -8 9 10 11 -12 13 14 15 16 -17 18 19 -20 0
uf20-0204 46293 -1 2 3 4 5 6 7 -8 9 10 11 -12 13 14 15 16 -17 18 19 -20 0
uf20-0204 46293 -1 2 3 4 5 6 7 -8 9 10 11 -12 13 14 15 16 -17 18 19 -20 0
uf20-0204 46293 -1 2 3 4 5 6 7 -8 9 10 11 -12 13 14 15 16 -17 18 19 -20 0
uf20-0204 44910 -1 -2 3 4 5 6 7 -8 9 10 11 -12 13 14 15 16 -17 18 19 -20 0
uf20-0204 46293 -1 2 3 4 5 6 7 -8 9 10 11 -12 13 14 15 16 -17 18 19 -20 0
uf20-0204 46293 -1 2 3 4 5 6 7 -8 9 10 11 -12 13 14 15 16 -17 18 19 -20 0
uf20-0204 46293 -1 2 3 4 5 6 7 -8 9 10 11 -12 13 14 15 16 -17 18 19 -20 0
uf20-0204 46293 -1 2 3 4 5 6 7 -8 9 10 11 -12 13 14 15 16 -17 18 19 -20 0
uf20-0204 45839 -1 2 3 4 5 6 7 8 9 10 11 -12 13 14 -15 16 -17 18 19 -20 0
uf20-0204 46293 -1 2 3 4 5 6 7 -8 9 10 11 -12 13 14 15 16 -17 18 19 -20 0
uf20-0204 46293 -1 2 3 4 5 6 7 -8 9 10 11 -12 13 14 15 16 -17 18 19 -20 0
uf20-0204 46293 -1 2 3 4 5 6 7 -8 9 10 11 -12 13 14 15 16 -17 18 19 -20 0
uf20-0204 46293 -1 2 3 4 5 6 7 -8 9 10 11 -12 13 14 15 16 -17 18 19 -20 0
uf20-0204 46293 -1 2 3 4 5 6 7 -8 9 10 11 -12 13 14 15 16 -17 18 19 -20 0
uf20-0204 46293 -1 2 3 4 5 6 7 -8 9 10 11 -12 13 14 15 16 -17 18 19 -20 0
uf20-0204 46293 -1 2 3 4 5 6 7 -8 9 10 11 -12 13 14 15 16 -17 18 19 -20 0
uf20-0204 46293 -1 2 3 4 5 6 7 -8 9 10 11 -12 13 14 15 16 -17 18 19 -20 0
uf20-0204 46293 -1 2 3 4 5 6 7 -8 9 10 11 -12 13 14 15 16 -17 18 19 -20 0
uf20-0204 46293 -1 2 3 4 5 6 7 -8 9 10 11 -12 13 14 15 16 -17 18 19 -20 0
uf20-0204 46293 -1 2 3 4 5 6 7 -8 9 10 11 -12 13 14 15 16 -17 18 19 -20 0
uf20-0204 46293 -1 2 3 4 5 6 7 -8 9 10 11 -12 13 14 15 16 -17 18 19 -20 0
uf20-0204 46293 -1 2 3 4 5 6 7 -8 9 10 11 -12 13 14 15 16 -17 18 19 -20 0
uf20-0204 45839 -1 2 3 4 5 6 7 8 9 10 11 -12 13 14 -15 16 -17 18 19 -20 0
uf20-0204 46293 -1 2 3 4 5 6 7 -8 9 10 11 -12 13 14 15 16 -17 18 19 -20 0
uf20-0204 46293 -1 2 3 4 5 6 7 -8 9 10 11 -12 13 14 15 16 -17 18 19 -20 0
uf20-0367 34512 1 -2 3 4 -5 -6 7 8 9 10 11 12 13 14 15 16 17 18 -19 -20 0
uf20-0367 34512 1 -2 3 4 -5 -6 7 8 9 10 11 12 13 14 15 16 17 18 -19 -20 0
uf20-0367 34512 1 -2 3 4 -5 -6 7 8 9 10 11 12 13 14 15 16 17 18 -19 -20 0
uf20-0367 34512 1 -2 3 4 -5 -6 7 8 9 10 11 12 13 14 15 16 17 18 -19 -20 0
uf20-0367 34512 1 -2 3 4 -5 -6 7 8 9 10 11 12 13 14 15 16 17 18 -19 -20 0
uf20-0367 34512 1 -2 3 4 -5 -6 7 8 9 10 11 12 13 14 15 16 17 18 -19 -20 0
uf20-0367 34512 1 -2 3 4 -5 -6 7 8 9 10 11 12 13 14 15 16 17 18 -19 -20 0
uf20-0367 34512 1 -2 3 4 -5 -6 7 8 9 10 11 12 13 14 15 16 17 18 -19 -20 0
uf20-0367 34512 1 -2 3 4 -5 -6 7 8 9 10 11 12 13 14 15 16 17 18 -19 -20 0
uf20-0367 34512 1 -2 3 4 -5 -6 7 8 9 10 11 12 13 14 15 16 17 18 -19 -20 0
uf20-0367 34512 1 -2 3 4 -5 -6 7 8 9 10 11 12 13 14 15 16 17 18 -19 -20 0
uf20-0367 34512 1 -2 3 4 -5 -6 7 8 9 10 11 12 13 14 15 16 17 18 -19 -20 0
uf20-0367 34512 1 -2 3 4 -5 -6 7 8 9 10 11 12 13 14 15 16 17 18 -19 -20 0
uf20-0367 33407 1 -2 3 4 -5 -6 7 8 9 10 11 12 -13 14 15 16 17 18 -19 -20 0
uf20-0367 34512 1 -2 3 4 -5 -6 7 8 9 10 11 12 13 14 15 16 17 18 -19 -20 0
uf20-0367 34512 1 -2 3 4 -5 -6 7 8 9 10 11 12 13 14 15 16 17 18 -19 -20 0
uf20-0367 34512 1 -2 3 4 -5 -6 7 8 9 10 11 12 13 14 15 16 17 18 -19 -20 0
uf20-0367 34512 1 -2 3 4 -5 -6 7 8 9 10 11 12 13 14 15 16 17 18 -19 -20 0
uf20-0367 34512 1 -2 3 4 -5 -6 7 8 9 10 11 12 13 14 15 16 17 18 -19 -20 0
uf20-0367 34512 1 -2 3 4 -5 -6 7 8 9 10 11 12 13 14 15 16 17 18 -19 -20 0
uf20-0367 34512 1 -2 3 4 -5 -6 7 8 9 10 11 12 13 14 15 16 17 18 -19 -20 0
uf20-0367 34512 1 -2 3 4 -5 -6 7 8 9 10 11 12 13 14 15 16 17 18 -19 -20 0
uf20-0367 34512 1 -2 3 4 -5 -6 7 8 9 10 11 12 13 14 15 16 17 18 -19 -20 0
uf20-0367 34512 1 -2 3 4 -5 -6 7 8 9 10 11 12 13 14 15 16 17 18 -19 -20 0
uf20-0367 34512 1 -2 3 4 -5 -6 7 8 9 10 11 12 13 14 15 16 17 18 -19 -20 0
uf20-0367 34512 1 -2 3 4 -5 -6 7 8 9 10 11 12 13 14 15 16 17 18 -19 -20 0
uf20-0367 34512 1 -2 3 4 -5 -6 7 8 9 10 11 12 13 14 15 16 17 18 -19 -20 0
uf20-0367 34512 1 -2 3 4 -5 -6 7 8 9 10 11 12 13 14 15 16 17 18 -19 -20 0
uf20-0367 34512 1 -2 3 4 -5 -6 7 8 9 10 11 12 13 14 15 16 17 18 -19 -20 0
uf20-0367 34512 1 -2 3 4 -5 -6 7 8 9 10 11 12 13 14 15 16 17 18 -19 -20 0
uf20-0367 33407 1 -2 3 4 -5 -6 7 8 9 10 11 12 -13 14 15 16 17 18 -19 -20 0
uf20-0367 34512 1 -2 3 4 -5 -6 7 8 9 10 11 12 13 14 15 16 17 18 -19 -20 0
uf20-0367 34512 1 -2 3 4 -5 -6 7 8 9 10 11 12 13 14 15 16 17 18 -19 -20 0
uf20-0367 34512 1 -2 3 4 -5 -6 7 8 9 10 11 12 13 14 15 16 17 18 -19 -20 0
uf20-0367 34512 1 -2 3 4 -5 -6 7 8 9 10 11 12 13 14 15 16 17 18 -19 -20 0
uf20-0367 34512 1 -2 3 4 -5 -6 7 8 9 10 11 12 13 14 15 16 17 18 -19 -20 0
uf20-0367 34512 1 -2 3 4 -5 -6 7 8 9 10 11 12 13 14 15 16 17 18 -19 -20 0
uf20-0367 34512 1 -2 3 4 -5 -6 7 8 9 10 11 12 13 14 15 16 17 18 -19 -20 0
uf20-0367 34512 1 -2 3 4 -5 -6 7 8 9 10 11 12 13 14 15 16 17 18 -19 -20 0
uf20-0367 34512 1 -2 3 4 -5 -6 7 8 9 10 11 12 13 14 15 16 17 18 -19 -20 0
uf20-0367 34512 1 -2 3 4 -5 -6 7 8 9 10 11 12 13 14 15 16 17 18 -19 -20 0
uf20-0367 33407 1 -2 3 4 -5 -6 7 8 9 10 11 12 -13 14 15 16 17 18 -19 -20 0
uf20-0367 33407 1 -2 3 4 -5 -6 7 8 9 10 11 12 -13 14 15 16 17 18 -19 -20 0
uf20-0367 32938 1 -2 -3 4 -5 -6 7 8 9 10 11 12 13 14 15 16 17 18 -19 -20 0
uf20-0367 34512 1 -2 3 4 -5 -6 7 8 9 10 11 12 13 14 15 16 17 18 -19 -20 0
uf20-0367 34512 1 -2 3 4 -5 -6 7 8 9 10 11 12 13 14 15 16 17 18 -19 -20 0
uf20-0367 34512 1 -2 3 4 -5 -6 7 8 9 10 11 12 13 14 15 16 17 18 -19 -20 0
uf20-0367 34512 1 -2 3 4 -5 -6 7 8 9 10 11 12 13 14 15 16 17 18 -19 -20 0
uf20-0367 34512 1 -2 3 4 -5 -6 7 8 9 10 11 12 13 14 15 16 17 18 -19 -20 0
uf20-0367 34512 1 -2 3 4 -5 -6 7 8 9 10 11 12 13 14 15 16 17 18 -19 -20 0
uf20-0836 42669 1 2 3 -4 5 6 7 -8 9 10 11 12 13 -14 15 16 17 18 -19 20 0
uf20-0836 42478 1 2 3 4 5 6 7 -8 9 -10 11 12 13 -14 15 16 17 18 -19 20 0
uf20-0836 42669 1 2 3 -4 5 6 7 -8 9 10 11 12 13 -14 15 16 17 18 -19 20 0
uf20-0836 42669 1 2 3 -4 5 6 7 -8 9 10 11 12 13 -14 15 16 17 18 -19 20 0
uf20-0836 42669 1 2 3 -4 5 6 7 -8 9 10 11 12 13 -14 15 16 17 18 -19 20 0
uf20-0836 42669 1 2 3 -4 5 6 7 -8 9 10 11 12 13 -14 15 16 17 18 -19 20 0
uf20-0836 42669 1 2 3 -4 5 6 7 -8 9 10 11 12 13 -14 15 16 17 18 -19 20 0
uf20-0836 42478 1 2 3 4 5 6 7 -8 9 -10 11 12 13 -14 15 16 17 18 -19 20 0
uf20-0836 42669 1 2 3 -4 5 6 7 -8 9 10 11 12 13 -14 15 16 17 18 -19 20 0
uf20-0836 42669 1 2 3 -4 5 6 7 -8 9 10 11 12 13 -14 15 16 17 18 -19 20 0
uf20-0836 42669 1 2 3 -4 5 6 7 -8 9 10 11 12 13 -14 15 16 17 18 -19 20 0
uf20-0836 42669 1 2 3 -4 5 6 7 -8 9 10 11 12 13 -14 15 16 17 18 -19 20 0
uf20-0836 42669 1 2 3 -4 5 6 7 -8 9 10 11 12 13 -14 15 16 17 18 -19 20 0
uf20-0836 42669 1 2 3 -4 5 6 7 -8 9 10 11 12 13 -14 15 16 17 18 -19 20 0
uf20-0836 42669 1 2 3 -4 5 6 7 -8 9 10 11 12 13 -14 15 16 17 18 -19 20 0
uf20-0836 42478 1 2 3 4 5 6 7 -8 9 -10 11 12 13 -14 15 16 17 18 -19 20 0
uf20-0836 42669 1 2 3 -4 5 6 7 -8 9 10 11 12 13 -14 15 16 17 18 -19 20 0
uf20-0836 42669 1 2 3 -4 5 6 7 -8 9 10 11 12 13 -14 15 16 17 18 -19 20 0
uf20-0836 42669 1 2 3 -4 5 6 7 -8 9 10 11 12 13 -14 15 16 17 18 -19 20 0
uf20-0836 42669 1 2 3 -4 5 6 7 -8 9 10 11 12 13 -14 15 16 17 18 -19 20 0
uf20-0836 42669 1 2 3 -4 5 6 7 -8 9 10 11 12 13 -14 15 16 17 18 -19 20 0
uf20-0836 42669 1 2 3 -4 5 6 7 -8 9 10 11 12 13 -14 15 16 17 18 -19 20 0
uf20-0836 42669 1 2 3 -4 5 6 7 -8 9 10 11 12 13 -14 15 16 17 18 -19 20 0
uf20-0836 40919 1 2 3 -4 5 6 7 -8 9 10 11 12 13 -14 15 16 17 -18 -19 20 0
uf20-0836 42669 1 2 3 -4 5 6 7 -8 9 10 11 12 13 -14 15 16 17 18 -19 20 0
uf20-0836 42669 1 2 3 -4 5 6 7 -8 9 10 11 12 13 -14 15 16 17 18 -19 20 0
uf20-0836 42478 1 2 3 4 5 6 7 -8 9 -10 11 12 13 -14 15 16 17 18 -19 20 0
uf20-0836 42669 1 2 3 -4 5 6 7 -8 9 10 11 12 13 -14 15 16 17 18 -19 20 0
uf20-0836 42669 1 2 3 -4 5 6 7 -8 9 10 11 12 13 -14 15 16 17 18 -19 20 0
uf20-0836 42669 1 2 3 -4 5 6 7 -8 9 10 11 12 13 -14 15 16 17 18 -19 20 0
uf20-0836 42669 1 2 3 -4 5 6 7 -8 9 10 11 12 13 -14 15 16 17 18 -19 20 0
uf20-0836 42478 1 2 3 4 5 6 7 -8 9 -10 11 12 13 -14 15 16 17 18 -19 20 0
uf20-0836 42669 1 2 3 -4 5 6 7 -8 9 10 11 12 13 -14 15 16 17 18 -19 20 0
uf20-0836 42669 1 2 3 -4 5 6 7 -8 9 10 11 12 13 -14 15 16 17 18 -19 20 0
uf20-0836 42478 1 2 3 4 5 6 7 -8 9 -10 11 12 13 -14 15 16 17 18 -19 20 0
uf20-0836 42669 1 2 3 -4 5 6 7 -8 9 10 11 12 13 -14 15 16 17 18 -19 20 0
uf20-0836 42669 1 2 3 -4 5 6 7 -8 9 10 11 12 13 -14 15 16 17 18 -19 20 0
uf20-0836 42478 1 2 3 4 5 6 7 -8 9 -10 11 12 13 -14 15 16 17 18 -19 20 0
uf20-0836 42669 1 2 3 -4 5 6 7 -8 9 10 11 12 13 -14 15 16 17 18 -19 20 0
uf20-0836 42669 1 2 3 -4 5 6 7 -8 9 10 11 12 13 -14 15 16 17 18 -19 20 0
uf20-0836 42478 1 2 3 4 5 6 7 -8 9 -10 11 12 13 -14 15 16 17 18 -19 20 0
uf20-0836 42669 1 2 3 -4 5 6 7 -8 9 10 11 12 13 -14 15 16 17 18 -19 20 0
uf20-0836 42669 1 2 3 -4 5 6 7 -8 9 10 11 12 13 -14 15 16 17 18 -19 20 0
uf20-0836 42478 1 2 3 4 5 6 7 -8 9 -10 11 12 13 -14 15 16 17 18 -19 20 0
uf20-0836 42669 1 2 3 -4 5 6 7 -8 9 10 11 12 13 -14 15 16 17 18 -19 20 0
uf20-0836 42669 1 2 3 -4 5 6 7 -8 9 10 11 12 13 -14 15 16 17 18 -19 20 0
uf20-0836 42669 1 2 3 -4 5 6 7 -8 9 10 11 12 13 -14 15 16 17 18 -19 20 0
uf20-0836 42669 1 2 3 -4 5 6 7 -8 9 10 11 12 13 -14 15 16 17 18 -19 20 0
uf20-0836 42669 1 2 3 -4 5 6 7 -8 9 10 11 12 13 -14 15 16 17 18 -19 20 0
uf20-0836 42669 1 2 3 -4 5 6 7 -8 9 10 11 12 13 -14 15 16 17 18 -19 20 0
uf20-0563 39061 1 -2 3 4 5 6 -7 8 9 10 -11 12 13 14 15 16 17 18 19 -20 0
uf20-0563 37735 1 -2 3 4 5 6 -7 8 -9 10 -11 12 13 14 15 16 17 18 19 -20 0
uf20-0563 39061 1 -2 3 4 5 6 -7 8 9 10 -11 12 13 14 15 16 17 18 19 -20 0
uf20-0563 39061 1 -2 3 4 5 6 -7 8 9 10 -11 12 13 14 15 16 17 18 19 -20 0
uf20-0563 39061 1 -2 3 4 5 6 -7 8 9 10 -11 12 13 14 15 16 17 18 19 -20 0
uf20-0563 37735 1 -2 3 4 5 6 -7 8 -9 10 -11 12 13 14 15 16 17 18 19 -20 0
uf20-0563 39061 1 -2 3 4 5 6 -7 8 9 10 -11 12 13 14 15 16 17 18 19 -20 0
uf20-0563 39061 1 -2 3 4 5 6 -7 8 9 10 -11 12 13 14 15 16 17 18 19 -20 0
uf20-0563 39061 1 -2 3 4 5 6 -7 8 9 10 -11 12 13 14 15 16 17 18 19 -20 0
uf20-0563 37735 1 -2 3 4 5 6 -7 8 -9 10 -11 12 13 14 15 16 17 18 19 -20 0
uf20-0563 38287 1 -2 3 4 5 6 -7 8 9 10 -11 12 13 -14 15 16 17 18 19 20 0
uf20-0563 39061 1 -2 3 4 5 6 -7 8 9 10 -11 12 13 14 15 16 17 18 19 -20 0
uf20-0563 38287 1 -2 3 4 5 6 -7 8 9 10 -11 12 13 -14 15 16 17 18 19 20 0
uf20-0563 39061 1 -2 3 4 5 6 -7 8 9 10 -11 12 13 14 15 16 17 18 19 -20 0
uf20-0563 39061 1 -2 3 4 5 6 -7 8 9 10 -11 12 13 14 15 16 17 18 19 -20 0
uf20-0563 39061 1 -2 3 4 5 6 -7 8 9 10 -11 12 13 14 15 16 17 18 19 -20 0
uf20-0563 39061 1 -2 3 4 5 6 -7 8 9 10 -11 12 13 14 15 16 17 18 19 -20 0
uf20-0563 39061 1 -2 3 4 5 6 -7 8 9 10 -11 12 13 14 15 16 17 18 19 -20 0
uf20-0563 39061 1 -2 3 4 5 6 -7 8 9 10 -11 12 13 14 15 16 17 18 19 -20 0
uf20-0563 39061 1 -2 3 4 5 6 -7 8 9 10 -11 12 13 14 15 16 17 18 19 -20 0
uf20-0563 39061 1 -2 3 4 5 6 -7 8 9 10 -11 12 13 14 15 16 17 18 19 -20 0
uf20-0563 39061 1 -2 3 4 5 6 -7 8 9 10 -11 12 13 14 15 16 17 18 19 -20 0
uf20-0563 39061 1 -2 3 4 5 6 -7 8 9 10 -11 12 13 14 15 16 17 18 19 -20 0
uf20-0563 38287 1 -2 3 4 5 6 -7 8 9 10 -11 12 13 -14 15 16 17 18 19 20 0
uf20-0563 39061 1 -2 3 4 5 6 -7 8 9 10 -11 12 13 14 15 16 17 18 19 -20 0
uf20-0563 39061 1 -2 3 4 5 6 -7 8 9 10 -11 12 13 14 15 16 17 18 19 -20 0
uf20-0563 39061 1 -2 3 4 5 6 -7 8 9 10 -11 12 13 14 15 16 17 18 19 -20 0
uf20-0563 37402 1 -2 -3 4 5 6 -7 8 9 10 -11 12 13 14 15 16 17 18 19 -20 0
uf20-0563 39061 1 -2 3 4 5 6 -7 8 9 10 -11 12 13 14 15 16 17 18 19 -20 0
uf20-0563 39061 1 -2 3 4 5 6 -7 8 9 10 -11 12 13 14 15 16 17 18 19 -20 0
uf20-0563 38287 1 -2 3 4 5 6 -7 8 9 10 -11 12 13 -14 15 16 17 18 19 20 0
uf20-0563 39061 1 -2 3 4 5 6 -7 8 9 10 -11 12 13 14 15 16 17 18 19 -20 0
uf20-0563 38233 1 -2 3 4 5 6 -7 8 9 -10 -11 12 13 14 15 16 17 18 19 20 0
uf20-0563 38287 1 -2 3 4 5 6 -7 8 9 10 -11 12 13 -14 15 16 17 18 19 20 0
uf20-0563 39061 1 -2 3 4 5 6 -7 8 9 10 -11 12 13 14 15 16 17 18 19 -20 0
uf20-0563 39061 1 -2 3 4 5 6 -7 8 9 10 -11 12 13 14 15 16 17 18 19 -20 0
uf20-0563 39061 1 -2 3 4 5 6 -7 8 9 10 -11 12 13 14 15 16 17 18 19 -20 0
uf20-0563 38287 1 -2 3 4 5 6 -7 8 9 10 -11 12 13 -14 15 16 17 18 19 20 0
uf20-0563 39061 1 -2 3 4 5 6 -7 8 9 10 -11 12 13 14 15 16 17 18 19 -20 0
uf20-0563 39061 1 -2 3 4 5 6 -7 8 9 10 -11 12 13 14 15 16 17 18 19 -20 0
uf20-0563 38287 1 -2 3 4 5 6 -7 8 9 10 -11 12 13 -14 15 16 17 18 19 20 0
uf20-0563 38287 1 -2 3 4 5 6 -7 8 9 10 -11 12 13 -14 15 16 17 18 19 20 0
uf20-0563 38287 1 -2 3 4 5 6 -7 8 9 10 -11 12 13 -14 15 16 17 18 19 20 0
uf20-0563 39061 1 -2 3 4 5 6 -7 8 9 10 -11 12 13 14 15 16 17 18 19 -20 0
uf20-0563 39061 1 -2 3 4 5 6 -7 8 9 10 -11 12 13 14 15 16 17 18 19 -20 0
uf20-0563 39061 1 -2 3 4 5 6 -7 8 9 10 -11 12 13 14 15 16 17 18 19 -20 0
uf20-0563 38287 1 -2 3 4 5 6 -7 8 9 10 -11 12 13 -14 15 16 17 18 19 20 0
uf20-0563 39061 1 -2 3 4 5 6 -7 8 9 10 -11 12 13 14 15 16 17 18 19 -20 0
uf20-0563 39061 1 -2 3 4 5 6 -7 8 9 10 -11 12 13 14 15 16 17 18 19 -20 0
uf20-0563 37735 1 -2 3 4 5 6 -7 8 -9 10 -11 12 13 14 15 16 17 18 19 -20 0
uf20-0966 43730 -1 -2 3 4 5 6 7 8 9 10 11 12 13 14 -15 16 17 18 19 20 0
uf20-0966 43730 -1 -2 3 4 5 6 7 8 9 10 11 12 13 14 -15 16 17 18 19 20 0
uf20-0966 43730 -1 -2 3 4 5 6 7 8 9 10 11 12 13 14 -15 16 17 18 19 20 0
uf20-0966 43730 -1 -2 3 4 5 6 7 8 9 10 11 12 13 14 -15 16 17 18 19 20 0
uf20-0966 43730 -1 -2 3 4 5 6 7 8 9 10 11 12 13 14 -15 16 17 18 19 20 0
uf20-0966 43730 -1 -2 3 4 5 6 7 8 9 10 11 12 13 14 -15 16 17 18 19 20 0
uf20-0966 43730 -1 -2 3 4 5 6 7 8 9 10 11 12 13 14 -15 16 17 18 19 20 0
uf20-0966 43730 -1 -2 3 4 5 6 7 8 9 10 11 12 13 14 -15 16 17 18 19 20 0
uf20-0966 43730 -1 -2 3 4 5 6 7 8 9 10 11 12 13 14 -15 16 17 18 19 20 0
uf20-0966 43730 -1 -2 3 4 5 6 7 8 9 10 11 12 13 14 -15 16 17 18 19 20 0
uf20-0966 43730 -1 -2 3 4 5 6 7 8 9 10 11 12 13 14 -15 16 17 18 19 20 0
uf20-0966 43730 -1 -2 3 4 5 6 7 8 9 10 11 12 13 14 -15 16 17 18 19 20 0
uf20-0966 43730 -1 -2 3 4 5 6 7 8 9 10 11 12 13 14 -15 16 17 18 19 20 0
uf20-0966 43730 -1 -2 3 4 5 6 7 8 9 10 11 12 13 14 -15 16 17 18 19 20 0
uf20-0966 43730 -1 -2 3 4 5 6 7 8 9 10 11 12 13 14 -15 16 17 18 19 20 0
uf20-0966 43730 -1 -2 3 4 5 6 7 8 9 10 11 12 13 14 -15 16 17 18 19 20 0
uf20-0966 43730 -1 -2 3 4 5 6 7 8 9 10 11 12 13 14 -15 16 17 18 19 20 0
uf20-0966 43730 -1 -2 3 4 5 6 7 8 9 10 11 12 13 14 -15 16 17 18 19 20 0
uf20-0966 43730 -1 -2 3 4 5 6 7 8 9 10 11 12 13 14 -15 16 17 18 19 20 0
uf20-0966 43730 -1 -2 3 4 5 6 7 8 9 10 11 12 13 14 -15 16 17 18 19 20 0
uf20-0966 43730 -1 -2 3 4 5 6 7 8 9 10 11 12 13 14 -15 16 17 18 19 20 0
uf20-0966 43730 -1 -2 3 4 5 6 7 8 9 10 11 12 13 14 -15 16 17 18 19 20 0
uf20-0966 43730 -1 -2 3 4 5 6 7 8 9 10 11 12 13 14 -15 16 17 18 19 20 0
uf20-0966 43730 -1 -2 3 4 5 6 7 8 9 10 11 12 13 14 -15 16 17 18 19 20 0
uf20-0966 43730 -1 -2 3 4 5 6 7 8 9 10 11 12 13 14 -15 16 17 18 19 20 0
uf20-0966 43730 -1 -2 3 4 5 6 7 8 9 10 11 12 13 14 -15 16 17 18 19 20 0
uf20-0966 43621 -1 -2 3 -4 5 6 7 8 9 10 11 12 13 14 15 16 17 18 19 20 0
uf20-0966 43730 -1 -2 3 4 5 6 7 8 9 10 11 12 13 14 -15 16 17 18 19 20 0
uf20-0966 43730 -1 -2 3 4 5 6 7 8 9 10 11 12 13 14 -15 16 17 18 19 20 0
uf20-0966 43730 -1 -2 3 4 5 6 7 8 9 10 11 12 13 14 -15 16 17 18 19 20 0
uf20-0966 43730 -1 -2 3 4 5 6 7 8 9 10 11 12 13 14 -15 16 17 18 19 20 0
uf20-0966 43730 -1 -2 3 4 5 6 7 8 9 10 11 12 13 14 -15 16 17 18 19 20 0
uf20-0966 43730 -1 -2 3 4 5 6 7 8 9 10 11 12 13 14 -15 16 17 18 19 20 0
uf20-0966 43730 -1 -2 3 4 5 6 7 8 9 10 11 12 13 14 -15 16 17 18 19 20 0
uf20-0966 43730 -1 -2 3 4 5 6 7 8 9 10 11 12 13 14 -15 16 17 18 19 20 0
uf20-0966 43621 -1 -2 3 -4 5 6 7 8 9 10 11 12 13 14 15 16 17 18 19 20 0
uf20-0966 43730 -1 -2 3 4 5 6 7 8 9 10 11 12 13 14 -15 16 17 18 19 20 0
uf20-0966 43730 -1 -2 3 4 5 6 7 8 9 10 11 12 13 14 -15 16 17 18 19 20 0
uf20-0966 43730 -1 -2 3 4 5 6 7 8 9 10 11 12 13 14 -15 16 17 18 19 20 0
uf20-0966 43730 -1 -2 3 4 5 6 7 8 9 10 11 12 13 14 -15 16 17 18 19 20 0
uf20-0966 43730 -1 -2 3 4 5 6 7 8 9 10 11 12 13 14 -15 16 17 18 19 20 0
uf20-0966 43730 -1 -2 3 4 5 6 7 8 9 10 11 12 13 14 -15 16 17 18 19 20 0
uf20-0966 43730 -1 -2 3 4 5 6 7 8 9 10 11 12 13 14 -15 16 17 18 19 20 0
uf20-0966 43730 -1 -2 3 4 5 6 7 8 9 10 11 12 13 14 -15 16 17 18 19 20 0
uf20-0966 43730 -1 -2 3 4 5 6 7 8 9 10 11 12 13 14 -15 16 17 18 19 20 0
uf20-0966 43730 -1 -2 3 4 5 6 7 8 9 10 11 12 13 14 -15 16 17 18 19 20 0
uf20-0966 43730 -1 -2 3 4 5 6 7 8 9 10 11 12 13 14 -15 16 17 18 19 20 0
uf20-0966 43730 -1 -2 3 4 5 6 7 8 9 10 11 12 13 14 -15 16 17 18 19 20 0
uf20-0966 43730 -1 -2 3 4 5 6 7 8 9 10 11 12 13 14 -15 16 17 18 19 20 0
uf20-0966 43730 -1 -2 3 4 5 6 7 8 9 10 11 12 13 14 -15 16 17 18 19 20 0
uf20-0781 35880 1 2 3 4 -5 -6 -7 8 9 10 11 -12 13 14 15 16 17 18 19 -20 0
uf20-0781 35880 1 2 3 4 -5 -6 -7 8 9 10 11 -12 13 14 15 16 17 18 19 -20 0
uf20-0781 34299 1 2 3 4 -5 -6 -7 8 9 -10 11 -12 13 14 15 16 17 18 19 -20 0
uf20-0781 35880 1 2 3 4 -5 -6 -7 8 9 10 11 -12 13 14 15 16 17 18 19 -20 0
uf20-0781 35880 1 2 3 4 -5 -6 -7 8 9 10 11 -12 13 14 15 16 17 18 19 -20 0
uf20-0781 35880 1 2 3 4 -5 -6 -7 8 9 10 11 -12 13 14 15 16 17 18 19 -20 0
uf20-0781 35880 1 2 3 4 -5 -6 -7 8 9 10 11 -12 13 14 15 16 17 18 19 -20 0
uf20-0781 35880 1 2 3 4 -5 -6 -7 8 9 10 11 -12 13 14 15 16 17 18 19 -20 0
uf20-0781 35880 1 2 3 4 -5 -6 -7 8 9 10 11 -12 13 14 15 16 17 18 19 -20 0
uf20-0781 35880 1 2 3 4 -5 -6 -7 8 9 10 11 -12 13 14 15 16 17 18 19 -20 0
uf20-0781 35880 1 2 3 4 -5 -6 -7 8 9 10 11 -12 13 14 15 16 17 18 19 -20 0
uf20-0781 35880 1 2 3 4 -5 -6 -7 8 9 10 11 -12 13 14 15 16 17 18 19 -20 0
uf20-0781 35880 1 2 3 4 -5 -6 -7 8 9 10 11 -12 13 14 15 16 17 18 19 -20 0
uf20-0781 35880 1 2 3 4 -5 -6 -7 8 9 10 11 -12 13 14 15 16 17 18 19 -20 0
uf20-0781 35880 1 2 3 4 -5 -6 -7 8 9 10 11 -12 13 14 15 16 17 18 19 -20 0
uf20-0781 35880 1 2 3 4 -5 -6 -7 8 9 10 11 -12 13 14 15 16 17 18 19 -20 0
uf20-0781 34596 1 2 3 4 -5 -6 -7 8 9 10 11 -12 13 -14 15 16 17 18 19 -20 0
uf20-0781 34596 1 2 3 4 -5 -6 -7 8 9 10 11 -12 13 -14 15 16 17 18 19 -20 0
uf20-0781 35880 1 2 3 4 -5 -6 -7 8 9 10 11 -12 13 14 15 16 17 18 19 -20 0
uf20-0781 35880 1 2 3 4 -5 -6 -7 8 9 10 11 -12 13 14 15 16 17 18 19 -20 0
uf20-0781 35880 1 2 3 4 -5 -6 -7 8 9 10 11 -12 13 14 15 16 17 18 19 -20 0
uf20-0781 34299 1 2 3 4 -5 -6 -7 8 9 -10 11 -12 13 14 15 16 17 18 19 -20 0
uf20-0781 35880 1 2 3 4 -5 -6 -7 8 9 10 11 -12 13 14 15 16 17 18 19 -20 0
uf20-0781 35880 1 2 3 4 -5 -6 -7 8 9 10 11 -12 13 14 15 16 17 18 19 -20 0
uf20-0781 35880 1 2 3 4 -5 -6 -7 8 9 10 11 -12 13 14 15 16 17 18 19 -20 0
uf20-0781 35880 1 2 3 4 -5 -6 -7 8 9 10 11 -12 13 14 15 16 17 18 19 -20 0
uf20-0781 34299 1 2 3 4 -5 -6 -7 8 9 -10 11 -12 13 14 15 16 17 18 19 -20 0
uf20-0781 35880 1 2 3 4 -5 -6 -7 8 9 10 11 -12 13 14 15 16 17 18 19 -20 0
uf20-0781 35880 1 2 3 4 -5 -6 -7 8 9 10 11 -12 13 14 15 16 17 18 19 -20 0
uf20-0781 35880 1 2 3 4 -5 -6 -7 8 9 10 11 -12 13 14 15 16 17 18 19 -20 0
uf20-0781 35880 1 2 3 4 -5 -6 -7 8 9 10 11 -12 13 14 15 16 17 18 19 -20 0
uf20-0781 35880 1 2 3 4 -5 -6 -7 8 9 10 11 -12 13 14 15 16 17 18 19 -20 0
uf20-0781 35880 1 2 3 4 -5 -6 -7 8 9 10 11 -12 13 14 15 16 17 18 19 -20 0
uf20-0781 34596 1 2 3 4 -5 -6 -7 8 9 10 11 -12 13 -14 15 16 17 18 19 -20 0
uf20-0781 34596 1 2 3 4 -5 -6 -7 8 9 10 11 -12 13 -14 15 16 17 18 19 -20 0
uf20-0781 35880 1 2 3 4 -5 -6 -7 8 9 10 11 -12 13 14 15 16 17 18 19 -20 0
uf20-0781 34596 1 2 3 4 -5 -6 -7 8 9 10 11 -12 13 -14 15 16 17 18 19 -20 0
uf20-0781 35880 1 2 3 4 -5 -6 -7 8 9 10 11 -12 13 14 15 16 17 18 19 -20 0
uf20-0781 34596 1 2 3 4 -5 -6 -7 8 9 10 11 -12 13 -14 15 16 17 18 19 -20 0
uf20-0781 33997 1 2 3 4 -5 -6 -7 8 9 10 11 -12 -13 14 15 16 17 18 19 -20 0
uf20-0781 34596 1 2 3 4 -5 -6 -7 8 9 10 11 -12 13 -14 15 16 17 18 19 -20 0
uf20-0781 35880 1 2 3 4 -5 -6 -7 8 9 10 11 -12 13 14 15 16 17 18 19 -20 0
uf20-0781 35880 1 2 3 4 -5 -6 -7 8 9 10 11 -12 13 14 15 16 17 18 19 -20 0
uf20-0781 34299 1 2 3 4 -5 -6 -7 8 9 -10 11 -12 13 14 15 16 17 18 19 -20 0
uf20-0781 35880 1 2 3 4 -5 -6 -7 8 9 10 11 -12 13 14 15 16 17 18 19 -20 0
uf20-0781 34596 1 2 3 4 -5 -6 -7 8 9 10 11 -12 13 -14 15 16 17 18 19 -20 0
uf20-0781 35880 1 2 3 4 -5 -6 -7 8 9 10 11 -12 13 14 15 16 17 18 19 -20 0
uf20-0781 35880 1 2 3 4 -5 -6 -7 8 9 10 11 -12 13 14 15 16 17 18 19 -20 0
uf20-0781 35880 1 2 3 4 -5 -6 -7 8 9 10 11 -12 13 14 15 16 17 18 19 -20 0
uf20-0781 35880 1 2 3 4 -5 -6 -7 8 9 10 11 -12 13 14 15 16 17 18 19 -20 0
uf20-0134 47075 1 2 -3 4 5 6 7 8 -9 10 11 12 13 14 -15 16 17 18 -19 -20 0
uf20-0134 47010 1 2 -3 -4 5 6 7 8 9 10 11 12 13 14 -15 -16 17 18 -19 20 0
uf20-0134 47010 1 2 -3 -4 5 6 7 8 9 10 11 12 13 14 -15 -16 17 18 -19 20 0
uf20-0134 47075 1 2 -3 4 5 6 7 8 -9 10 11 12 13 14 -15 16 17 18 -19 -20 0
uf20-0134 47075 1 2 -3 4 5 6 7 8 -9 10 11 12 13 14 -15 16 17 18 -19 -20 0
uf20-0134 46578 1 2 -3 4 5 6 7 8 9 10 11 12 13 14 -15 -16 17 18 -19 -20 0
uf20-0134 47010 1 2 -3 -4 5 6 7 8 9 10 11 12 13 14 -15 -16 17 18 -19 20 0
uf20-0134 47075 1 2 -3 4 5 6 7 8 -9 10 11 12 13 14 -15 16 17 18 -19 -20 0
uf20-0134 47075 1 2 -3 4 5 6 7 8 -9 10 11 12 13 14 -15 16 17 18 -19 -20 0
uf20-0134 47075 1 2 -3 4 5 6 7 8 -9 10 11 12 13 14 -15 16 17 18 -19 -20 0
uf20-0134 47075 1 2 -3 4 5 6 7 8 -9 10 11 12 13 14 -15 16 17 18 -19 -20 0
uf20-0134 47075 1 2 -3 4 5 6 7 8 -9 10 11 12 13 14 -15 16 17 18 -19 -20 0
uf20-0134 47010 1 2 -3 -4 5 6 7 8 9 10 11 12 13 14 -15 -16 17 18 -19 20 0
uf20-0134 47075 1 2 -3 4 5 6 7 8 -9 10 11 12 13 14 -15 16 17 18 -19 -20 0
uf20-0134 47010 1 2 -3 -4 5 6 7 8 9 10 11 12 13 14 -15 -16 17 18 -19 20 0
uf20-0134 47010 1 2 -3 -4 5 6 7 8 9 10 11 12 13 14 -15 -16 17 18 -19 20 0
uf20-0134 47075 1 2 -3 4 5 6 7 8 -9 10 11 12 13 14 -15 16 17 18 -19 -20 0
uf20-0134 47075 1 2 -3 4 5 6 7 8 -9 10 11 12 13 14 -15 16 17 18 -19 -20 0
uf20-0134 47010 1 2 -3 -4 5 6 7 8 9 10 11 12 13 14 -15 -16 17 18 -19 20 0
uf20-0134 47075 1 2 -3 4 5 6 7 8 -9 10 11 12 13 14 -15 16 17 18 -19 -20 0
uf20-0134 47075 1 2 -3 4 5 6 7 8 -9 10 11 12 13 14 -15 16 17 18 -19 -20 0
uf20-0134 47075 1 2 -3 4 5 6 7 8 -9 10 11 12 13 14 -15 16 17 18 -19 -20 0
uf20-0134 47075 1 2 -3 4 5 6 7 8 -9 10 11 12 13 14 -15 16 17 18 -19 -20 0
uf20-0134 47075 1 2 -3 4 5 6 7 8 -9 10 11 12 13 14 -15 16 17 18 -19 -20 0
uf20-0134 46578 1 2 -3 4 5 6 7 8 9 10 11 12 13 14 -15 -16 17 18 -19 -20 0
uf20-0134 47075 1 2 -3 4 5 6 7 8 -9 10 11 12 13 14 -15 16 17 18 -19 -20 0
uf20-0134 47075 1 2 -3 4 5 6 7 8 -9 10 11 12 13 14 -15 16 17 18 -19 -20 0
uf20-0134 47075 1 2 -3 4 5 6 7 8 -9 10 11 12 13 14 -15 16 17 18 -19 -20 0
uf20-0134 46578 1 2 -3 4 5 6 7 8 9 10 11 12 13 14 -15 -16 17 18 -19 -20 0
uf20-0134 47075 1 2 -3 4 5 6 7 8 -9 10 11 12 13 14 -15 16 17 18 -19 -20 0
uf20-0134 47075 1 2 -3 4 5 6 7 8 -9 10 11 12 13 14 -15 16 17 18 -19 -20 0
uf20-0134 47075 1 2 -3 4 5 6 7 8 -9 10 11 12 13 14 -15 16 17 18 -19 -20 0
uf20-0134 47075 1 2 -3 4 5 6 7 8 -9 10 11 12 13 14 -15 16 17 18 -19 -20 0
uf20-0134 47075 1 2 -3 4 5 6 7 8 -9 10 11 12 13 14 -15 16 17 18 -19 -20 0
uf20-0134 47010 1 2 -3 -4 5 6 7 8 9 10 11 12 13 14 -15 -16 17 18 -19 20 0
uf20-0134 47075 1 2 -3 4 5 6 7 8 -9 10 11 12 13 14 -15 16 17 18 -19 -20 0
uf20-0134 47075 1 2 -3 4 5 6 7 8 -9 10 11 12 13 14 -15 16 17 18 -19 -20 0
uf20-0134 47075 1 2 -3 4 5 6 7 8 -9 10 11 12 13 14 -15 16 17 18 -19 -20 0
uf20-0134 47075 1 2 -3 4 5 6 7 8 -9 10 11 12 13 14 -15 16 17 18 -19 -20 0
uf20-0134 47010 1 2 -3 -4 5 6 7 8 9 10 11 12 13 14 -15 -16 17 18 -19 20 0
uf20-0134 46453 1 2 -3 4 5 -6 7 8 9 10 11 12 13 14 -15 16 17 18 -19 -20 0
uf20-0134 47075 1 2 -3 4 5 6 7 8 -9 10 11 12 13 14 -15 16 17 18 -19 -20 0
uf20-0134 47075 1 2 -3 4 5 6 7 8 -9 10 11 12 13 14 -15 16 17 18 -19 -20 0
uf20-0134 47075 1 2 -3 4 5 6 7 8 -9 10 11 12 13 14 -15 16 17 18 -19 -20 0
uf20-0134 47075 1 2 -3 4 5 6 7 8 -9 10 11 12 13 14 -15 16 17 18 -19 -20 0
uf20-0134 47075 1 2 -3 4 5 6 7 8 -9 10 11 12 13 14 -15 16 17 18 -19 -20 0
uf20-0134 47010 1 2 -3 -4 5 6 7 8 9 10 11 12 13 14 -15 -16 17 18 -19 20 0
uf20-0134 47075 1 2 -3 4 5 6 7 8 -9 10 11 12 13 14 -15 16 17 18 -19 -20 0
uf20-0134 46453 1 2 -3 4 5 -6 7 8 9 10 11 12 13 14 -15 16 17 18 -19 -20 0
uf20-0134 46578 1 2 -3 4 5 6 7 8 9 10 11 12 13 14 -15 -16 17 18 -19 -20 0
uf20-0649 33967 -1 2 3 4 5 -6 7 8 -9 -10 11 12 -13 -14 15 16 17 18 19 20 0
uf20-0649 34570 -1 2 3 4 5 -6 7 8 -9 10 11 12 -13 -14 15 16 17 18 19 20 0
uf20-0649 34570 -1 2 3 4 5 -6 7 8 -9 10 11 12 -13 -14 15 16 17 18 19 20 0
uf20-0649 34570 -1 2 3 4 5 -6 7 8 -9 10 11 12 -13 -14 15 16 17 18 19 20 0
uf20-0649 34570 -1 2 3 4 5 -6 7 8 -9 10 11 12 -13 -14 15 16 17 18 19 20 0
uf20-0649 34570 -1 2 3 4 5 -6 7 8 -9 10 11 12 -13 -14 15 16 17 18 19 20 0
uf20-0649 34570 -1 2 3 4 5 -6 7 8 -9 10 11 12 -13 -14 15 16 17 18 19 20 0
uf20-0649 34570 -1 2 3 4 5 -6 7 8 -9 10 11 12 -13 -14 15 16 17 18 19 20 0
uf20-0649 34570 -1 2 3 4 5 -6 7 8 -9 10 11 12 -13 -14 15 16 17 18 19 20 0
uf20-0649 34570 -1 2 3 4 5 -6 7 8 -9 10 11 12 -13 -14 15 16 17 18 19 20 0
uf20-0649 34570 -1 2 3 4 5 -6 7 8 -9 10 11 12 -13 -14 15 16 17 18 19 20 0
uf20-0649 33967 -1 2 3 4 5 -6 7 8 -9 -10 11 12 -13 -14 15 16 17 18 19 20 0
uf20-0649 34570 -1 2 3 4 5 -6 7 8 -9 10 11 12 -13 -14 15 16 17 18 19 20 0
uf20-0649 33967 -1 2 3 4 5 -6 7 8 -9 -10 11 12 -13 -14 15 16 17 18 19 20 0
uf20-0649 34570 -1 2 3 4 5 -6 7 8 -9 10 11 12 -13 -14 15 16 17 18 19 20 0
uf20-0649 34570 -1 2 3 4 5 -6 7 8 -9 10 11 12 -13 -14 15 16 17 18 19 20 0
uf20-0649 34570 -1 2 3 4 5 -6 7 8 -9 10 11 12 -13 -14 15 16 17 18 19 20 0
uf20-0649 34570 -1 2 3 4 5 -6 7 8 -9 10 11 12 -13 -14 15 16 17 18 19 20 0
uf20-0649 34570 -1 2 3 4 5 -6 7 8 -9 10 11 12 -13 -14 15 16 17 18 19 20 0
uf20-0649 34570 -1 2 3 4 5 -6 7 8 -9 10 11 12 -13 -14 15 16 17 18 19 20 0
uf20-0649 34570 -1 2 3 4 5 -6 7 8 -9 10 11 12 -13 -14 15 16 17 18 19 20 0
uf20-0649 34570 -1 2 3 4 5 -6 7 8 -9 10 11 12 -13 -14 15 16 17 18 19 20 0
uf20-0649 34570 -1 2 3 4 5 -6 7 8 -9 10 11 12 -13 -14 15 16 17 18 19 20 0
uf20-0649 33967 -1 2 3 4 5 -6 7 8 -9 -10 11 12 -13 -14 15 16 17 18 19 20 0
uf20-0649 34570 -1 2 3 4 5 -6 7 8 -9 10 11 12 -13 -14 15 16 17 18 19 20 0
uf20-0649 34570 -1 2 3 4 5 -6 7 8 -9 10 11 12 -13 -14 15 16 17 18 19 20 0
uf20-0649 34570 -1 2 3 4 5 -6 7 8 -9 10 11 12 -13 -14 15 16 17 18 19 20 0
uf20-0649 34570 -1 2 3 4 5 -6 7 8 -9 10 11 12 -13 -14 15 16 17 18 19 20 0
uf20-0649 34570 -1 2 3 4 5 -6 7 8 -9 10 11 12 -13 -14 15 16 17 18 19 20 0
uf20-0649 34570 -1 2 3 4 5 -6 7 8 -9 10 11 12 -13 -14 15 16 17 18 19 20 0
uf20-0649 34570 -1 2 3 4 5 -6 7 8 -9 10 11 12 -13 -14 15 16 17 18 19 20 0
uf20-0649 34570 -1 2 3 4 5 -6 7 8 -9 10 11 12 -13 -14 15 16 17 18 19 20 0
uf20-0649 34570 -1 2 3 4 5 -6 7 8 -9 10 11 12 -13 -14 15 16 17 18 19 20 0
uf20-0649 33542 -1 2 -3 4 5 -6 7 8 -9 -10 11 12 13 -14 15 16 17 18 19 20 0
uf20-0649 34570 -1 2 3 4 5 -6 7 8 -9 10 11 12 -13 -14 15 16 17 18 19 20 0
uf20-0649 33542 -1 2 -3 4 5 -6 7 8 -9 -10 11 12 13 -14 15 16 17 18 19 20 0
uf20-0649 34570 -1 2 3 4 5 -6 7 8 -9 10 11 12 -13 -14 15 16 17 18 19 20 0
uf20-0649 34570 -1 2 3 4 5 -6 7 8 -9 10 11 12 -13 -14 15 16 17 18 19 20 0
uf20-0649 34570 -1 2 3 4 5 -6 7 8 -9 10 11 12 -13 -14 15 16 17 18 19 20 0
uf20-0649 33967 -1 2 3 4 5 -6 7 8 -9 -10 11 12 -13 -14 15 16 17 18 19 20 0
uf20-0649 34570 -1 2 3 4 5 -6 7 8 -9 10 11 12 -13 -14 15 16 17 18 19 20 0
uf20-0649 34570 -1 2 3 4 5 -6 7 8 -9 10 11 12 -13 -14 15 16 17 18 19 20 0
uf20-0649 34570 -1 2 3 4 5 -6 7 8 -9 10 11 12 -13 -14 15 16 17 18 19 20 0
uf20-0649 34570 -1 2 3 4 5 -6 7 8 -9 10 11 12 -13 -14 15 16 17 18 19 20 0
uf20-0649 34570 -1 2 3 4 5 -6 7 8 -9 10 11 12 -13 -14 15 16 17 18 19 20 0
uf20-0649 34570 -1 2 3 4 5 -6 7 8 -9 10 11 12 -13 -14 15 16 17 18 19 20 0
uf20-0649 34570 -1 2 3 4 5 -6 7 8 -9 10 11 12 -13 -14 15 16 17 18 19 20 0
uf20-0649 34570 -1 2 3 4 5 -6 7 8 -9 10 11 12 -13 -14 15 16 17 18 19 20 0
uf20-0649 34570 -1 2 3 4 5 -6 7 8 -9 10 11 12 -13 -14 15 16 17 18 19 20 0
uf20-0649 34570 -1 2 3 4 5 -6 7 8 -9 10 11 12 -13 -14 15 16 17 18 19 20 0
uf20-03 40889 1 2 3 -4 5 6 -7 8 9 10 11 12 13 14 15 -16 17 18 19 20 0
uf20-03 40889 1 2 3 -4 5 6 -7 8 9 10 11 12 13 14 15 -16 17 18 19 20 0
uf20-03 40979 1 2 3 4 5 6 -7 8 9 10 11 -12 13 14 15 -16 17 18 19 20 0
uf20-03 40979 1 2 3 4 5 6 -7 8 9 10 11 -12 13 14 15 -16 17 18 19 20 0
uf20-03 40979 1 2 3 4 5 6 -7 8 9 10 11 -12 13 14 15 -16 17 18 19 20 0
uf20-03 40979 1 2 3 4 5 6 -7 8 9 10 11 -12 13 14 15 -16 17 18 19 20 0
uf20-03 40979 1 2 3 4 5 6 -7 8 9 10 11 -12 13 14 15 -16 17 18 19 20 0
uf20-03 40979 1 2 3 4 5 6 -7 8 9 10 11 -12 13 14 15 -16 17 18 19 20 0
uf20-03 40979 1 2 3 4 5 6 -7 8 9 10 11 -12 13 14 15 -16 17 18 19 20 0
uf20-03 40889 1 2 3 -4 5 6 -7 8 9 10 11 12 13 14 15 -16 17 18 19 20 0
uf20-03 40979 1 2 3 4 5 6 -7 8 9 10 11 -12 13 14 15 -16 17 18 19 20 0
uf20-03 40979 1 2 3 4 5 6 -7 8 9 10 11 -12 13 14 15 -16 17 18 19 20 0
uf20-03 40979 1 2 3 4 5 6 -7 8 9 10 11 -12 13 14 15 -16 17 18 19 20 0
uf20-03 40979 1 2 3 4 5 6 -7 8 9 10 11 -12 13 14 15 -16 17 18 19 20 0
uf20-03 40979 1 2 3 4 5 6 -7 8 9 10 11 -12 13 14 15 -16 17 18 19 20 0
uf20-03 40979 1 2 3 4 5 6 -7 8 9 10 11 -12 13 14 15 -16 17 18 19 20 0
uf20-03 40979 1 2 3 4 5 6 -7 8 9 10 11 -12 13 14 15 -16 17 18 19 20 0
uf20-03 40979 1 2 3 4 5 6 -7 8 9 10 11 -12 13 14 15 -16 17 18 19 20 0
uf20-03 40979 1 2 3 4 5 6 -7 8 9 10 11 -12 13 14 15 -16 17 18 19 20 0
uf20-03 40979 1 2 3 4 5 6 -7 8 9 10 11 -12 13 14 15 -16 17 18 19 20 0
uf20-03 40979 1 2 3 4 5 6 -7 8 9 10 11 -12 13 14 15 -16 17 18 19 20 0
uf20-03 40979 1 2 3 4 5 6 -7 8 9 10 11 -12 13 14 15 -16 17 18 19 20 0
uf20-03 40979 1 2 3 4 5 6 -7 8 9 10 11 -12 13 14 15 -16 17 18 19 20 0
uf20-03 40979 1 2 3 4 5 6 -7 8 9 10 11 -12 13 14 15 -16 17 18 19 20 0
uf20-03 40979 1 2 3 4 5 6 -7 8 9 10 11 -12 13 14 15 -16 17 18 19 20 0
uf20-03 40979 1 2 3 4 5 6 -7 8 9 10 11 -12 13 14 15 -16 17 18 19 20 0
uf20-03 40979 1 2 3 4 5 6 -7 8 9 10 11 -12 13 14 15 -16 17 18 19 20 0
uf20-03 40979 1 2 3 4 5 6 -7 8 9 10 11 -12 13 14 15 -16 17 18 19 20 0
uf20-03 40979 1 2 3 4 5 6 -7 8 9 10 11 -12 13 14 15 -16 17 18 19 20 0
uf20-03 40979 1 2 3 4 5 6 -7 8 9 10 11 -12 13 14 15 -16 17 18 19 20 0
uf20-03 40889 1 2 3 -4 5 6 -7 8 9 10 11 12 13 14 15 -16 17 18 19 20 0
uf20-03 40979 1 2 3 4 5 6 -7 8 9 10 11 -12 13 14 15 -16 17 18 19 20 0
uf20-03 40979 1 2 3 4 5 6 -7 8 9 10 11 -12 13 14 15 -16 17 18 19 20 0
uf20-03 40889 1 2 3 -4 5 6 -7 8 9 10 11 12 13 14 15 -16 17 18 19 20 0
uf20-03 40889 1 2 3 -4 5 6 -7 8 9 10 11 12 13 14 15 -16 17 18 19 20 0
uf20-03 40889 1 2 3 -4 5 6 -7 8 9 10 11 12 13 14 15 -16 17 18 19 20 0
uf20-03 40979 1 2 3 4 5 6 -7 8 9 10 11 -12 13 14 15 -16 17 18 19 20 0
uf20-03 40979 1 2 3 4 5 6 -7 8 9 10 11 -12 13 14 15 -16 17 18 19 20 0
uf20-03 40979 1 2 3 4 5 6 -7 8 9 10 11 -12 13 14 15 -16 17 18 19 20 0
uf20-03 40979 1 2 3 4 5 6 -7 8 9 10 11 -12 13 14 15 -16 17 18 19 20 0
uf20-03 40979 1 2 3 4 5 6 -7 8 9 10 11 -12 13 14 15 -16 17 18 19 20 0
uf20-03 40889 1 2 3 -4 5 6 -7 8 9 10 11 12 13 14 15 -16 17 18 19 20 0
uf20-03 40979 1 2 3 4 5 6 -7 8 9 10 11 -12 13 14 15 -16 17 18 19 20 0
uf20-03 40979 1 2 3 4 5 6 -7 8 9 10 11 -12 13 14 15 -16 17 18 19 20 0
uf20-03 40979 1 2 3 4 5 6 -7 8 9 10 11 -12 13 14 15 -16 17 18 19 20 0
uf20-03 40979 1 2 3 4 5 6 -7 8 9 10 11 -12 13 14 15 -16 17 18 19 20 0
uf20-03 40979 1 2 3 4 5 6 -7 8 9 10 11 -12 13 14 15 -16 17 18 19 20 0
uf20-03 40889 1 2 3 -4 5 6 -7 8 9 10 11 12 13 14 15 -16 17 18 19 20 0
uf20-03 40979 1 2 3 4 5 6 -7 8 9 10 11 -12 13 14 15 -16 17 18 19 20 0
uf20-03 40979 1 2 3 4 5 6 -7 8 9 10 11 -12 13 14 15 -16 17 18 19 20 0
uf20-0210 25594 1 2 -3 4 -5 6 7 8 9 10 -11 12 13 14 15 -16 -17 -18 19 -20 0
uf20-0210 25594 1 2 -3 4 -5 6 7 8 9 10 -11 12 13 14 15 -16 -17 -18 19 -20 0
uf20-0210 25594 1 2 -3 4 -5 6 7 8 9 10 -11 12 13 14 15 -16 -17 -18 19 -20 0
uf20-0210 25594 1 2 -3 4 -5 6 7 8 9 10 -11 12 13 14 15 -16 -17 -18 19 -20 0
uf20-0210 25594 1 2 -3 4 -5 6 7 8 9 10 -11 12 13 14 15 -16 -17 -18 19 -20 0
uf20-0210 25594 1 2 -3 4 -5 6 7 8 9 10 -11 12 13 14 15 -16 -17 -18 19 -20 0
uf20-0210 25142 1 2 -3 4 5 6 7 8 9 10 11 12 -13 14 15 -16 -17 -18 19 -20 0
uf20-0210 25594 1 2 -3 4 -5 6 7 8 9 10 -11 12 13 14 15 -16 -17 -18 19 -20 0
uf20-0210 25594 1 2 -3 4 -5 6 7 8 9 10 -11 12 13 14 15 -16 -17 -18 19 -20 0
uf20-0210 25594 1 2 -3 4 -5 6 7 8 9 10 -11 12 13 14 15 -16 -17 -18 19 -20 0
uf20-0210 25594 1 2 -3 4 -5 6 7 8 9 10 -11 12 13 14 15 -16 -17 -18 19 -20 0
uf20-0210 25594 1 2 -3 4 -5 6 7 8 9 10 -11 12 13 14 15 -16 -17 -18 19 -20 0
uf20-0210 25594 1 2 -3 4 -5 6 7 8 9 10 -11 12 13 14 15 -16 -17 -18 19 -20 0
uf20-0210 25594 1 2 -3 4 -5 6 7 8 9 10 -11 12 13 14 15 -16 -17 -18 19 -20 0
uf20-0210 25229 1 2 -3 4 -5 6 7 -8 9 10 -11 12 13 14 -15 -16 17 -18 19 -20 0
uf20-0210 25594 1 2 -3 4 -5 6 7 8 9 10 -11 12 13 14 15 -16 -17 -18 19 -20 0
uf20-0210 25594 1 2 -3 4 -5 6 7 8 9 10 -11 12 13 14 15 -16 -17 -18 19 -20 0
uf20-0210 25594 1 2 -3 4 -5 6 7 8 9 10 -11 12 13 14 15 -16 -17 -18 19 -20 0
uf20-0210 25594 1 2 -3 4 -5 6 7 8 9 10 -11 12 13 14 15 -16 -17 -18 19 -20 0
uf20-0210 25594 1 2 -3 4 -5 6 7 8 9 10 -11 12 13 14 15 -16 -17 -18 19 -20 0
uf20-0210 25594 1 2 -3 4 -5 6 7 8 9 10 -11 12 13 14 15 -16 -17 -18 19 -20 0
uf20-0210 25594 1 2 -3 4 -5 6 7 8 9 10 -11 12 13 14 15 -16 -17 -18 19 -20 0
uf20-0210 25229 1 2 -3 4 -5 6 7 -8 9 10 -11 12 13 14 -15 -16 17 -18 19 -20 0
uf20-0210 25594 1 2 -3 4 -5 6 7 8 9 10 -11 12 13 14 15 -16 -17 -18 19 -20 0
uf20-0210 25594 1 2 -3 4 -5 6 7 8 9 10 -11 12 13 14 15 -16 -17 -18 19 -20 0
uf20-0210 25452 1 2 -3 4 -5 6 7 8 9 10 -11 12 13 14 -15 -16 -17 -18 19 -20 0
uf20-0210 25594 1 2 -3 4 -5 6 7 8 9 10 -11 12 13 14 15 -16 -17 -18 19 -20 0
uf20-0210 25594 1 2 -3 4 -5 6 7 8 9 10 -11 12 13 14 15 -16 -17 -18 19 -20 0
uf20-0210 25594 1 2 -3 4 -5 6 7 8 9 10 -11 12 13 14 15 -16 -17 -18 19 -20 0
uf20-0210 25594 1 2 -3 4 -5 6 7 8 9 10 -11 12 13 14 15 -16 -17 -18 19 -20 0
uf20-0210 25594 1 2 -3 4 -5 6 7 8 9 10 -11 12 13 14 15 -16 -17 -18 19 -20 0
uf20-0210 25594 1 2 -3 4 -5 6 7 8 9 10 -11 12 13 14 15 -16 -17 -18 19 -20 0
uf20-0210 25594 1 2 -3 4 -5 6 7 8 9 10 -11 12 13 14 15 -16 -17 -18 19 -20 0
uf20-0210 25594 1 2 -3 4 -5 6 7 8 9 10 -11 12 13 14 15 -16 -17 -18 19 -20 0
uf20-0210 25594 1 2 -3 4 -5 6 7 8 9 10 -11 12 13 14 15 -16 -17 -18 19 -20 0
uf20-0210 25594 1 2 -3 4 -5 6 7 8 9 10 -11 12 13 14 15 -16 -17 -18 19 -20 0
uf20-0210 25594 1 2 -3 4 -5 6 7 8 9 10 -11 12 13 14 15 -16 -17 -18 19 -20 0
uf20-0210 25229 1 2 -3 4 -5 6 7 -8 9 10 -11 12 13 14 -15 -16 17 -18 19 -20 0
uf20-0210 25142 1 2 -3 4 5 6 7 8 9 10 11 12 -13 14 15 -16 -17 -18 19 -20 0
uf20-0210 25594 1 2 -3 4 -5 6 7 8 9 10 -11 12 13 14 15 -16 -17 -18 19 -20 0
uf20-0210 25452 1 2 -3 4 -5 6 7 8 9 10 -11 12 13 14 -15 -16 -17 -18 19 -20 0
uf20-0210 25452 1 2 -3 4 -5 6 7 8 9 10 -11 12 13 14 -15 -16 -17 -18 19 -20 0
uf20-0210 25594 1 2 -3 4 -5 6 7 8 9 10 -11 12 13 14 15 -16 -17 -18 19 -20 0
uf20-0210 25594 1 2 -3 4 -5 6 7 8 9 10 -11 12 13 14 15 -16 -17 -18 19 -20 0
uf20-0210 25594 1 2 -3 4 -5 6 7 8 9 10 -11 12 13 14 15 -16 -17 -18 19 -20 0
uf20-0210 25452 1 2 -3 4 -5 6 7 8 9 10 -11 12 13 14 -15 -16 -17 -18 19 -20 0
uf20-0210 25594 1 2 -3 4 -5 6 7 8 9 10 -11 12 13 14 15 -16 -17 -18 19 -20 0
uf20-0210 25594 1 2 -3 4 -5 6 7 8 9 10 -11 12 13 14 15 -16 -17 -18 19 -20 0
uf20-0210 25229 1 2 -3 4 -5 6 7 -8 9 10 -11 12 13 14 -15 -16 17 -18 19 -20 0
uf20-0210 25594 1 2 -3 4 -5 6 7 8 9 10 -11 12 13 14 15 -16 -17 -18 19 -20 0
uf20-0204 46293 -1 2 3 4 5 6 7 -8 9 10 11 -12 13 14 15 16 -17 18 19 -20 0
uf20-0204 46293 -1 2 3 4 5 6 7 -8 9 10 11 -12 13 14 15 16 -17 18 19 -20 0
uf20-0204 46293 -1 2 3 4 5 6 7 -8 9 10 11 -12 13 14 15 16 -17 18 19 -20 0
uf20-0204 46293 -1 2 3 4 5 6 7 -8 9 10 11 -12 13 14 15 16 -17 18 19 -20 0
uf20-0204 46293 -1 2 3 4 5 6 7 -8 9 10 11 -12 13 14 15 16 -17 18 19 -20 0
uf20-0204 46293 -1 2 3 4 5 6 7 -8 9 10 11 -12 13 14 15 16 -17 18 19 -20 0
uf20-0204 46293 -1 2 3 4 5 6 7 -8 9 10 11 -12 13 14 15 16 -17 18 19 -20 0
uf20-0204 45839 -1 2 3 4 5 6 7 8 9 10 11 -12 13 14 -15 16 -17 18 19 -20 0
uf20-0204 46293 -1 2 3 4 5 6 7 -8 9 10 11 -12 13 14 15 16 -17 18 19 -20 0
uf20-0204 46293 -1 2 3 4 5 6 7 -8 9 10 11 -12 13 14 15 16 -17 18 19 -20 0
uf20-0204 46293 -1 2 3 4 5 6 7 -8 9 10 11 -12 13 14 15 16 -17 18 19 -20 0
uf20-0204 46293 -1 2 3 4 5 6 7 -8 9 10 11 -12 13 14 15 16 -17 18 19 -20 0
uf20-0204 46293 -1 2 3 4 5 6 7 -8 9 10 11 -12 13 14 15 16 -17 18 19 -20 0
uf20-0204 46293 -1 2 3 4 5 6 7 -8 9 10 11 -12 13 14 15 16 -17 18 19 -20 0
uf20-0204 46293 -1 2 3 4 5 6 7 -8 9 10 11 -12 13 14 15 16 -17 18 19 -20 0
uf20-0204 46293 -1 2 3 4 5 6 7 -8 9 10 11 -12 13 14 15 16 -17 18 19 -20 0
uf20-0204 46293 -1 2 3 4 5 6 7 -8 9 10 11 -12 13 14 15 16 -17 18 19 -20 0
uf20-0204 45839 -1 2 3 4 5 6 7 8 9 10 11 -12 13 14 -15 16 -17 18 19 -20 0
uf20-0204 46293 -1 2 3 4 5 6 7 -8 9 10 11 -12 13 14 15 16 -17 18 19 -20 0
uf20-0204 46293 -1 2 3 4 5 6 7 -8 9 10 11 -12 13 14 15 16 -17 18 19 -20 0
uf20-0204 46293 -1 2 3 4 5 6 7 -8 9 10 11 -12 13 14 15 16 -17 18 19 -20 0
uf20-0204 46293 -1 2 3 4 5 6 7 -8 9 10 11 -12 13 14 15 16 -17 18 19 -20 0
uf20-0204 46293 -1 2 3 4 5 6 7 -8 9 10 11 -12 13 14 15 16 -17 18 19 -20 0
uf20-0204 46293 -1 2 3 4 5 6 7 -8 9 10 11 -12 13 14 15 16 -17 18 19 -20 0
uf20-0204 46293 -1 2 3 4 5 6 7 -8 9 10 11 -12 13 14 15 16 -17 18 19 -20 0
uf20-0204 46293 -1 2 3 4 5 6 7 -8 9 10 11 -12 13 14 15 16 -17 18 19 -20 0
uf20-0204 46293 -1 2 3 4 5 6 7 -8 9 10 11 -12 13 14 15 16 -17 18 19 -20 0
uf20-0204 46293 -1 2 3 4 5 6 7 -8 9 10 11 -12 13 14 15 16 -17 18 19 -20 0
uf20-0204 45839 -1 2 3 4 5 6 7 8 9 10 11 -12 13 14 -15 16 -17 18 19 -20 0
uf20-0204 46293 -1 2 3 4 5 6 7 -8 9 10 11 -12 13 14 15 16 -17 18 19 -20 0
uf20-0204 44456 -1 -2 3 4 5 6 7 8 9 10 11 -12 13 14 -15 16 -17 18 19 -20 0
uf20-0204 46293 -1 2 3 4 5 6 7 -8 9 10 11 -12 13 14 15 16 -17 18 19 -20 0
uf20-0204 46293 -1 2 3 4 5 6 7 -8 9 10 11 -12 13 14 15 16 -17 18 19 -20 0
uf20-0204 45839 -1 2 3 4 5 6 7 8 9 10 11 -12 13 14 -15 16 -17 18 19 -20 0
uf20-0204 46293 -1 2 3 4 5 6 7 -8 9 10 11 -12 13 14 15 16 -17 18 19 -20 0
uf20-0204 46293 -1 2 3 4 5 6 7 -8 9 10 11 -12 13 14 15 16 -17 18 19 -20 0
uf20-0204 46293 -1 2 3 4 5 6 7 -8 9 10 11 -12 13 14 15 16 -17 18 19 -20 0
uf20-0204 46293 -1 2 3 4 5 6 7 -8 9 10 11 -12 13 14 15 16 -17 18 19 -20 0
uf20-0204 46293 -1 2 3 4 5 6 7 -8 9 10 11 -12 13 14 15 16 -17 18 19 -20 0
uf20-0204 46293 -1 2 3 4 5 6 7 -8 9 10 11 -12 13 14 15 16 -17 18 19 -20 0
uf20-0204 46293 -1 2 3 4 5 6 7 -8 9 10 11 -12 13 14 15 16 -17 18 19 -20 0
uf20-0204 46293 -1 2 3 4 5 6 7 -8 9 10 11 -12 13 14 15 16 -17 18 19 -20 0
uf20-0204 46293 -1 2 3 4 5 6 7 -8 9 10 11 -12 13 14 15 16 -17 18 19 -20 0
uf20-0204 46293 -1 2 3 4 5 6 7 -8 9 10 11 -12 13 14 15 16 -17 18 19 -20 0
uf20-0204 46293 -1 2 3 4 5 6 7 -8 9 10 11 -12 13 14 15 16 -17 18 19 -20 0
uf20-0204 46293 -1 2 3 4 5 6 7 -8 9 10 11 -12 13 14 15 16 -17 18 19 -20 0
uf20-0204 46293 -1 2 3 4 5 6 7 -8 9 10 11 -12 13 14 15 16 -17 18 19 -20 0
uf20-0204 45839 -1 2 3 4 5 6 7 8 9 10 11 -12 13 14 -15 16 -17 18 19 -20 0
uf20-0204 46293 -1 2 3 4 5 6 7 -8 9 10 11 -12 13 14 15 16 -17 18 19 -20 0
uf20-0204 46293 -1 2 3 4 5 6 7 -8 9 10 11 -12 13 14 15 16 -17 18 19 -20 0
uf20-0367 33407 1 -2 3 4 -5 -6 7 8 9 10 11 12 -13 14 15 16 17 18 -19 -20 0
uf20-0367 34512 1 -2 3 4 -5 -6 7 8 9 10 11 12 13 14 15 16 17 18 -19 -20 0
uf20-0367 34512 1 -2 3 4 -5 -6 7 8 9 10 11 12 13 14 15 16 17 18 -19 -20 0
uf20-0367 34512 1 -2 3 4 -5 -6 7 8 9 10 11 12 13 14 15 16 17 18 -19 -20 0
uf20-0367 34512 1 -2 3 4 -5 -6 7 8 9 10 11 12 13 14 15 16 17 18 -19 -20 0
uf20-0367 34512 1 -2 3 4 -5 -6 7 8 9 10 11 12 13 14 15 16 17 18 -19 -20 0
uf20-0367 34512 1 -2 3 4 -5 -6 7 8 9 10 11 12 13 14 15 16 17 18 -19 -20 0
uf20-0367 34512 1 -2 3 4 -5 -6 7 8 9 10 11 12 13 14 15 16 17 18 -19 -20 0
uf20-0367 34512 1 -2 3 4 -5 -6 7 8 9 10 11 12 13 14 15 16 17 18 -19 -20 0
uf20-0367 34512 1 -2 3 4 -5 -6 7 8 9 10 11 12 13 14 15 16 17 18 -19 -20 0
uf20-0367 34512 1 -2 3 4 -5 -6 7 8 9 10 11 12 13 14 15 16 17 18 -19 -20 0
uf20-0367 34512 1 -2 3 4 -5 -6 7 8 9 10 11 12 13 14 15 16 17 18 -19 -20 0
uf20-0367 34512 1 -2 3 4 -5 -6 7 8 9 10 11 12 13 14 15 16 17 18 -19 -20 0
uf20-0367 34512 1 -2 3 4 -5 -6 7 8 9 10 11 12 13 14 15 16 17 18 -19 -20 0
uf20-0367 34512 1 -2 3 4 -5 -6 7 8 9 10 11 12 13 14 15 16 17 18 -19 -20 0
uf20-0367 34512 1 -2 3 4 -5 -6 7 8 9 10 11 12 13 14 15 16 17 18 -19 -20 0
uf20-0367 34512 1 -2 3 4 -5 -6 7 8 9 10 11 12 13 14 15 16 17 18 -19 -20 0
uf20-0367 34512 1 -2 3 4 -5 -6 7 8 9 10 11 12 13 14 15 16 17 18 -19 -20 0
uf20-0367 34512 1 -2 3 4 -5 -6 7 8 9 10 11 12 13 14 15 16 17 18 -19 -20 0
uf20-0367 34512 1 -2 3 4 -5 -6 7 8 9 10 11 12 13 14 15 16 17 18 -19 -20 0
uf20-0367 34512 1 -2 3 4 -5 -6 7 8 9 10 11 12 13 14 15 16 17 18 -19 -20 0
uf20-0367 34512 1 -2 3 4 -5 -6 7 8 9 10 11 12 13 14 15 16 17 18 -19 -20 0
uf20-0367 34512 1 -2 3 4 -5 -6 7 8 9 10 11 12 13 14 15 16 17 18 -19 -20 0
uf20-0367 34512 1 -2 3 4 -5 -6 7 8 9 10 11 12 13 14 15 16 17 18 -19 -20 0
uf20-0367 34512 1 -2 3 4 -5 -6 7 8 9 10 11 12 13 14 15 16 17 18 -19 -20 0
uf20-0367 34512 1 -2 3 4 -5 -6 7 8 9 10 11 12 13 14 15 16 17 18 -19 -20 0
uf20-0367 34512 1 -2 3 4 -5 -6 7 8 9 10 11 12 13 14 15 16 17 18 -19 -20 0
uf20-0367 34512 1 -2 3 4 -5 -6 7 8 9 10 11 12 13 14 15 16 17 18 -19 -20 0
uf20-0367 34512 1 -2 3 4 -5 -6 7 8 9 10 11 12 13 14 15 16 17 18 -19 -20 0
uf20-0367 34512 1 -2 3 4 -5 -6 7 8 9 10 11 12 13 14 15 16 17 18 -19 -20 0
uf20-0367 33407 1 -2 3 4 -5 -6 7 8 9 10 11 12 -13 14 15 16 17 18 -19 -20 0
uf20-0367 34512 1 -2 3 4 -5 -6 7 8 9 10 11 12 13 14 15 16 17 18 -19 -20 0
uf20-0367 34512 1 -2 3 4 -5 -6 7 8 9 10 11 12 13 14 15 16 17 18 -19 -20 0
uf20-0367 34512 1 -2 3 4 -5 -6 7 8 9 10 11 12 13 14 15 16 17 18 -19 -20 0
uf20-0367 34512 1 -2 3 4 -5 -6 7 8 9 10 11 12 13 14 15 16 17 18 -19 -20 0
uf20-0367 34512 1 -2 3 4 -5 -6 7 8 9 10 11 12 13 14 15 16 17 18 -19 -20 0
uf20-0367 34512 1 -2 3 4 -5 -6 7 8 9 10 11 12 13 14 15 16 17 18 -19 -20 0
uf20-0367 34512 1 -2 3 4 -5 -6 7 8 9 10 11 12 13 14 15 16 17 18 -19 -20 0
uf20-0367 33407 1 -2 3 4 -5 -6 7 8 9 10 11 12 -13 14 15 16 17 18 -19 -20 0
uf20-0367 34512 1 -2 3 4 -5 -6 7 8 9 10 11 12 13 14 15 16 17 18 -19 -20 0
uf20-0367 34512 1 -2 3 4 -5 -6 7 8 9 10 11 12 13 14 15 16 17 18 -19 -20 0
uf20-0367 34512 1 -2 3 4 -5 -6 7 8 9 10 11 12 13 14 15 16 17 18 -19 -20 0
uf20-0367 34512 1 -2 3 4 -5 -6 7 8 9 10 11 12 13 14 15 16 17 18 -19 -20 0
uf20-0367 34512 1 -2 3 4 -5 -6 7 8 9 10 11 12 13 14 15 16 17 18 -19 -20 0
uf20-0367 34512 1 -2 3 4 -5 -6 7 8 9 10 11 12 13 14 15 16 17 18 -19 -20 0
uf20-0367 34512 1 -2 3 4 -5 -6 7 8 9 10 11 12 13 14 15 16 17 18 -19 -20 0
uf20-0367 34512 1 -2 3 4 -5 -6 7 8 9 10 11 12 13 14 15 16 17 18 -19 -20 0
uf20-0367 34512 1 -2 3 4 -5 -6 7 8 9 10 11 12 13 14 15 16 17 18 -19 -20 0
uf20-0367 34512 1 -2 3 4 -5 -6 7 8 9 10 11 12 13 14 15 16 17 18 -19 -20 0
uf20-0367 34512 1 -2 3 4 -5 -6 7 8 9 10 11 12 13 14 15 16 17 18 -19 -20 0
uf20-0836 42669 1 2 3 -4 5 6 7 -8 9 10 11 12 13 -14 15 16 17 18 -19 20 0
uf20-0836 42669 1 2 3 -4 5 6 7 -8 9 10 11 12 13 -14 15 16 17 18 -19 20 0
uf20-0836 42669 1 2 3 -4 5 6 7 -8 9 10 11 12 13 -14 15 16 17 18 -19 20 0
uf20-0836 42669 1 2 3 -4 5 6 7 -8 9 10 11 12 13 -14 15 16 17 18 -19 20 0
uf20-0836 41317 1 2 3 -4 5 6 7 -8 9 -10 11 12 13 -14 15 16 17 18 -19 20 0
uf20-0836 42669 1 2 3 -4 5 6 7 -8 9 10 11 12 13 -14 15 16 17 18 -19 20 0
uf20-0836 42669 1 2 3 -4 5 6 7 -8 9 10 11 12 13 -14 15 16 17 18 -19 20 0
uf20-0836 42669 1 2 3 -4 5 6 7 -8 9 10 11 12 13 -14 15 16 17 18 -19 20 0
uf20-0836 41317 1 2 3 -4 5 6 7 -8 9 -10 11 12 13 -14 15 16 17 18 -19 20 0
uf20-0836 42669 1 2 3 -4 5 6 7 -8 9 10 11 12 13 -14 15 16 17 18 -19 20 0
uf20-0836 42669 1 2 3 -4 5 6 7 -8 9 10 11 12 13 -14 15 16 17 18 -19 20 0
uf20-0836 42669 1 2 3 -4 5 6 7 -8 9 10 11 12 13 -14 15 16 17 18 -19 20 0
uf20-0836 42669 1 2 3 -4 5 6 7 -8 9 10 11 12 13 -14 15 16 17 18 -19 20 0
uf20-0836 42669 1 2 3 -4 5 6 7 -8 9 10 11 12 13 -14 15 16 17 18 -19 20 0
uf20-0836 42669 1 2 3 -4 5 6 7 -8 9 10 11 12 13 -14 15 16 17 18 -19 20 0
uf20-0836 42669 1 2 3 -4 5 6 7 -8 9 10 11 12 13 -14 15 16 17 18 -19 20 0
uf20-0836 42669 1 2 3 -4 5 6 7 -8 9 10 11 12 13 -14 15 16 17 18 -19 20 0
uf20-0836 42669 1 2 3 -4 5 6 7 -8 9 10 11 12 13 -14 15 16 17 18 -19 20 0
uf20-0836 42478 1 2 3 4 5 6 7 -8 9 -10 11 12 13 -14 15 16 17 18 -19 20 0
uf20-0836 42478 1 2 3 4 5 6 7 -8 9 -10 11 12 13 -14 15 16 17 18 -19 20 0
uf20-0836 42669 1 2 3 -4 5 6 7 -8 9 10 11 12 13 -14 15 16 17 18 -19 20 0
uf20-0836 42669 1 2 3 -4 5 6 7 -8 9 10 11 12 13 -14 15 16 17 18 -19 20 0
uf20-0836 42478 1 2 3 4 5 6 7 -8 9 -10 11 12 13 -14 15 16 17 18 -19 20 0
uf20-0836 42669 1 2 3 -4 5 6 7 -8 9 10 11 12 13 -14 15 16 17 18 -19 20 0
uf20-0836 42669 1 2 3 -4 5 6 7 -8 9 10 11 12 13 -14 15 16 17 18 -19 20 0
uf20-0836 42478 1 2 3 4 5 6 7 -8 9 -10 11 12 13 -14 15 16 17 18 -19 20 0
uf20-0836 42669 1 2 3 -4 5 6 7 -8 9 10 11 12 13 -14 15 16 17 18 -19 20 0
uf20-0836 42669 1 2 3 -4 5 6 7 -8 9 10 11 12 13 -14 15 16 17 18 -19 20 0
uf20-0836 42669 1 2 3 -4 5 6 7 -8 9 10 11 12 13 -14 15 16 17 18 -19 20 0
uf20-0836 42669 1 2 3 -4 5 6 7 -8 9 10 11 12 13 -14 15 16 17 18 -19 20 0
uf20-0836 42669 1 2 3 -4 5 6 7 -8 9 10 11 12 13 -14 15 16 17 18 -19 20 0
uf20-0836 42669 1 2 3 -4 5 6 7 -8 9 10 11 12 13 -14 15 16 17 18 -19 20 0
uf20-0836 42669 1 2 3 -4 5 6 7 -8 9 10 11 12 13 -14 15 16 17 18 -19 20 0
uf20-0836 42669 1 2 3 -4 5 6 7 -8 9 10 11 12 13 -14 15 16 17 18 -19 20 0
uf20-0836 42669 1 2 3 -4 5 6 7 -8 9 10 11 12 13 -14 15 16 17 18 -19 20 0
uf20-0836 42669 1 2 3 -4 5 6 7 -8 9 10 11 12 13 -14 15 16 17 18 -19 20 0
uf20-0836 42669 1 2 3 -4 5 6 7 -8 9 10 11 12 13 -14 15 16 17 18 -19 20 0
uf20-0836 42669 1 2 3 -4 5 6 7 -8 9 10 11 12 13 -14 15 16 17 18 -19 20 0
uf20-0836 42478 1 2 3 4 5 6 7 -8 9 -10 11 12 13 -14 15 16 17 18 -19 20 0
uf20-0836 42669 1 2 3 -4 5 6 7 -8 9 10 11 12 13 -14 15 16 17 18 -19 20 0
uf20-0836 42669 1 2 3 -4 5 6 7 -8 9 10 11 12 13 -14 15 16 17 18 -19 20 0
uf20-0836 42669 1 2 3 -4 5 6 7 -8 9 10 11 12 13 -14 15 16 17 18 -19 20 0
uf20-0836 42669 1 2 3 -4 5 6 7 -8 9 10 11 12 13 -14 15 16 17 18 -19 20 0
uf20-0836 42669 1 2 3 -4 5 6 7 -8 9 10 11 12 13 -14 15 16 17 18 -19 20 0
uf20-0836 42669 1 2 3 -4 5 6 7 -8 9 10 11 12 13 -14 15 16 17 18 -19 20 0
uf20-0836 42669 1 2 3 -4 5 6 7 -8 9 10 11 12 13 -14 15 16 17 18 -19 20 0
uf20-0836 42669 1 2 3 -4 5 6 7 -8 9 10 11 12 13 -14 15 16 17 18 -19 20 0
uf20-0836 42669 1 2 3 -4 5 6 7 -8 9 10 11 12 13 -14 15 16 17 18 -19 20 0
uf20-0836 42669 1 2 3 -4 5 6 7 -8 9 10 11 12 13 -14 15 16 17 18 -19 20 0
uf20-0836 42669 1 2 3 -4 5 6 7 -8 9 10 11 12 13 -14 15 16 17 18 -19 20 0
uf20-0563 38233 1 -2 3 4 5 6 -7 8 9 -10 -11 12 13 14 15 16 17 18 19 20 0
uf20-0563 39061 1 -2 3 4 5 6 -7 8 9 10 -11 12 13 14 15 16 17 18 19 -20 0
uf20-0563 39061 1 -2 3 4 5 6 -7 8 9 10 -11 12 13 14 15 16 17 18 19 -20 0
uf20-0563 38233 1 -2 3 4 5 6 -7 8 9 -10 -11 12 13 14 15 16 17 18 19 20 0
uf20-0563 38287 1 -2 3 4 5 6 -7 8 9 10 -11 12 13 -14 15 16 17 18 19 20 0
uf20-0563 39061 1 -2 3 4 5 6 -7 8 9 10 -11 12 13 14 15 16 17 18 19 -20 0
uf20-0563 39061 1 -2 3 4 5 6 -7 8 9 10 -11 12 13 14 15 16 17 18 19 -20 0
uf20-0563 39061 1 -2 3 4 5 6 -7 8 9 10 -11 12 13 14 15 16 17 18 19 -20 0
uf20-0563 39061 1 -2 3 4 5 6 -7 8 9 10 -11 12 13 14 15 16 17 18 19 -20 0
uf20-0563 38287 1 -2 3 4 5 6 -7 8 9 10 -11 12 13 -14 15 16 17 18 19 20 0
uf20-0563 39061 1 -2 3 4 5 6 -7 8 9 10 -11 12 13 14 15 16 17 18 19 -20 0
uf20-0563 38287 1 -2 3 4 5 6 -7 8 9 10 -11 12 13 -14 15 16 17 18 19 20 0
uf20-0563 39061 1 -2 3 4 5 6 -7 8 9 10 -11 12 13 14 15 16 17 18 19 -20 0
uf20-0563 38287 1 -2 3 4 5 6 -7 8 9 10 -11 12 13 -14 15 16 17 18 19 20 0
uf20-0563 39061 1 -2 3 4 5 6 -7 8 9 10 -11 12 13 14 15 16 17 18 19 -20 0
uf20-0563 39061 1 -2 3 4 5 6 -7 8 9 10 -11 12 13 14 15 16 17 18 19 -20 0
uf20-0563 39061 1 -2 3 4 5 6 -7 8 9 10 -11 12 13 14 15 16 17 18 19 -20 0
uf20-0563 38287 1 -2 3 4 5 6 -7 8 9 10 -11 12 13 -14 15 16 17 18 19 20 0
uf20-0563 39061 1 -2 3 4 5 6 -7 8 9 10 -11 12 13 14 15 16 17 18 19 -20 0
uf20-0563 39061 1 -2 3 4 5 6 -7 8 9 10 -11 12 13 14 15 16 17 18 19 -20 0
uf20-0563 38233 1 -2 3 4 5 6 -7 8 9 -10 -11 12 13 14 15 16 17 18 19 20 0
uf20-0563 39061 1 -2 3 4 5 6 -7 8 9 10 -11 12 13 14 15 16 17 18 19 -20 0
uf20-0563 39061 1 -2 3 4 5 6 -7 8 9 10 -11 12 13 14 15 16 17 18 19 -20 0
uf20-0563 39061 1 -2 3 4 5 6 -7 8 9 10 -11 12 13 14 15 16 17 18 19 -20 0
uf20-0563 38287 1 -2 3 4 5 6 -7 8 9 10 -11 12 13 -14 15 16 17 18 19 20 0
uf20-0563 37735 1 -2 3 4 5 6 -7 8 -9 10 -11 12 13 14 15 16 17 18 19 -20 0
uf20-0563 39061 1 -2 3 4 5 6 -7 8 9 10 -11 12 13 14 15 16 17 18 19 -20 0
uf20-0563 39061 1 -2 3 4 5 6 -7 8 9 10 -11 12 13 14 15 16 17 18 19 -20 0
uf20-0563 39061 1 -2 3 4 5 6 -7 8 9 10 -11 12 13 14 15 16 17 18 19 -20 0
uf20-0563 39061 1 -2 3 4 5 6 -7 8 9 10 -11 12 13 14 15 16 17 18 19 -20 0
uf20-0563 39061 1 -2 3 4 5 6 -7 8 9 10 -11 12 13 14 15 16 17 18 19 -20 0
uf20-0563 39061 1 -2 3 4 5 6 -7 8 9 10 -11 12 13 14 15 16 17 18 19 -20 0
uf20-0563 39061 1 -2 3 4 5 6 -7 8 9 10 -11 12 13 14 15 16 17 18 19 -20 0
uf20-0563 39061 1 -2 3 4 5 6 -7 8 9 10 -11 12 13 14 15 16 17 18 19 -20 0
uf20-0563 39061 1 -2 3 4 5 6 -7 8 9 10 -11 12 13 14 15 16 17 18 19 -20 0
uf20-0563 39061 1 -2 3 4 5 6 -7 8 9 10 -11 12 13 14 15 16 17 18 19 -20 0
uf20-0563 39061 1 -2 3 4 5 6 -7 8 9 10 -11 12 13 14 15 16 17 18 19 -20 0
uf20-0563 39061 1 -2 3 4 5 6 -7 8 9 10 -11 12 13 14 15 16 17 18 19 -20 0
uf20-0563 39061 1 -2 3 4 5 6 -7 8 9 10 -11 12 13 14 15 16 17 18 19 -20 0
uf20-0563 38287 1 -2 3 4 5 6 -7 8 9 10 -11 12 13 -14 15 16 17 18 19 20 0
uf20-0563 39061 1 -2 3 4 5 6 -7 8 9 10 -11 12 13 14 15 16 17 18 19 -20 0
uf20-0563 39061 1 -2 3 4 5 6 -7 8 9 10 -11 12 13 14 15 16 17 18 19 -20 0
uf20-0563 37735 1 -2 3 4 5 6 -7 8 -9 10 -11 12 13 14 15 16 17 18 19 -20 0
uf20-0563 38287 1 -2 3 4 5 6 -7 8 9 10 -11 12 13 -14 15 16 17 18 19 20 0
uf20-0563 39061 1 -2 3 4 5 6 -7 8 9 10 -11 12 13 14 15 16 17 18 19 -20 0
uf20-0563 39061 1 -2 3 4 5 6 -7 8 9 10 -11 12 13 14 15 16 17 18 19 -20 0
uf20-0563 39061 1 -2 3 4 5 6 -7 8 9 10 -11 12 13 14 15 16 17 18 19 -20 0
uf20-0563 39061 1 -2 3 4 5 6 -7 8 9 10 -11 12 13 14 15 16 17 18 19 -20 0
uf20-0563 38233 1 -2 3 4 5 6 -7 8 9 -10 -11 12 13 14 15 16 17 18 19 20 0
uf20-0563 39061 1 -2 3 4 5 6 -7 8 9 10 -11 12 13 14 15 16 17 18 19 -20 0
uf20-0966 43730 -1 -2 3 4 5 6 7 8 9 10 11 12 13 14 -15 16 17 18 19 20 0
uf20-0966 43730 -1 -2 3 4 5 6 7 8 9 10 11 12 13 14 -15 16 17 18 19 20 0
uf20-0966 43730 -1 -2 3 4 5 6 7 8 9 10 11 12 13 14 -15 16 17 18 19 20 0
uf20-0966 43730 -1 -2 3 4 5 6 7 8 9 10 11 12 13 14 -15 16 17 18 19 20 0
uf20-0966 43730 -1 -2 3 4 5 6 7 8 9 10 11 12 13 14 -15 16 17 18 19 20 0
uf20-0966 43730 -1 -2 3 4 5 6 7 8 9 10 11 12 13 14 -15 16 17 18 19 20 0
uf20-0966 43730 -1 -2 3 4 5 6 7 8 9 10 11 12 13 14 -15 16 17 18 19 20 0
uf20-0966 43730 -1 -2 3 4 5 6 7 8 9 10 11 12 13 14 -15 16 17 18 19 20 0
uf20-0966 43730 -1 -2 3 4 5 6 7 8 9 10 11 12 13 14 -15 16 17 18 19 20 0
uf20-0966 43730 -1 -2 3 4 5 6 7 8 9 10 11 12 13 14 -15 16 17 18 19 20 0
uf20-0966 43730 -1 -2 3 4 5 6 7 8 9 10 11 12 13 14 -15 16 17 18 19 20 0
uf20-0966 43730 -1 -2 3 4 5 6 7 8 9 10 11 12 13 14 -15 16 17 18 19 20 0
uf20-0966 43730 -1 -2 3 4 5 6 7 8 9 10 11 12 13 14 -15 16 17 18 19 20 0
uf20-0966 43730 -1 -2 3 4 5 6 7 8 9 10 11 12 13 14 -15 16 17 18 19 20 0
uf20-0966 43730 -1 -2 3 4 5 6 7 8 9 10 11 12 13 14 -15 16 17 18 19 20 0
uf20-0966 43730 -1 -2 3 4 5 6 7 8 9 10 11 12 13 14 -15 16 17 18 19 20 0
uf20-0966 43730 -1 -2 3 4 5 6 7 8 9 10 11 12 13 14 -15 16 17 18 19 20 0
uf20-0966 43730 -1 -2 3 4 5 6 7 8 9 10 11 12 13 14 -15 16 17 18 19 20 0
uf20-0966 43730 -1 -2 3 4 5 6 7 8 9 10 11 12 13 14 -15 16 17 18 19 20 0
uf20-0966 43730 -1 -2 3 4 5 6 7 8 9 10 11 12 13 14 -15 16 17 18 19 20 0
uf20-0966 43730 -1 -2 3 4 5 6 7 8 9 10 11 12 13 14 -15 16 17 18 19 20 0
uf20-0966 43730 -1 -2 3 4 5 6 7 8 9 10 11 12 13 14 -15 16 17 18 19 20 0
uf20-0966 43730 -1 -2 3 4 5 6 7 8 9 10 11 12 13 14 -15 16 17 18 19 20 0
uf20-0966 43730 -1 -2 3 4 5 6 7 8 9 10 11 12 13 14 -15 16 17 18 19 20 0
uf20-0966 43730 -1 -2 3 4 5 6 7 8 9 10 11 12 13 14 -15 16 17 18 19 20 0
uf20-0966 43730 -1 -2 3 4 5 6 7 8 9 10 11 12 13 14 -15 16 17 18 19 20 0
uf20-0966 43730 -1 -2 3 4 5 6 7 8 9 10 11 12 13 14 -15 16 17 18 19 20 0
uf20-0966 43730 -1 -2 3 4 5 6 7 8 9 10 11 12 13 14 -15 16 17 18 19 20 0
uf20-0966 43730 -1 -2 3 4 5 6 7 8 9 10 11 12 13 14 -15 16 17 18 19 20 0
uf20-0966 43730 -1 -2 3 4 5 6 7 8 9 10 11 12 13 14 -15 16 17 18 19 20 0
uf20-0966 43730 -1 -2 3 4 5 6 7 8 9 10 11 12 13 14 -15 16 17 18 19 20 0
uf20-0966 43730 -1 -2 3 4 5 6 7 8 9 10 11 12 13 14 -15 16 17 18 19 20 0
uf20-0966 43730 -1 -2 3 4 5 6 7 8 9 10 11 12 13 14 -15 16 17 18 19 20 0
uf20-0966 43730 -1 -2 3 4 5 6 7 8 9 10 11 12 13 14 -15 16 17 18 19 20 0
uf20-0966 43730 -1 -2 3 4 5 6 7 8 9 10 11 12 13 14 -15 16 17 18 19 20 0
uf20-0966 43730 -1 -2 3 4 5 6 7 8 9 10 11 12 13 14 -15 16 17 18 19 20 0
uf20-0966 43730 -1 -2 3 4 5 6 7 8 9 10 11 12 13 14 -15 16 17 18 19 20 0
uf20-0966 43730 -1 -2 3 4 5 6 7 8 9 10 11 12 13 14 -15 16 17 18 19 20 0
uf20-0966 43730 -1 -2 3 4 5 6 7 8 9 10 11 12 13 14 -15 16 17 18 19 20 0
uf20-0966 43730 -1 -2 3 4 5 6 7 8 9 10 11 12 13 14 -15 16 17 18 19 20 0
uf20-0966 43730 -1 -2 3 4 5 6 7 8 9 10 11 12 13 14 -15 16 17 18 19 20 0
uf20-0966 43730 -1 -2 3 4 5 6 7 8 9 10 11 12 13 14 -15 16 17 18 19 20 0
uf20-0966 43730 -1 -2 3 4 5 6 7 8 9 10 11 12 13 14 -15 16 17 18 19 20 0
uf20-0966 43730 -1 -2 3 4 5 6 7 8 9 10 11 12 13 14 -15 16 17 18 19 20 0
uf20-0966 43730 -1 -2 3 4 5 6 7 8 9 10 11 12 13 14 -15 16 17 18 19 20 0
uf20-0966 43730 -1 -2 3 4 5 6 7 8 9 10 11 12 13 14 -15 16 17 18 19 20 0
uf20-0966 43730 -1 -2 3 4 5 6 7 8 9 10 11 12 13 14 -15 16 17 18 19 20 0
uf20-0966 43621 -1 -2 3 -4 5 6 7 8 9 10 11 12 13 14 15 16 17 18 19 20 0
uf20-0966 43730 -1 -2 3 4 5 6 7 8 9 10 11 12 13 14 -15 16 17 18 19 20 0
uf20-0966 43730 -1 -2 3 4 5 6 7 8 9 10 11 12 13 14 -15 16 17 18 19 20 0
uf20-0781 35880 1 2 3 4 -5 -6 -7 8 9 10 11 -12 13 14 15 16 17 18 19 -20 0
uf20-0781 35880 1 2 3 4 -5 -6 -7 8 9 10 11 -12 13 14 15 16 17 18 19 -20 0
uf20-0781 35880 1 2 3 4 -5 -6 -7 8 9 10 11 -12 13 14 15 16 17 18 19 -20 0
uf20-0781 33997 1 2 3 4 -5 -6 -7 8 9 10 11 -12 -13 14 15 16 17 18 19 -20 0
uf20-0781 35880 1 2 3 4 -5 -6 -7 8 9 10 11 -12 13 14 15 16 17 18 19 -20 0
uf20-0781 35880 1 2 3 4 -5 -6 -7 8 9 10 11 -12 13 14 15 16 17 18 19 -20 0
uf20-0781 34596 1 2 3 4 -5 -6 -7 8 9 10 11 -12 13 -14 15 16 17 18 19 -20 0
uf20-0781 35880 1 2 3 4 -5 -6 -7 8 9 10 11 -12 13 14 15 16 17 18 19 -20 0
uf20-0781 34299 1 2 3 4 -5 -6 -7 8 9 -10 11 -12 13 14 15 16 17 18 19 -20 0
uf20-0781 35880 1 2 3 4 -5 -6 -7 8 9 10 11 -12 13 14 15 16 17 18 19 -20 0
uf20-0781 35880 1 2 3 4 -5 -6 -7 8 9 10 11 -12 13 14 15 16 17 18 19 -20 0
uf20-0781 35880 1 2 3 4 -5 -6 -7 8 9 10 11 -12 13 14 15 16 17 18 19 -20 0
uf20-0781 35880 1 2 3 4 -5 -6 -7 8 9 10 11 -12 13 14 15 16 17 18 19 -20 0
uf20-0781 35880 1 2 3 4 -5 -6 -7 8 9 10 11 -12 13 14 15 16 17 18 19 -20 0
uf20-0781 35880 1 2 3 4 -5 -6 -7 8 9 10 11 -12 13 14 15 16 17 18 19 -20 0
uf20-0781 35880 1 2 3 4 -5 -6 -7 8 9 10 11 -12 13 14 15 16 17 18 19 -20 0
uf20-0781 35880 1 2 3 4 -5 -6 -7 8 9 10 11 -12 13 14 15 16 17 18 19 -20 0
uf20-0781 35880 1 2 3 4 -5 -6 -7 8 9 10 11 -12 13 14 15 16 17 18 19 -20 0
uf20-0781 35880 1 2 3 4 -5 -6 -7 8 9 10 11 -12 13 14 15 16 17 18 19 -20 0
uf20-0781 33997 1 2 3 4 -5 -6 -7 8 9 10 11 -12 -13 14 15 16 17 18 19 -20 0
uf20-0781 35880 1 2 3 4 -5 -6 -7 8 9 10 11 -12 13 14 15 16 17 18 19 -20 0
uf20-0781 34596 1 2 3 4 -5 -6 -7 8 9 10 11 -12 13 -14 15 16 17 18 19 -20 0
uf20-0781 35880 1 2 3 4 -5 -6 -7 8 9 10 11 -12 13 14 15 16 17 18 19 -20 0
uf20-0781 34299 1 2 3 4 -5 -6 -7 8 9 -10 11 -12 13 14 15 16 17 18 19 -20 0
uf20-0781 35880 1 2 3 4 -5 -6 -7 8 9 10 11 -12 13 14 15 16 17 18 19 -20 0
uf20-0781 35880 1 2 3 4 -5 -6 -7 8 9 10 11 -12 13 14 15 16 17 18 19 -20 0
uf20-0781 34299 1 2 3 4 -5 -6 -7 8 9 -10 11 -12 13 14 15 16 17 18 19 -20 0
uf20-0781 35880 1 2 3 4 -5 -6 -7 8 9 10 11 -12 13 14 15 16 17 18 19 -20 0
uf20-0781 34299 1 2 3 4 -5 -6 -7 8 9 -10 11 -12 13 14 15 16 17 18 19 -20 0
uf20-0781 35880 1 2 3 4 -5 -6 -7 8 9 10 11 -12 13 14 15 16 17 18 19 -20 0
uf20-0781 34596 1 2 3 4 -5 -6 -7 8 9 10 11 -12 13 -14 15 16 17 18 19 -20 0
uf20-0781 35880 1 2 3 4 -5 -6 -7 8 9 10 11 -12 13 14 15 16 17 18 19 -20 0
uf20-0781 35880 1 2 3 4 -5 -6 -7 8 9 10 11 -12 13 14 15 16 17 18 19 -20 0
uf20-0781 35880 1 2 3 4 -5 -6 -7 8 9 10 11 -12 13 14 15 16 17 18 19 -20 0
uf20-0781 35880 1 2 3 4 -5 -6 -7 8 9 10 11 -12 13 14 15 16 17 18 19 -20 0
uf20-0781 35880 1 2 3 4 -5 -6 -7 8 9 10 11 -12 13 14 15 16 17 18 19 -20 0
uf20-0781 35880 1 2 3 4 -5 -6 -7 8 9 10 11 -12 13 14 15 16 17 18 19 -20 0
uf20-0781 35880 1 2 3 4 -5 -6 -7 8 9 10 11 -12 13 14 15 16 17 18 19 -20 0
uf20-0781 35880 1 2 3 4 -5 -6 -7 8 9 10 11 -12 13 14 15 16 17 18 19 -20 0
uf20-0781 35880 1 2 3 4 -5 -6 -7 8 9 10 11 -12 13 14 15 16 17 18 19 -20 0
uf20-0781 35880 1 2 3 4 -5 -6 -7 8 9 10 11 -12 13 14 15 16 17 18 19 -20 0
uf20-0781 35880 1 2 3 4 -5 -6 -7 8 9 10 11 -12 13 14 15 16 17 18 19 -20 0
uf20-0781 35880 1 2 3 4 -5 -6 -7 8 9 10 11 -12 13 14 15 16 17 18 19 -20 0
uf20-0781 34596 1 2 3 4 -5 -6 -7 8 9 10 11 -12 13 -14 15 16 17 18 19 -20 0
uf20-0781 35880 1 2 3 4 -5 -6 -7 8 9 10 11 -12 13 14 15 16 17 18 19 -20 0
uf20-0781 35880 1 2 3 4 -5 -6 -7 8 9 10 11 -12 13 14 15 16 17 18 19 -20 0
uf20-0781 35880 1 2 3 4 -5 -6 -7 8 9 10 11 -12 13 14 15 16 17 18 19 -20 0
uf20-0781 35880 1 2 3 4 -5 -6 -7 8 9 10 11 -12 13 14 15 16 17 18 19 -20 0
uf20-0781 35880 1 2 3 4 -5 -6 -7 8 9 10 11 -12 13 14 15 16 17 18 19 -20 0
uf20-0781 35880 1 2 3 4 -5 -6 -7 8 9 10 11 -12 13 14 15 16 17 18 19 -20 0
uf20-0134 47075 1 2 -3 4 5 6 7 8 -9 10 11 12 13 14 -15 16 17 18 -19 -20 0
uf20-0134 47075 1 2 -3 4 5 6 7 8 -9 10 11 12 13 14 -15 16 17 18 -19 -20 0
uf20-0134 47075 1 2 -3 4 5 6 7 8 -9 10 11 12 13 14 -15 16 17 18 -19 -20 0
uf20-0134 47075 1 2 -3 4 5 6 7 8 -9 10 11 12 13 14 -15 16 17 18 -19 -20 0
uf20-0134 47075 1 2 -3 4 5 6 7 8 -9 10 11 12 13 14 -15 16 17 18 -19 -20 0
uf20-0134 47075 1 2 -3 4 5 6 7 8 -9 10 11 12 13 14 -15 16 17 18 -19 -20 0
uf20-0134 45294 1 2 -3 -4 5 6 7 8 -9 10 11 12 13 14 -15 -16 17 18 -19 20 0
uf20-0134 47075 1 2 -3 4 5 6 7 8 -9 10 11 12 13 14 -15 16 17 18 -19 -20 0
uf20-0134 47075 1 2 -3 4 5 6 7 8 -9 10 11 12 13 14 -15 16 17 18 -19 -20 0
uf20-0134 47075 1 2 -3 4 5 6 7 8 -9 10 11 12 13 14 -15 16 17 18 -19 -20 0
uf20-0134 47010 1 2 -3 -4 5 6 7 8 9 10 11 12 13 14 -15 -16 17 18 -19 20 0
uf20-0134 47075 1 2 -3 4 5 6 7 8 -9 10 11 12 13 14 -15 16 17 18 -19 -20 0
uf20-0134 47010 1 2 -3 -4 5 6 7 8 9 10 11 12 13 14 -15 -16 17 18 -19 20 0
uf20-0134 47075 1 2 -3 4 5 6 7 8 -9 10 11 12 13 14 -15 16 17 18 -19 -20 0
uf20-0134 47075 1 2 -3 4 5 6 7 8 -9 10 11 12 13 14 -15 16 17 18 -19 -20 0
uf20-0134 46578 1 2 -3 4 5 6 7 8 9 10 11 12 13 14 -15 -16 17 18 -19 -20 0
uf20-0134 47075 1 2 -3 4 5 6 7 8 -9 10 11 12 13 14 -15 16 17 18 -19 -20 0
uf20-0134 46578 1 2 -3 4 5 6 7 8 9 10 11 12 13 14 -15 -16 17 18 -19 -20 0
uf20-0134 47075 1 2 -3 4 5 6 7 8 -9 10 11 12 13 14 -15 16 17 18 -19 -20 0
uf20-0134 46578 1 2 -3 4 5 6 7 8 9 10 11 12 13 14 -15 -16 17 18 -19 -20 0
uf20-0134 47075 1 2 -3 4 5 6 7 8 -9 10 11 12 13 14 -15 16 17 18 -19 -20 0
uf20-0134 47075 1 2 -3 4 5 6 7 8 -9 10 11 12 13 14 -15 16 17 18 -19 -20 0
uf20-0134 47075 1 2 -3 4 5 6 7 8 -9 10 11 12 13 14 -15 16 17 18 -19 -20 0
uf20-0134 47075 1 2 -3 4 5 6 7 8 -9 10 11 12 13 14 -15 16 17 18 -19 -20 0
uf20-0134 47075 1 2 -3 4 5 6 7 8 -9 10 11 12 13 14 -15 16 17 18 -19 -20 0
uf20-0134 47075 1 2 -3 4 5 6 7 8 -9 10 11 12 13 14 -15 16 17 18 -19 -20 0
uf20-0134 47010 1 2 -3 -4 5 6 7 8 9 10 11 12 13 14 -15 -16 17 18 -19 20 0
uf20-0134 47010 1 2 -3 -4 5 6 7 8 9 10 11 12 13 14 -15 -16 17 18 -19 20 0
uf20-0134 47075 1 2 -3 4 5 6 7 8 -9 10 11 12 13 14 -15 16 17 18 -19 -20 0
uf20-0134 47010 1 2 -3 -4 5 6 7 8 9 10 11 12 13 14 -15 -16 17 18 -19 20 0
uf20-0134 47075 1 2 -3 4 5 6 7 8 -9 10 11 12 13 14 -15 16 17 18 -19 -20 0
uf20-0134 45294 1 2 -3 -4 5 6 7 8 -9 10 11 12 13 14 -15 -16 17 18 -19 20 0
uf20-0134 46578 1 2 -3 4 5 6 7 8 9 10 11 12 13 14 -15 -16 17 18 -19 -20 0
uf20-0134 47075 1 2 -3 4 5 6 7 8 -9 10 11 12 13 14 -15 16 17 18 -19 -20 0
uf20-0134 47075 1 2 -3 4 5 6 7 8 -9 10 11 12 13 14 -15 16 17 18 -19 -20 0
uf20-0134 47075 1 2 -3 4 5 6 7 8 -9 10 11 12 13 14 -15 16 17 18 -19 -20 0
uf20-0134 45750 1 2 -3 -4 5 6 7 8 -9 10 11 12 13 14 -15 16 17 18 -19 -20 0
uf20-0134 47075 1 2 -3 4 5 6 7 8 -9 10 11 12 13 14 -15 16 17 18 -19 -20 0
uf20-0134 47010 1 2 -3 -4 5 6 7 8 9 10 11 12 13 14 -15 -16 17 18 -19 20 0
uf20-0134 47075 1 2 -3 4 5 6 7 8 -9 10 11 12 13 14 -15 16 17 18 -19 -20 0
uf20-0134 46578 1 2 -3 4 5 6 7 8 9 10 11 12 13 14 -15 -16 17 18 -19 -20 0
uf20-0134 47075 1 2 -3 4 5 6 7 8 -9 10 11 12 13 14 -15 16 17 18 -19 -20 0
uf20-0134 47075 1 2 -3 4 5 6 7 8 -9 10 11 12 13 14 -15 16 17 18 -19 -20 0
uf20-0134 47075 1 2 -3 4 5 6 7 8 -9 10 11 12 13 14 -15 16 17 18 -19 -20 0
uf20-0134 47075 1 2 -3 4 5 6 7 8 -9 10 11 12 13 14 -15 16 17 18 -19 -20 0
uf20-0134 47075 1 2 -3 4 5 6 7 8 -9 10 11 12 13 14 -15 16 17 18 -19 -20 0
uf20-0134 47075 1 2 -3 4 5 6 7 8 -9 10 11 12 13 14 -15 16 17 18 -19 -20 0
uf20-0134 47075 1 2 -3 4 5 6 7 8 -9 10 11 12 13 14 -15 16 17 18 -19 -20 0
uf20-0134 47075 1 2 -3 4 5 6 7 8 -9 10 11 12 13 14 -15 16 17 18 -19 -20 0
uf20-0134 47075 1 2 -3 4 5 6 7 8 -9 10 11 12 13 14 -15 16 17 18 -19 -20 0
