uf50-0653 4966 -1 2 3 4 -5 6 -7 8 9 -10 -11 12 -13 -14 -15 16 -17 -18 -19 20 -21 22 23 24 25 -26 27 28 29 -30 -31 -32 33 -34 35 36 -37 38 39 -40 41 42 43 44 45 46 47 48 -49 -50 0
uf50-0653 4966 -1 2 3 4 -5 6 -7 8 9 -10 -11 12 -13 -14 -15 16 -17 -18 -19 20 -21 22 23 24 25 -26 27 28 29 -30 -31 -32 33 -34 35 36 -37 38 39 -40 41 42 43 44 45 46 47 48 -49 -50 0
uf50-0653 4624 -1 2 3 4 -5 6 -7 8 9 -10 -11 12 -13 -14 -15 16 -17 -18 -19 20 -21 22 23 24 25 -26 27 28 29 -30 31 -32 -33 -34 35 36 -37 38 39 -40 41 42 43 44 45 46 47 48 -49 -50 0
uf50-0653 4624 -1 2 3 4 -5 6 -7 8 9 -10 -11 12 -13 -14 -15 16 -17 -18 -19 20 -21 22 23 24 25 -26 27 28 29 -30 31 -32 -33 -34 35 36 -37 38 39 -40 41 42 43 44 45 46 47 48 -49 -50 0
uf50-0653 4966 -1 2 3 4 -5 6 -7 8 9 -10 -11 12 -13 -14 -15 16 -17 -18 -19 20 -21 22 23 24 25 -26 27 28 29 -30 -31 -32 33 -34 35 36 -37 38 39 -40 41 42 43 44 45 46 47 48 -49 -50 0
uf50-0653 4966 -1 2 3 4 -5 6 -7 8 9 -10 -11 12 -13 -14 -15 16 -17 -18 -19 20 -21 22 23 24 25 -26 27 28 29 -30 -31 -32 33 -34 35 36 -37 38 39 -40 41 42 43 44 45 46 47 48 -49 -50 0
uf50-0653 4966 -1 2 3 4 -5 6 -7 8 9 -10 -11 12 -13 -14 -15 16 -17 -18 -19 20 -21 22 23 24 25 -26 27 28 29 -30 -31 -32 33 -34 35 36 -37 38 39 -40 41 42 43 44 45 46 47 48 -49 -50 0
uf50-0653 4966 -1 2 3 4 -5 6 -7 8 9 -10 -11 12 -13 -14 -15 16 -17 -18 -19 20 -21 22 23 24 25 -26 27 28 29 -30 -31 -32 33 -34 35 36 -37 38 39 -40 41 42 43 44 45 46 47 48 -49 -50 0
uf50-0653 4966 -1 2 3 4 -5 6 -7 8 9 -10 -11 12 -13 -14 -15 16 -17 -18 -19 20 -21 22 23 24 25 -26 27 28 29 -30 -31 -32 33 -34 35 36 -37 38 39 -40 41 42 43 44 45 46 47 48 -49 -50 0
uf50-0653 4624 -1 2 3 4 -5 6 -7 8 9 -10 -11 12 -13 -14 -15 16 -17 -18 -19 20 -21 22 23 24 25 -26 27 28 29 -30 31 -32 -33 -34 35 36 -37 38 39 -40 41 42 43 44 45 46 47 48 -49 -50 0
uf50-0653 3992 -1 -2 -3 4 -5 6 -7 8 9 -10 11 12 -13 -14 -15 16 -17 -18 -19 20 -21 22 -23 24 25 26 27 28 29 -30 -31 -32 33 -34 35 -36 37 38 39 -40 41 42 43 44 45 46 47 48 -49 -50 0
uf50-0653 4966 -1 2 3 4 -5 6 -7 8 9 -10 -11 12 -13 -14 -15 16 -17 -18 -19 20 -21 22 23 24 25 -26 27 28 29 -30 -31 -32 33 -34 35 36 -37 38 39 -40 41 42 43 44 45 46 47 48 -49 -50 0
uf50-0653 3144 -1 -2 -3 4 -5 6 -7 -8 9 -10 11 12 -13 -14 15 16 -17 -18 -19 20 -21 22 -23 24 25 26 27 28 29 -30 31 -32 -33 -34 35 -36 37 38 39 -40 41 -42 43 44 45 46 47 48 -49 -50 0
uf50-0653 4966 -1 2 3 4 -5 6 -7 8 9 -10 -11 12 -13 -14 -15 16 -17 -18 -19 20 -21 22 23 24 25 -26 27 28 29 -30 -31 -32 33 -34 35 36 -37 38 39 -40 41 42 43 44 45 46 47 48 -49 -50 0
uf50-0653 4624 -1 2 3 4 -5 6 -7 8 9 -10 -11 12 -13 -14 -15 16 -17 -18 -19 20 -21 22 23 24 25 -26 27 28 29 -30 31 -32 -33 -34 35 36 -37 38 39 -40 41 42 43 44 45 46 47 48 -49 -50 0
uf50-0653 4966 -1 2 3 4 -5 6 -7 8 9 -10 -11 12 -13 -14 -15 16 -17 -18 -19 20 -21 22 23 24 25 -26 27 28 29 -30 -31 -32 33 -34 35 36 -37 38 39 -40 41 42 43 44 45 46 47 48 -49 -50 0
uf50-0653 4966 -1 2 3 4 -5 6 -7 8 9 -10 -11 12 -13 -14 -15 16 -17 -18 -19 20 -21 22 23 24 25 -26 27 28 29 -30 -31 -32 33 -34 35 36 -37 38 39 -40 41 42 43 44 45 46 47 48 -49 -50 0
uf50-0653 4966 -1 2 3 4 -5 6 -7 8 9 -10 -11 12 -13 -14 -15 16 -17 -18 -19 20 -21 22 23 24 25 -26 27 28 29 -30 -31 -32 33 -34 35 36 -37 38 39 -40 41 42 43 44 45 46 47 48 -49 -50 0
uf50-0653 4966 -1 2 3 4 -5 6 -7 8 9 -10 -11 12 -13 -14 -15 16 -17 -18 -19 20 -21 22 23 24 25 -26 27 28 29 -30 -31 -32 33 -34 35 36 -37 38 39 -40 41 42 43 44 45 46 47 48 -49 -50 0
uf50-0653 4966 -1 2 3 4 -5 6 -7 8 9 -10 -11 12 -13 -14 -15 16 -17 -18 -19 20 -21 22 23 24 25 -26 27 28 29 -30 -31 -32 33 -34 35 36 -37 38 39 -40 41 42 43 44 45 46 47 48 -49 -50 0
uf50-0653 4624 -1 2 3 4 -5 6 -7 8 9 -10 -11 12 -13 -14 -15 16 -17 -18 -19 20 -21 22 23 24 25 -26 27 28 29 -30 31 -32 -33 -34 35 36 -37 38 39 -40 41 42 43 44 45 46 47 48 -49 -50 0
uf50-0653 4917 -1 2 3 4 -5 6 -7 8 9 -10 -11 12 13 -14 -15 16 -17 -18 -19 20 -21 22 23 24 25 -26 27 28 29 -30 -31 -32 33 -34 35 36 -37 38 39 -40 41 42 43 -44 45 46 47 48 -49 -50 0
uf50-0653 4917 -1 2 3 4 -5 6 -7 8 9 -10 -11 12 13 -14 -15 16 -17 -18 -19 20 -21 22 23 24 25 -26 27 28 29 -30 -31 -32 33 -34 35 36 -37 38 39 -40 41 42 43 -44 45 46 47 48 -49 -50 0
uf50-0653 4966 -1 2 3 4 -5 6 -7 8 9 -10 -11 12 -13 -14 -15 16 -17 -18 -19 20 -21 22 23 24 25 -26 27 28 29 -30 -31 -32 33 -34 35 36 -37 38 39 -40 41 42 43 44 45 46 47 48 -49 -50 0
uf50-0653 4966 -1 2 3 4 -5 6 -7 8 9 -10 -11 12 -13 -14 -15 16 -17 -18 -19 20 -21 22 23 24 25 -26 27 28 29 -30 -31 -32 33 -34 35 36 -37 38 39 -40 41 42 43 44 45 46 47 48 -49 -50 0
uf50-0653 4624 -1 2 3 4 -5 6 -7 8 9 -10 -11 12 -13 -14 -15 16 -17 -18 -19 20 -21 22 23 24 25 -26 27 28 29 -30 31 -32 -33 -34 35 36 -37 38 39 -40 41 42 43 44 45 46 47 48 -49 -50 0
uf50-0653 4966 -1 2 3 4 -5 6 -7 8 9 -10 -11 12 -13 -14 -15 16 -17 -18 -19 20 -21 22 23 24 25 -26 27 28 29 -30 -31 -32 33 -34 35 36 -37 38 39 -40 41 42 43 44 45 46 47 48 -49 -50 0
uf50-0653 4966 -1 2 3 4 -5 6 -7 8 9 -10 -11 12 -13 -14 -15 16 -17 -18 -19 20 -21 22 23 24 25 -26 27 28 29 -30 -31 -32 33 -34 35 36 -37 38 39 -40 41 42 43 44 45 46 47 48 -49 -50 0
uf50-0653 4966 -1 2 3 4 -5 6 -7 8 9 -10 -11 12 -13 -14 -15 16 -17 -18 -19 20 -21 22 23 24 25 -26 27 28 29 -30 -31 -32 33 -34 35 36 -37 38 39 -40 41 42 43 44 45 46 47 48 -49 -50 0
uf50-0653 4624 -1 2 3 4 -5 6 -7 8 9 -10 -11 12 -13 -14 -15 16 -17 -18 -19 20 -21 22 23 24 25 -26 27 28 29 -30 31 -32 -33 -34 35 36 -37 38 39 -40 41 42 43 44 45 46 47 48 -49 -50 0
uf50-0653 4966 -1 2 3 4 -5 6 -7 8 9 -10 -11 12 -13 -14 -15 16 -17 -18 -19 20 -21 22 23 24 25 -26 27 28 29 -30 -31 -32 33 -34 35 36 -37 38 39 -40 41 42 43 44 45 46 47 48 -49 -50 0
uf50-0653 4966 -1 2 3 4 -5 6 -7 8 9 -10 -11 12 -13 -14 -15 16 -17 -18 -19 20 -21 22 23 24 25 -26 27 28 29 -30 -31 -32 33 -34 35 36 -37 38 39 -40 41 42 43 44 45 46 47 48 -49 -50 0
uf50-0653 4966 -1 2 3 4 -5 6 -7 8 9 -10 -11 12 -13 -14 -15 16 -17 -18 -19 20 -21 22 23 24 25 -26 27 28 29 -30 -31 -32 33 -34 35 36 -37 38 39 -40 41 42 43 44 45 46 47 48 -49 -50 0
uf50-0653 4624 -1 2 3 4 -5 6 -7 8 9 -10 -11 12 -13 -14 -15 16 -17 -18 -19 20 -21 22 23 24 25 -26 27 28 29 -30 31 -32 -33 -34 35 36 -37 38 39 -40 41 42 43 44 45 46 47 48 -49 -50 0
uf50-0653 4966 -1 2 3 4 -5 6 -7 8 9 -10 -11 12 -13 -14 -15 16 -17 -18 -19 20 -21 22 23 24 25 -26 27 28 29 -30 -31 -32 33 -34 35 36 -37 38 39 -40 41 42 43 44 45 46 47 48 -49 -50 0
uf50-0653 4966 -1 2 3 4 -5 6 -7 8 9 -10 -11 12 -13 -14 -15 16 -17 -18 -19 20 -21 22 23 24 25 -26 27 28 29 -30 -31 -32 33 -34 35 36 -37 38 39 -40 41 42 43 44 45 46 47 48 -49 -50 0
uf50-0653 4966 -1 2 3 4 -5 6 -7 8 9 -10 -11 12 -13 -14 -15 16 -17 -18 -19 20 -21 22 23 24 25 -26 27 28 29 -30 -31 -32 33 -34 35 36 -37 38 39 -40 41 42 43 44 45 46 47 48 -49 -50 0
uf50-0653 4966 -1 2 3 4 -5 6 -7 8 9 -10 -11 12 -13 -14 -15 16 -17 -18 -19 20 -21 22 23 24 25 -26 27 28 29 -30 -31 -32 33 -34 35 36 -37 38 39 -40 41 42 43 44 45 46 47 48 -49 -50 0
uf50-0653 4966 -1 2 3 4 -5 6 -7 8 9 -10 -11 12 -13 -14 -15 16 -17 -18 -19 20 -21 22 23 24 25 -26 27 28 29 -30 -31 -32 33 -34 35 36 -37 38 39 -40 41 42 43 44 45 46 47 48 -49 -50 0
uf50-0653 4195 -1 2 -3 4 -5 6 -7 8 9 -10 11 12 -13 -14 -15 16 -17 -18 -19 20 -21 22 23 24 25 -26 27 28 29 -30 -31 -32 33 -34 35 -36 -37 38 39 -40 41 42 43 44 45 46 47 48 -49 -50 0
uf50-0653 4624 -1 2 3 4 -5 6 -7 8 9 -10 -11 12 -13 -14 -15 16 -17 -18 -19 20 -21 22 23 24 25 -26 27 28 29 -30 31 -32 -33 -34 35 36 -37 38 39 -40 41 42 43 44 45 46 47 48 -49 -50 0
uf50-0653 4624 -1 2 3 4 -5 6 -7 8 9 -10 -11 12 -13 -14 -15 16 -17 -18 -19 20 -21 22 23 24 25 -26 27 28 29 -30 31 -32 -33 -34 35 36 -37 38 39 -40 41 42 43 44 45 46 47 48 -49 -50 0
uf50-0653 4966 -1 2 3 4 -5 6 -7 8 9 -10 -11 12 -13 -14 -15 16 -17 -18 -19 20 -21 22 23 24 25 -26 27 28 29 -30 -31 -32 33 -34 35 36 -37 38 39 -40 41 42 43 44 45 46 47 48 -49 -50 0
uf50-0653 4624 -1 2 3 4 -5 6 -7 8 9 -10 -11 12 -13 -14 -15 16 -17 -18 -19 20 -21 22 23 24 25 -26 27 28 29 -30 31 -32 -33 -34 35 36 -37 38 39 -40 41 42 43 44 45 46 47 48 -49 -50 0
uf50-0653 4624 -1 2 3 4 -5 6 -7 8 9 -10 -11 12 -13 -14 -15 16 -17 -18 -19 20 -21 22 23 24 25 -26 27 28 29 -30 31 -32 -33 -34 35 36 -37 38 39 -40 41 42 43 44 45 46 47 48 -49 -50 0
uf50-0653 4624 -1 2 3 4 -5 6 -7 8 9 -10 -11 12 -13 -14 -15 16 -17 -18 -19 20 -21 22 23 24 25 -26 27 28 29 -30 31 -32 -33 -34 35 36 -37 38 39 -40 41 42 43 44 45 46 47 48 -49 -50 0
uf50-0653 4966 -1 2 3 4 -5 6 -7 8 9 -10 -11 12 -13 -14 -15 16 -17 -18 -19 20 -21 22 23 24 25 -26 27 28 29 -30 -31 -32 33 -34 35 36 -37 38 39 -40 41 42 43 44 45 46 47 48 -49 -50 0
uf50-0653 4624 -1 2 3 4 -5 6 -7 8 9 -10 -11 12 -13 -14 -15 16 -17 -18 -19 20 -21 22 23 24 25 -26 27 28 29 -30 31 -32 -33 -34 35 36 -37 38 39 -40 41 42 43 44 45 46 47 48 -49 -50 0
uf50-0653 4966 -1 2 3 4 -5 6 -7 8 9 -10 -11 12 -13 -14 -15 16 -17 -18 -19 20 -21 22 23 24 25 -26 27 28 29 -30 -31 -32 33 -34 35 36 -37 38 39 -40 41 42 43 44 45 46 47 48 -49 -50 0
uf50-0653 4624 -1 2 3 4 -5 6 -7 8 9 -10 -11 12 -13 -14 -15 16 -17 -18 -19 20 -21 22 23 24 25 -26 27 28 29 -30 31 -32 -33 -34 35 36 -37 38 39 -40 41 42 43 44 45 46 47 48 -49 -50 0
uf50-0653 4267 -1 2 3 4 -5 6 -7 8 9 -10 11 12 -13 -14 -15 16 -17 -18 -19 20 -21 22 23 24 25 -26 27 28 29 -30 31 -32 -33 -34 35 -36 -37 38 39 -40 41 42 43 44 45 46 47 48 -49 -50 0
uf50-0653 4624 -1 2 3 4 -5 6 -7 8 9 -10 -11 12 -13 -14 -15 16 -17 -18 -19 20 -21 22 23 24 25 -26 27 28 29 -30 31 -32 -33 -34 35 36 -37 38 39 -40 41 42 43 44 45 46 47 48 -49 -50 0
uf50-0653 4624 -1 2 3 4 -5 6 -7 8 9 -10 -11 12 -13 -14 -15 16 -17 -18 -19 20 -21 22 23 24 25 -26 27 28 29 -30 31 -32 -33 -34 35 36 -37 38 39 -40 41 42 43 44 45 46 47 48 -49 -50 0
uf50-0653 4966 -1 2 3 4 -5 6 -7 8 9 -10 -11 12 -13 -14 -15 16 -17 -18 -19 20 -21 22 23 24 25 -26 27 28 29 -30 -31 -32 33 -34 35 36 -37 38 39 -40 41 42 43 44 45 46 47 48 -49 -50 0
uf50-0653 4966 -1 2 3 4 -5 6 -7 8 9 -10 -11 12 -13 -14 -15 16 -17 -18 -19 20 -21 22 23 24 25 -26 27 28 29 -30 -31 -32 33 -34 35 36 -37 38 39 -40 41 42 43 44 45 46 47 48 -49 -50 0
uf50-0653 4624 -1 2 3 4 -5 6 -7 8 9 -10 -11 12 -13 -14 -15 16 -17 -18 -19 20 -21 22 23 24 25 -26 27 28 29 -30 31 -32 -33 -34 35 36 -37 38 39 -40 41 42 43 44 45 46 47 48 -49 -50 0
uf50-0653 3992 -1 -2 -3 4 -5 6 -7 8 9 -10 11 12 -13 -14 -15 16 -17 -18 -19 20 -21 22 -23 24 25 26 27 28 29 -30 -31 -32 33 -34 35 -36 37 38 39 -40 41 42 43 44 45 46 47 48 -49 -50 0
uf50-0653 4966 -1 2 3 4 -5 6 -7 8 9 -10 -11 12 -13 -14 -15 16 -17 -18 -19 20 -21 22 23 24 25 -26 27 28 29 -30 -31 -32 33 -34 35 36 -37 38 39 -40 41 42 43 44 45 46 47 48 -49 -50 0
uf50-0653 4917 -1 2 3 4 -5 6 -7 8 9 -10 -11 12 13 -14 -15 16 -17 -18 -19 20 -21 22 23 24 25 -26 27 28 29 -30 -31 -32 33 -34 35 36 -37 38 39 -40 41 42 43 -44 45 46 47 48 -49 -50 0
uf50-0653 3234 -1 -2 -3 4 -5 6 -7 8 9 -10 11 12 -13 -14 -15 16 -17 -18 -19 20 -21 22 -23 24 25 -26 27 28 29 -30 31 -32 -33 -34 35 -36 37 38 39 -40 41 42 43 44 45 46 47 48 -49 -50 0
uf50-0653 4966 -1 2 3 4 -5 6 -7 8 9 -10 -11 12 -13 -14 -15 16 -17 -18 -19 20 -21 22 23 24 25 -26 27 28 29 -30 -31 -32 33 -34 35 36 -37 38 39 -40 41 42 43 44 45 46 47 48 -49 -50 0
uf50-0653 4624 -1 2 3 4 -5 6 -7 8 9 -10 -11 12 -13 -14 -15 16 -17 -18 -19 20 -21 22 23 24 25 -26 27 28 29 -30 31 -32 -33 -34 35 36 -37 38 39 -40 41 42 43 44 45 46 47 48 -49 -50 0
uf50-0653 4966 -1 2 3 4 -5 6 -7 8 9 -10 -11 12 -13 -14 -15 16 -17 -18 -19 20 -21 22 23 24 25 -26 27 28 29 -30 -31 -32 33 -34 35 36 -37 38 39 -40 41 42 43 44 45 46 47 48 -49 -50 0
uf50-0653 4966 -1 2 3 4 -5 6 -7 8 9 -10 -11 12 -13 -14 -15 16 -17 -18 -19 20 -21 22 23 24 25 -26 27 28 29 -30 -31 -32 33 -34 35 36 -37 38 39 -40 41 42 43 44 45 46 47 48 -49 -50 0
uf50-0653 4624 -1 2 3 4 -5 6 -7 8 9 -10 -11 12 -13 -14 -15 16 -17 -18 -19 20 -21 22 23 24 25 -26 27 28 29 -30 31 -32 -33 -34 35 36 -37 38 39 -40 41 42 43 44 45 46 47 48 -49 -50 0
uf50-0653 4966 -1 2 3 4 -5 6 -7 8 9 -10 -11 12 -13 -14 -15 16 -17 -18 -19 20 -21 22 23 24 25 -26 27 28 29 -30 -31 -32 33 -34 35 36 -37 38 39 -40 41 42 43 44 45 46 47 48 -49 -50 0
uf50-0653 4966 -1 2 3 4 -5 6 -7 8 9 -10 -11 12 -13 -14 -15 16 -17 -18 -19 20 -21 22 23 24 25 -26 27 28 29 -30 -31 -32 33 -34 35 36 -37 38 39 -40 41 42 43 44 45 46 47 48 -49 -50 0
uf50-0653 4966 -1 2 3 4 -5 6 -7 8 9 -10 -11 12 -13 -14 -15 16 -17 -18 -19 20 -21 22 23 24 25 -26 27 28 29 -30 -31 -32 33 -34 35 36 -37 38 39 -40 41 42 43 44 45 46 47 48 -49 -50 0
uf50-0653 3941 -1 2 -3 4 -5 6 -7 8 9 -10 -11 12 -13 -14 -15 16 -17 -18 -19 20 -21 22 -23 24 25 -26 27 28 29 -30 -31 -32 33 -34 35 36 37 38 39 -40 41 42 43 -44 45 46 47 48 -49 -50 0
uf50-0653 4624 -1 2 3 4 -5 6 -7 8 9 -10 -11 12 -13 -14 -15 16 -17 -18 -19 20 -21 22 23 24 25 -26 27 28 29 -30 31 -32 -33 -34 35 36 -37 38 39 -40 41 42 43 44 45 46 47 48 -49 -50 0
uf50-0653 4966 -1 2 3 4 -5 6 -7 8 9 -10 -11 12 -13 -14 -15 16 -17 -18 -19 20 -21 22 23 24 25 -26 27 28 29 -30 -31 -32 33 -34 35 36 -37 38 39 -40 41 42 43 44 45 46 47 48 -49 -50 0
uf50-0653 4966 -1 2 3 4 -5 6 -7 8 9 -10 -11 12 -13 -14 -15 16 -17 -18 -19 20 -21 22 23 24 25 -26 27 28 29 -30 -31 -32 33 -34 35 36 -37 38 39 -40 41 42 43 44 45 46 47 48 -49 -50 0
uf50-0653 4966 -1 2 3 4 -5 6 -7 8 9 -10 -11 12 -13 -14 -15 16 -17 -18 -19 20 -21 22 23 24 25 -26 27 28 29 -30 -31 -32 33 -34 35 36 -37 38 39 -40 41 42 43 44 45 46 47 48 -49 -50 0
uf50-0653 4624 -1 2 3 4 -5 6 -7 8 9 -10 -11 12 -13 -14 -15 16 -17 -18 -19 20 -21 22 23 24 25 -26 27 28 29 -30 31 -32 -33 -34 35 36 -37 38 39 -40 41 42 43 44 45 46 47 48 -49 -50 0
uf50-0653 4624 -1 2 3 4 -5 6 -7 8 9 -10 -11 12 -13 -14 -15 16 -17 -18 -19 20 -21 22 23 24 25 -26 27 28 29 -30 31 -32 -33 -34 35 36 -37 38 39 -40 41 42 43 44 45 46 47 48 -49 -50 0
uf50-0653 4966 -1 2 3 4 -5 6 -7 8 9 -10 -11 12 -13 -14 -15 16 -17 -18 -19 20 -21 22 23 24 25 -26 27 28 29 -30 -31 -32 33 -34 35 36 -37 38 39 -40 41 42 43 44 45 46 47 48 -49 -50 0
uf50-0653 4966 -1 2 3 4 -5 6 -7 8 9 -10 -11 12 -13 -14 -15 16 -17 -18 -19 20 -21 22 23 24 25 -26 27 28 29 -30 -31 -32 33 -34 35 36 -37 38 39 -40 41 42 43 44 45 46 47 48 -49 -50 0
uf50-0653 4966 -1 2 3 4 -5 6 -7 8 9 -10 -11 12 -13 -14 -15 16 -17 -18 -19 20 -21 22 23 24 25 -26 27 28 29 -30 -31 -32 33 -34 35 36 -37 38 39 -40 41 42 43 44 45 46 47 48 -49 -50 0
uf50-0653 4966 -1 2 3 4 -5 6 -7 8 9 -10 -11 12 -13 -14 -15 16 -17 -18 -19 20 -21 22 23 24 25 -26 27 28 29 -30 -31 -32 33 -34 35 36 -37 38 39 -40 41 42 43 44 45 46 47 48 -49 -50 0
uf50-0653 4966 -1 2 3 4 -5 6 -7 8 9 -10 -11 12 -13 -14 -15 16 -17 -18 -19 20 -21 22 23 24 25 -26 27 28 29 -30 -31 -32 33 -34 35 36 -37 38 39 -40 41 42 43 44 45 46 47 48 -49 -50 0
uf50-0653 4624 -1 2 3 4 -5 6 -7 8 9 -10 -11 12 -13 -14 -15 16 -17 -18 -19 20 -21 22 23 24 25 -26 27 28 29 -30 31 -32 -33 -34 35 36 -37 38 39 -40 41 42 43 44 45 46 47 48 -49 -50 0
uf50-0653 4624 -1 2 3 4 -5 6 -7 8 9 -10 -11 12 -13 -14 -15 16 -17 -18 -19 20 -21 22 23 24 25 -26 27 28 29 -30 31 -32 -33 -34 35 36 -37 38 39 -40 41 42 43 44 45 46 47 48 -49 -50 0
uf50-0653 4966 -1 2 3 4 -5 6 -7 8 9 -10 -11 12 -13 -14 -15 16 -17 -18 -19 20 -21 22 23 24 25 -26 27 28 29 -30 -31 -32 33 -34 35 36 -37 38 39 -40 41 42 43 44 45 46 47 48 -49 -50 0
uf50-0653 4624 -1 2 3 4 -5 6 -7 8 9 -10 -11 12 -13 -14 -15 16 -17 -18 -19 20 -21 22 23 24 25 -26 27 28 29 -30 31 -32 -33 -34 35 36 -37 38 39 -40 41 42 43 44 45 46 47 48 -49 -50 0
uf50-0653 4917 -1 2 3 4 -5 6 -7 8 9 -10 -11 12 13 -14 -15 16 -17 -18 -19 20 -21 22 23 24 25 -26 27 28 29 -30 -31 -32 33 -34 35 36 -37 38 39 -40 41 42 43 -44 45 46 47 48 -49 -50 0
uf50-0653 4966 -1 2 3 4 -5 6 -7 8 9 -10 -11 12 -13 -14 -15 16 -17 -18 -19 20 -21 22 23 24 25 -26 27 28 29 -30 -31 -32 33 -34 35 36 -37 38 39 -40 41 42 43 44 45 46 47 48 -49 -50 0
uf50-0653 4966 -1 2 3 4 -5 6 -7 8 9 -10 -11 12 -13 -14 -15 16 -17 -18 -19 20 -21 22 23 24 25 -26 27 28 29 -30 -31 -32 33 -34 35 36 -37 38 39 -40 41 42 43 44 45 46 47 48 -49 -50 0
uf50-0653 4624 -1 2 3 4 -5 6 -7 8 9 -10 -11 12 -13 -14 -15 16 -17 -18 -19 20 -21 22 23 24 25 -26 27 28 29 -30 31 -32 -33 -34 35 36 -37 38 39 -40 41 42 43 44 45 46 47 48 -49 -50 0
uf50-0653 4966 -1 2 3 4 -5 6 -7 8 9 -10 -11 12 -13 -14 -15 16 -17 -18 -19 20 -21 22 23 24 25 -26 27 28 29 -30 -31 -32 33 -34 35 36 -37 38 39 -40 41 42 43 44 45 46 47 48 -49 -50 0
uf50-0653 4624 -1 2 3 4 -5 6 -7 8 9 -10 -11 12 -13 -14 -15 16 -17 -18 -19 20 -21 22 23 24 25 -26 27 28 29 -30 31 -32 -33 -34 35 36 -37 38 39 -40 41 42 43 44 45 46 47 48 -49 -50 0
uf50-0653 4966 -1 2 3 4 -5 6 -7 8 9 -10 -11 12 -13 -14 -15 16 -17 -18 -19 20 -21 22 23 24 25 -26 27 28 29 -30 -31 -32 33 -34 35 36 -37 38 39 -40 41 42 43 44 45 46 47 48 -49 -50 0
uf50-0653 3412 -1 -2 -3 4 -5 6 -7 -8 9 -10 11 12 -13 -14 -15 16 -17 -18 -19 20 -21 22 -23 24 25 26 27 28 29 -30 -31 -32 33 -34 35 -36 37 38 39 -40 41 -42 43 44 45 46 47 48 -49 -50 0
uf50-0653 4624 -1 2 3 4 -5 6 -7 8 9 -10 -11 12 -13 -14 -15 16 -17 -18 -19 20 -21 22 23 24 25 -26 27 28 29 -30 31 -32 -33 -34 35 36 -37 38 39 -40 41 42 43 44 45 46 47 48 -49 -50 0
uf50-0653 4624 -1 2 3 4 -5 6 -7 8 9 -10 -11 12 -13 -14 -15 16 -17 -18 -19 20 -21 22 23 24 25 -26 27 28 29 -30 31 -32 -33 -34 35 36 -37 38 39 -40 41 42 43 44 45 46 47 48 -49 -50 0
uf50-0653 4624 -1 2 3 4 -5 6 -7 8 9 -10 -11 12 -13 -14 -15 16 -17 -18 -19 20 -21 22 23 24 25 -26 27 28 29 -30 31 -32 -33 -34 35 36 -37 38 39 -40 41 42 43 44 45 46 47 48 -49 -50 0
uf50-0653 4966 -1 2 3 4 -5 6 -7 8 9 -10 -11 12 -13 -14 -15 16 -17 -18 -19 20 -21 22 23 24 25 -26 27 28 29 -30 -31 -32 33 -34 35 36 -37 38 39 -40 41 42 43 44 45 46 47 48 -49 -50 0
uf50-0653 4966 -1 2 3 4 -5 6 -7 8 9 -10 -11 12 -13 -14 -15 16 -17 -18 -19 20 -21 22 23 24 25 -26 27 28 29 -30 -31 -32 33 -34 35 36 -37 38 39 -40 41 42 43 44 45 46 47 48 -49 -50 0
uf50-0653 4966 -1 2 3 4 -5 6 -7 8 9 -10 -11 12 -13 -14 -15 16 -17 -18 -19 20 -21 22 23 24 25 -26 27 28 29 -30 -31 -32 33 -34 35 36 -37 38 39 -40 41 42 43 44 45 46 47 48 -49 -50 0
uf50-0653 4966 -1 2 3 4 -5 6 -7 8 9 -10 -11 12 -13 -14 -15 16 -17 -18 -19 20 -21 22 23 24 25 -26 27 28 29 -30 -31 -32 33 -34 35 36 -37 38 39 -40 41 42 43 44 45 46 47 48 -49 -50 0
uf50-0653 4624 -1 2 3 4 -5 6 -7 8 9 -10 -11 12 -13 -14 -15 16 -17 -18 -19 20 -21 22 23 24 25 -26 27 28 29 -30 31 -32 -33 -34 35 36 -37 38 39 -40 41 42 43 44 45 46 47 48 -49 -50 0
