uf50-0299 3311 -1 2 -3 4 5 6 7 8 9 10 11 12 -13 14 15 -16 -17 18 19 20 21 22 23 -24 -25 -26 -27 28 29 30 31 -32 -33 34 35 36 37 -38 -39 40 41 42 43 44 45 -46 47 48 -49 -50 0
uf50-0299 3334 1 2 3 4 5 -6 7 8 9 10 11 12 -13 -14 15 -16 -17 -18 -19 20 -21 22 23 24 25 26 -27 -28 -29 -30 -31 -32 -33 -34 35 36 -37 38 -39 -40 41 42 43 44 45 -46 47 48 49 50 0
uf50-0299 3961 1 2 3 4 5 -6 7 8 9 10 11 12 -13 -14 15 16 -17 -18 -19 20 -21 22 23 24 25 26 -27 -28 -29 -30 -31 -32 33 -34 35 36 -37 38 -39 -40 41 42 43 44 45 -46 47 48 49 50 0
uf50-0299 3961 1 2 3 4 5 -6 7 8 9 10 11 12 -13 -14 15 16 -17 -18 -19 20 -21 22 23 24 25 26 -27 -28 -29 -30 -31 -32 33 -34 35 36 -37 38 -39 -40 41 42 43 44 45 -46 47 48 49 50 0
uf50-0299 3961 1 2 3 4 5 -6 7 8 9 10 11 12 -13 -14 15 16 -17 -18 -19 20 -21 22 23 24 25 26 -27 -28 -29 -30 -31 -32 33 -34 35 36 -37 38 -39 -40 41 42 43 44 45 -46 47 48 49 50 0
uf50-0299 3587 1 2 3 4 5 -6 7 8 9 10 11 12 -13 -14 15 16 -17 -18 -19 20 -21 22 23 24 25 26 -27 -28 -29 -30 -31 -32 -33 -34 35 36 -37 38 -39 -40 41 42 43 44 45 -46 47 48 49 50 0
uf50-0299 3961 1 2 3 4 5 -6 7 8 9 10 11 12 -13 -14 15 16 -17 -18 -19 20 -21 22 23 24 25 26 -27 -28 -29 -30 -31 -32 33 -34 35 36 -37 38 -39 -40 41 42 43 44 45 -46 47 48 49 50 0
uf50-0299 3334 1 2 3 4 5 -6 7 8 9 10 11 12 -13 -14 15 -16 -17 -18 -19 20 -21 22 23 24 25 26 -27 -28 -29 -30 -31 -32 -33 -34 35 36 -37 38 -39 -40 41 42 43 44 45 -46 47 48 49 50 0
uf50-0299 3961 1 2 3 4 5 -6 7 8 9 10 11 12 -13 -14 15 16 -17 -18 -19 20 -21 22 23 24 25 26 -27 -28 -29 -30 -31 -32 33 -34 35 36 -37 38 -39 -40 41 42 43 44 45 -46 47 48 49 50 0
uf50-0299 3587 1 2 3 4 5 -6 7 8 9 10 11 12 -13 -14 15 16 -17 -18 -19 20 -21 22 23 24 25 26 -27 -28 -29 -30 -31 -32 -33 -34 35 36 -37 38 -39 -40 41 42 43 44 45 -46 47 48 49 50 0
uf50-0299 3961 1 2 3 4 5 -6 7 8 9 10 11 12 -13 -14 15 16 -17 -18 -19 20 -21 22 23 24 25 26 -27 -28 -29 -30 -31 -32 33 -34 35 36 -37 38 -39 -40 41 42 43 44 45 -46 47 48 49 50 0
uf50-0299 3961 1 2 3 4 5 -6 7 8 9 10 11 12 -13 -14 15 16 -17 -18 -19 20 -21 22 23 24 25 26 -27 -28 -29 -30 -31 -32 33 -34 35 36 -37 38 -39 -40 41 42 43 44 45 -46 47 48 49 50 0
uf50-0299 3311 -1 2 -3 4 5 6 7 8 9 10 11 12 -13 14 15 -16 -17 18 19 20 21 22 23 -24 -25 -26 -27 28 29 30 31 -32 -33 34 35 36 37 -38 -39 40 41 42 43 44 45 -46 47 48 -49 -50 0
uf50-0299 3411 1 -2 3 4 5 -6 7 -8 9 10 11 12 -13 -14 15 16 -17 -18 -19 20 -21 22 23 24 25 26 -27 -28 -29 -30 -31 -32 -33 -34 35 36 -37 38 -39 -40 41 42 43 44 45 -46 47 48 49 50 0
uf50-0299 3708 1 2 3 4 5 -6 7 8 9 10 11 12 -13 -14 15 -16 -17 -18 -19 20 -21 22 23 24 25 26 -27 -28 -29 -30 -31 -32 33 -34 35 36 -37 38 -39 -40 41 42 43 44 45 -46 47 48 49 50 0
uf50-0299 3455 1 -2 3 4 5 -6 7 8 9 10 11 12 -13 -14 15 16 -17 -18 -19 20 -21 22 23 24 25 26 -27 -28 -29 -30 -31 -32 -33 -34 35 36 -37 38 -39 -40 41 42 43 44 45 -46 47 48 49 50 0
uf50-0299 3961 1 2 3 4 5 -6 7 8 9 10 11 12 -13 -14 15 16 -17 -18 -19 20 -21 22 23 24 25 26 -27 -28 -29 -30 -31 -32 33 -34 35 36 -37 38 -39 -40 41 42 43 44 45 -46 47 48 49 50 0
uf50-0299 3961 1 2 3 4 5 -6 7 8 9 10 11 12 -13 -14 15 16 -17 -18 -19 20 -21 22 23 24 25 26 -27 -28 -29 -30 -31 -32 33 -34 35 36 -37 38 -39 -40 41 42 43 44 45 -46 47 48 49 50 0
uf50-0299 3961 1 2 3 4 5 -6 7 8 9 10 11 12 -13 -14 15 16 -17 -18 -19 20 -21 22 23 24 25 26 -27 -28 -29 -30 -31 -32 33 -34 35 36 -37 38 -39 -40 41 42 43 44 45 -46 47 48 49 50 0
uf50-0299 3411 1 -2 3 4 5 -6 7 -8 9 10 11 12 -13 -14 15 16 -17 -18 -19 20 -21 22 23 24 25 26 -27 -28 -29 -30 -31 -32 -33 -34 35 36 -37 38 -39 -40 41 42 43 44 45 -46 47 48 49 50 0
uf50-0299 3587 1 2 3 4 5 -6 7 8 9 10 11 12 -13 -14 15 16 -17 -18 -19 20 -21 22 23 24 25 26 -27 -28 -29 -30 -31 -32 -33 -34 35 36 -37 38 -39 -40 41 42 43 44 45 -46 47 48 49 50 0
uf50-0299 3311 -1 2 -3 4 5 6 7 8 9 10 11 12 -13 14 15 -16 -17 18 19 20 21 22 23 -24 -25 -26 -27 28 29 30 31 -32 -33 34 35 36 37 -38 -39 40 41 42 43 44 45 -46 47 48 -49 -50 0
uf50-0299 3334 1 2 3 4 5 -6 7 8 9 10 11 12 -13 -14 15 -16 -17 -18 -19 20 -21 22 23 24 25 26 -27 -28 -29 -30 -31 -32 -33 -34 35 36 -37 38 -39 -40 41 42 43 44 45 -46 47 48 49 50 0
uf50-0299 3587 1 2 3 4 5 -6 7 8 9 10 11 12 -13 -14 15 16 -17 -18 -19 20 -21 22 23 24 25 26 -27 -28 -29 -30 -31 -32 -33 -34 35 36 -37 38 -39 -40 41 42 43 44 45 -46 47 48 49 50 0
uf50-0299 3961 1 2 3 4 5 -6 7 8 9 10 11 12 -13 -14 15 16 -17 -18 -19 20 -21 22 23 24 25 26 -27 -28 -29 -30 -31 -32 33 -34 35 36 -37 38 -39 -40 41 42 43 44 45 -46 47 48 49 50 0
uf50-0299 3961 1 2 3 4 5 -6 7 8 9 10 11 12 -13 -14 15 16 -17 -18 -19 20 -21 22 23 24 25 26 -27 -28 -29 -30 -31 -32 33 -34 35 36 -37 38 -39 -40 41 42 43 44 45 -46 47 48 49 50 0
uf50-0299 3311 -1 2 -3 4 5 6 7 8 9 10 11 12 -13 14 15 -16 -17 18 19 20 21 22 23 -24 -25 -26 -27 28 29 30 31 -32 -33 34 35 36 37 -38 -39 40 41 42 43 44 45 -46 47 48 -49 -50 0
uf50-0299 3311 -1 2 -3 4 5 6 7 8 9 10 11 12 -13 14 15 -16 -17 18 19 20 21 22 23 -24 -25 -26 -27 28 29 30 31 -32 -33 34 35 36 37 -38 -39 40 41 42 43 44 45 -46 47 48 -49 -50 0
uf50-0299 3311 -1 2 -3 4 5 6 7 8 9 10 11 12 -13 14 15 -16 -17 18 19 20 21 22 23 -24 -25 -26 -27 28 29 30 31 -32 -33 34 35 36 37 -38 -39 40 41 42 43 44 45 -46 47 48 -49 -50 0
uf50-0299 3708 1 2 3 4 5 -6 7 8 9 10 11 12 -13 -14 15 -16 -17 -18 -19 20 -21 22 23 24 25 26 -27 -28 -29 -30 -31 -32 33 -34 35 36 -37 38 -39 -40 41 42 43 44 45 -46 47 48 49 50 0
uf50-0299 3785 1 -2 3 4 5 -6 7 8 9 10 11 12 13 -14 15 16 -17 -18 -19 20 -21 22 23 24 -25 26 -27 -28 -29 -30 -31 -32 33 -34 35 36 -37 38 -39 -40 -41 42 43 44 45 -46 47 48 49 50 0
uf50-0299 3961 1 2 3 4 5 -6 7 8 9 10 11 12 -13 -14 15 16 -17 -18 -19 20 -21 22 23 24 25 26 -27 -28 -29 -30 -31 -32 33 -34 35 36 -37 38 -39 -40 41 42 43 44 45 -46 47 48 49 50 0
uf50-0299 3587 1 2 3 4 5 -6 7 8 9 10 11 12 -13 -14 15 16 -17 -18 -19 20 -21 22 23 24 25 26 -27 -28 -29 -30 -31 -32 -33 -34 35 36 -37 38 -39 -40 41 42 43 44 45 -46 47 48 49 50 0
uf50-0299 3961 1 2 3 4 5 -6 7 8 9 10 11 12 -13 -14 15 16 -17 -18 -19 20 -21 22 23 24 25 26 -27 -28 -29 -30 -31 -32 33 -34 35 36 -37 38 -39 -40 41 42 43 44 45 -46 47 48 49 50 0
uf50-0299 3961 1 2 3 4 5 -6 7 8 9 10 11 12 -13 -14 15 16 -17 -18 -19 20 -21 22 23 24 25 26 -27 -28 -29 -30 -31 -32 33 -34 35 36 -37 38 -39 -40 41 42 43 44 45 -46 47 48 49 50 0
uf50-0299 3455 1 -2 3 4 5 -6 7 8 9 10 11 12 -13 -14 15 16 -17 -18 -19 20 -21 22 23 24 25 26 -27 -28 -29 -30 -31 -32 -33 -34 35 36 -37 38 -39 -40 41 42 43 44 45 -46 47 48 49 50 0
uf50-0299 3444 1 -2 3 4 5 -6 7 8 9 10 11 12 13 -14 15 16 -17 -18 -19 20 -21 22 23 24 -25 26 -27 -28 -29 -30 -31 -32 -33 -34 35 36 -37 38 -39 -40 41 42 43 44 45 -46 47 48 49 50 0
uf50-0299 3311 -1 2 -3 4 5 6 7 8 9 10 11 12 -13 14 15 -16 -17 18 19 20 21 22 23 -24 -25 -26 -27 28 29 30 31 -32 -33 34 35 36 37 -38 -39 40 41 42 43 44 45 -46 47 48 -49 -50 0
uf50-0299 3311 -1 2 -3 4 5 6 7 8 9 10 11 12 -13 14 15 -16 -17 18 19 20 21 22 23 -24 -25 -26 -27 28 29 30 31 -32 -33 34 35 36 37 -38 -39 40 41 42 43 44 45 -46 47 48 -49 -50 0
uf50-0299 3785 1 -2 3 4 5 -6 7 8 9 10 11 12 13 -14 15 16 -17 -18 -19 20 -21 22 23 24 -25 26 -27 -28 -29 -30 -31 -32 33 -34 35 36 -37 38 -39 -40 -41 42 43 44 45 -46 47 48 49 50 0
uf50-0299 3311 -1 2 -3 4 5 6 7 8 9 10 11 12 -13 14 15 -16 -17 18 19 20 21 22 23 -24 -25 -26 -27 28 29 30 31 -32 -33 34 35 36 37 -38 -39 40 41 42 43 44 45 -46 47 48 -49 -50 0
uf50-0299 3708 1 2 3 4 5 -6 7 8 9 10 11 12 -13 -14 15 -16 -17 -18 -19 20 -21 22 23 24 25 26 -27 -28 -29 -30 -31 -32 33 -34 35 36 -37 38 -39 -40 41 42 43 44 45 -46 47 48 49 50 0
uf50-0299 3785 1 -2 3 4 5 -6 7 8 9 10 11 12 13 -14 15 16 -17 -18 -19 20 -21 22 23 24 -25 26 -27 -28 -29 -30 -31 -32 33 -34 35 36 -37 38 -39 -40 -41 42 43 44 45 -46 47 48 49 50 0
uf50-0299 3587 1 2 3 4 5 -6 7 8 9 10 11 12 -13 -14 15 16 -17 -18 -19 20 -21 22 23 24 25 26 -27 -28 -29 -30 -31 -32 -33 -34 35 36 -37 38 -39 -40 41 42 43 44 45 -46 47 48 49 50 0
uf50-0299 3411 1 -2 3 4 5 -6 7 -8 9 10 11 12 -13 -14 15 16 -17 -18 -19 20 -21 22 23 24 25 26 -27 -28 -29 -30 -31 -32 -33 -34 35 36 -37 38 -39 -40 41 42 43 44 45 -46 47 48 49 50 0
uf50-0299 3708 1 2 3 4 5 -6 7 8 9 10 11 12 -13 -14 15 -16 -17 -18 -19 20 -21 22 23 24 25 26 -27 -28 -29 -30 -31 -32 33 -34 35 36 -37 38 -39 -40 41 42 43 44 45 -46 47 48 49 50 0
uf50-0299 3311 -1 2 -3 4 5 6 7 8 9 10 11 12 -13 14 15 -16 -17 18 19 20 21 22 23 -24 -25 -26 -27 28 29 30 31 -32 -33 34 35 36 37 -38 -39 40 41 42 43 44 45 -46 47 48 -49 -50 0
uf50-0299 3311 -1 2 -3 4 5 6 7 8 9 10 11 12 -13 14 15 -16 -17 18 19 20 21 22 23 -24 -25 -26 -27 28 29 30 31 -32 -33 34 35 36 37 -38 -39 40 41 42 43 44 45 -46 47 48 -49 -50 0
uf50-0299 3444 1 -2 3 4 5 -6 7 8 9 10 11 12 13 -14 15 16 -17 -18 -19 20 -21 22 23 24 -25 26 -27 -28 -29 -30 -31 -32 -33 -34 35 36 -37 38 -39 -40 41 42 43 44 45 -46 47 48 49 50 0
uf50-0299 3587 1 2 3 4 5 -6 7 8 9 10 11 12 -13 -14 15 16 -17 -18 -19 20 -21 22 23 24 25 26 -27 -28 -29 -30 -31 -32 -33 -34 35 36 -37 38 -39 -40 41 42 43 44 45 -46 47 48 49 50 0
uf50-0299 3455 1 -2 3 4 5 -6 7 8 9 10 11 12 -13 -14 15 16 -17 -18 -19 20 -21 22 23 24 -25 26 -27 -28 -29 -30 -31 -32 33 -34 35 36 -37 38 -39 -40 41 42 43 44 45 -46 47 48 49 50 0
uf50-0299 3311 -1 2 -3 4 5 6 7 8 9 10 11 12 -13 14 15 -16 -17 18 19 20 21 22 23 -24 -25 -26 -27 28 29 30 31 -32 -33 34 35 36 37 -38 -39 40 41 42 43 44 45 -46 47 48 -49 -50 0
uf50-0299 3587 1 2 3 4 5 -6 7 8 9 10 11 12 -13 -14 15 16 -17 -18 -19 20 -21 22 23 24 25 26 -27 -28 -29 -30 -31 -32 -33 -34 35 36 -37 38 -39 -40 41 42 43 44 45 -46 47 48 49 50 0
uf50-0299 3587 1 2 3 4 5 -6 7 8 9 10 11 12 -13 -14 15 16 -17 -18 -19 20 -21 22 23 24 25 26 -27 -28 -29 -30 -31 -32 -33 -34 35 36 -37 38 -39 -40 41 42 43 44 45 -46 47 48 49 50 0
uf50-0299 3311 -1 2 -3 4 5 6 7 8 9 10 11 12 -13 14 15 -16 -17 18 19 20 21 22 23 -24 -25 -26 -27 28 29 30 31 -32 -33 34 35 36 37 -38 -39 40 41 42 43 44 45 -46 47 48 -49 -50 0
uf50-0299 3311 -1 2 -3 4 5 6 7 8 9 10 11 12 -13 14 15 -16 -17 18 19 20 21 22 23 -24 -25 -26 -27 28 29 30 31 -32 -33 34 35 36 37 -38 -39 40 41 42 43 44 45 -46 47 48 -49 -50 0
uf50-0299 3587 1 2 3 4 5 -6 7 8 9 10 11 12 -13 -14 15 16 -17 -18 -19 20 -21 22 23 24 25 26 -27 -28 -29 -30 -31 -32 -33 -34 35 36 -37 38 -39 -40 41 42 43 44 45 -46 47 48 49 50 0
uf50-0299 3961 1 2 3 4 5 -6 7 8 9 10 11 12 -13 -14 15 16 -17 -18 -19 20 -21 22 23 24 25 26 -27 -28 -29 -30 -31 -32 33 -34 35 36 -37 38 -39 -40 41 42 43 44 45 -46 47 48 49 50 0
uf50-0299 3311 -1 2 -3 4 5 6 7 8 9 10 11 12 -13 14 15 -16 -17 18 19 20 21 22 23 -24 -25 -26 -27 28 29 30 31 -32 -33 34 35 36 37 -38 -39 40 41 42 43 44 45 -46 47 48 -49 -50 0
uf50-0299 3455 1 -2 3 4 5 -6 7 8 9 10 11 12 -13 -14 15 16 -17 -18 -19 20 -21 22 23 24 25 26 -27 -28 -29 -30 -31 -32 -33 -34 35 36 -37 38 -39 -40 41 42 43 44 45 -46 47 48 49 50 0
uf50-0299 3587 1 2 3 4 5 -6 7 8 9 10 11 12 -13 -14 15 16 -17 -18 -19 20 -21 22 23 24 25 26 -27 -28 -29 -30 -31 -32 -33 -34 35 36 -37 38 -39 -40 41 42 43 44 45 -46 47 48 49 50 0
uf50-0299 3961 1 2 3 4 5 -6 7 8 9 10 11 12 -13 -14 15 16 -17 -18 -19 20 -21 22 23 24 25 26 -27 -28 -29 -30 -31 -32 33 -34 35 36 -37 38 -39 -40 41 42 43 44 45 -46 47 48 49 50 0
uf50-0299 3587 1 2 3 4 5 -6 7 8 9 10 11 12 -13 -14 15 16 -17 -18 -19 20 -21 22 23 24 25 26 -27 -28 -29 -30 -31 -32 -33 -34 35 36 -37 38 -39 -40 41 42 43 44 45 -46 47 48 49 50 0
uf50-0299 3311 -1 2 -3 4 5 6 7 8 9 10 11 12 -13 14 15 -16 -17 18 19 20 21 22 23 -24 -25 -26 -27 28 29 30 31 -32 -33 34 35 36 37 -38 -39 40 41 42 43 44 45 -46 47 48 -49 -50 0
uf50-0299 3961 1 2 3 4 5 -6 7 8 9 10 11 12 -13 -14 15 16 -17 -18 -19 20 -21 22 23 24 25 26 -27 -28 -29 -30 -31 -32 33 -34 35 36 -37 38 -39 -40 41 42 43 44 45 -46 47 48 49 50 0
uf50-0299 3587 1 2 3 4 5 -6 7 8 9 10 11 12 -13 -14 15 16 -17 -18 -19 20 -21 22 23 24 25 26 -27 -28 -29 -30 -31 -32 -33 -34 35 36 -37 38 -39 -40 41 42 43 44 45 -46 47 48 49 50 0
uf50-0299 3400 1 -2 3 4 5 -6 7 -8 9 10 11 12 13 -14 15 16 -17 -18 -19 20 -21 22 23 24 -25 26 -27 -28 -29 -30 -31 -32 -33 -34 35 36 -37 38 -39 -40 41 42 43 44 45 -46 47 48 49 50 0
uf50-0299 3311 -1 2 -3 4 5 6 7 8 9 10 11 12 -13 14 15 -16 -17 18 19 20 21 22 23 -24 -25 -26 -27 28 29 30 31 -32 -33 34 35 36 37 -38 -39 40 41 42 43 44 45 -46 47 48 -49 -50 0
uf50-0299 3768 1 -2 3 4 5 -6 7 8 9 -10 11 12 13 -14 15 16 -17 -18 -19 20 -21 22 23 24 -25 26 -27 -28 -29 -30 -31 -32 33 -34 35 36 -37 38 -39 -40 41 42 43 44 45 -46 47 48 49 50 0
uf50-0299 3961 1 2 3 4 5 -6 7 8 9 10 11 12 -13 -14 15 16 -17 -18 -19 20 -21 22 23 24 25 26 -27 -28 -29 -30 -31 -32 33 -34 35 36 -37 38 -39 -40 41 42 43 44 45 -46 47 48 49 50 0
uf50-0299 3587 1 2 3 4 5 -6 7 8 9 10 11 12 -13 -14 15 16 -17 -18 -19 20 -21 22 23 24 25 26 -27 -28 -29 -30 -31 -32 -33 -34 35 36 -37 38 -39 -40 41 42 43 44 45 -46 47 48 49 50 0
uf50-0299 3311 -1 2 -3 4 5 6 7 8 9 10 11 12 -13 14 15 -16 -17 18 19 20 21 22 23 -24 -25 -26 -27 28 29 30 31 -32 -33 34 35 36 37 -38 -39 40 41 42 43 44 45 -46 47 48 -49 -50 0
uf50-0299 3961 1 2 3 4 5 -6 7 8 9 10 11 12 -13 -14 15 16 -17 -18 -19 20 -21 22 23 24 25 26 -27 -28 -29 -30 -31 -32 33 -34 35 36 -37 38 -39 -40 41 42 43 44 45 -46 47 48 49 50 0
uf50-0299 3961 1 2 3 4 5 -6 7 8 9 10 11 12 -13 -14 15 16 -17 -18 -19 20 -21 22 23 24 25 26 -27 -28 -29 -30 -31 -32 33 -34 35 36 -37 38 -39 -40 41 42 43 44 45 -46 47 48 49 50 0
uf50-0299 3311 -1 2 -3 4 5 6 7 8 9 10 11 12 -13 14 15 -16 -17 18 19 20 21 22 23 -24 -25 -26 -27 28 29 30 31 -32 -33 34 35 36 37 -38 -39 40 41 42 43 44 45 -46 47 48 -49 -50 0
uf50-0299 3311 -1 2 -3 4 5 6 7 8 9 10 11 12 -13 14 15 -16 -17 18 19 20 21 22 23 -24 -25 -26 -27 28 29 30 31 -32 -33 34 35 36 37 -38 -39 40 41 42 43 44 45 -46 47 48 -49 -50 0
uf50-0299 3961 1 2 3 4 5 -6 7 8 9 10 11 12 -13 -14 15 16 -17 -18 -19 20 -21 22 23 24 25 26 -27 -28 -29 -30 -31 -32 33 -34 35 36 -37 38 -39 -40 41 42 43 44 45 -46 47 48 49 50 0
uf50-0299 3576 1 -2 3 4 5 -6 7 8 9 10 11 12 -13 -14 15 -16 -17 -18 -19 20 -21 22 23 24 25 26 -27 -28 -29 -30 -31 -32 33 -34 35 36 -37 38 -39 -40 41 42 43 44 45 -46 47 48 49 50 0
uf50-0299 3311 -1 2 -3 4 5 6 7 8 9 10 11 12 -13 14 15 -16 -17 18 19 20 21 22 23 -24 -25 -26 -27 28 29 30 31 -32 -33 34 35 36 37 -38 -39 40 41 42 43 44 45 -46 47 48 -49 -50 0
uf50-0299 3587 1 2 3 4 5 -6 7 8 9 10 11 12 -13 -14 15 16 -17 -18 -19 20 -21 22 23 24 25 26 -27 -28 -29 -30 -31 -32 -33 -34 35 36 -37 38 -39 -40 41 42 43 44 45 -46 47 48 49 50 0
uf50-0299 3311 -1 2 -3 4 5 6 7 8 9 10 11 12 -13 14 15 -16 -17 18 19 20 21 22 23 -24 -25 -26 -27 28 29 30 31 -32 -33 34 35 36 37 -38 -39 40 41 42 43 44 45 -46 47 48 -49 -50 0
uf50-0299 3455 1 -2 3 4 5 -6 7 8 9 10 11 12 -13 -14 15 16 -17 -18 -19 20 -21 22 23 24 -25 26 -27 -28 -29 -30 -31 -32 33 -34 35 36 -37 38 -39 -40 41 42 43 44 45 -46 47 48 49 50 0
uf50-0299 3708 1 2 3 4 5 -6 7 8 9 10 11 12 -13 -14 15 -16 -17 -18 -19 20 -21 22 23 24 25 26 -27 -28 -29 -30 -31 -32 33 -34 35 36 -37 38 -39 -40 41 42 43 44 45 -46 47 48 49 50 0
uf50-0299 3587 1 2 3 4 5 -6 7 8 9 10 11 12 -13 -14 15 16 -17 -18 -19 20 -21 22 23 24 25 26 -27 -28 -29 -30 -31 -32 -33 -34 35 36 -37 38 -39 -40 41 42 43 44 45 -46 47 48 49 50 0
uf50-0299 3311 -1 2 -3 4 5 6 7 8 9 10 11 12 -13 14 15 -16 -17 18 19 20 21 22 23 -24 -25 -26 -27 28 29 30 31 -32 -33 34 35 36 37 -38 -39 40 41 42 43 44 45 -46 47 48 -49 -50 0
uf50-0299 3311 -1 2 -3 4 5 6 7 8 9 10 11 12 -13 14 15 -16 -17 18 19 20 21 22 23 -24 -25 -26 -27 28 29 30 31 -32 -33 34 35 36 37 -38 -39 40 41 42 43 44 45 -46 47 48 -49 -50 0
uf50-0299 3444 1 -2 3 4 5 -6 7 8 9 10 11 12 13 -14 15 16 -17 -18 -19 20 -21 22 23 24 -25 26 -27 -28 -29 -30 -31 -32 -33 -34 35 36 -37 38 -39 -40 41 42 43 44 45 -46 47 48 49 50 0
uf50-0299 3961 1 2 3 4 5 -6 7 8 9 10 11 12 -13 -14 15 16 -17 -18 -19 20 -21 22 23 24 25 26 -27 -28 -29 -30 -31 -32 33 -34 35 36 -37 38 -39 -40 41 42 43 44 45 -46 47 48 49 50 0
uf50-0299 3444 1 -2 3 4 5 -6 7 8 9 10 11 12 13 -14 15 16 -17 -18 -19 20 -21 22 23 24 -25 26 -27 -28 -29 -30 -31 -32 -33 -34 35 36 -37 38 -39 -40 41 42 43 44 45 -46 47 48 49 50 0
uf50-0299 3587 1 2 3 4 5 -6 7 8 9 10 11 12 -13 -14 15 16 -17 -18 -19 20 -21 22 23 24 25 26 -27 -28 -29 -30 -31 -32 -33 -34 35 36 -37 38 -39 -40 41 42 43 44 45 -46 47 48 49 50 0
uf50-0299 3311 -1 2 -3 4 5 6 7 8 9 10 11 12 -13 14 15 -16 -17 18 19 20 21 22 23 -24 -25 -26 -27 28 29 30 31 -32 -33 34 35 36 37 -38 -39 40 41 42 43 44 45 -46 47 48 -49 -50 0
uf50-0299 3961 1 2 3 4 5 -6 7 8 9 10 11 12 -13 -14 15 16 -17 -18 -19 20 -21 22 23 24 25 26 -27 -28 -29 -30 -31 -32 33 -34 35 36 -37 38 -39 -40 41 42 43 44 45 -46 47 48 49 50 0
uf50-0299 3311 -1 2 -3 4 5 6 7 8 9 10 11 12 -13 14 15 -16 -17 18 19 20 21 22 23 -24 -25 -26 -27 28 29 30 31 -32 -33 34 35 36 37 -38 -39 40 41 42 43 44 45 -46 47 48 -49 -50 0
uf50-0299 3311 -1 2 -3 4 5 6 7 8 9 10 11 12 -13 14 15 -16 -17 18 19 20 21 22 23 -24 -25 -26 -27 28 29 30 31 -32 -33 34 35 36 37 -38 -39 40 41 42 43 44 45 -46 47 48 -49 -50 0
uf50-0299 3334 1 2 3 4 5 -6 7 8 9 10 11 12 -13 -14 15 -16 -17 -18 -19 20 -21 22 23 24 25 26 -27 -28 -29 -30 -31 -32 -33 -34 35 36 -37 38 -39 -40 41 42 43 44 45 -46 47 48 49 50 0
uf50-0299 3961 1 2 3 4 5 -6 7 8 9 10 11 12 -13 -14 15 16 -17 -18 -19 20 -21 22 23 24 25 26 -27 -28 -29 -30 -31 -32 33 -34 35 36 -37 38 -39 -40 41 42 43 44 45 -46 47 48 49 50 0
uf50-0299 3961 1 2 3 4 5 -6 7 8 9 10 11 12 -13 -14 15 16 -17 -18 -19 20 -21 22 23 24 25 26 -27 -28 -29 -30 -31 -32 33 -34 35 36 -37 38 -39 -40 41 42 43 44 45 -46 47 48 49 50 0
uf50-0299 3961 1 2 3 4 5 -6 7 8 9 10 11 12 -13 -14 15 16 -17 -18 -19 20 -21 22 23 24 25 26 -27 -28 -29 -30 -31 -32 33 -34 35 36 -37 38 -39 -40 41 42 43 44 45 -46 47 48 49 50 0
uf50-0299 3311 -1 2 -3 4 5 6 7 8 9 10 11 12 -13 14 15 -16 -17 18 19 20 21 22 23 -24 -25 -26 -27 28 29 30 31 -32 -33 34 35 36 37 -38 -39 40 41 42 43 44 45 -46 47 48 -49 -50 0
uf50-0299 3311 -1 2 -3 4 5 6 7 8 9 10 11 12 -13 14 15 -16 -17 18 19 20 21 22 23 -24 -25 -26 -27 28 29 30 31 -32 -33 34 35 36 37 -38 -39 40 41 42 43 44 45 -46 47 48 -49 -50 0
