uf50-0549 3860 -1 2 3 4 5 6 7 -8 9 10 -11 12 13 -14 15 -16 -17 18 19 -20 21 -22 -23 24 25 -26 27 28 -29 30 31 -32 33 34 -35 36 37 -38 -39 -40 41 42 -43 44 45 46 47 -48 49 -50 0
uf50-0549 3694 1 2 3 4 5 6 7 -8 9 10 -11 12 13 -14 15 -16 -17 18 19 -20 21 -22 -23 24 25 -26 27 28 -29 30 31 -32 33 34 -35 36 37 -38 -39 -40 41 42 -43 44 45 46 -47 -48 49 -50 0
uf50-0549 3645 1 2 3 4 5 6 7 -8 9 10 -11 12 13 -14 15 -16 -17 18 19 -20 21 -22 23 24 25 -26 27 28 -29 30 -31 -32 33 34 -35 36 -37 -38 -39 -40 41 42 -43 44 45 46 -47 -48 49 -50 0
uf50-0549 3859 1 2 3 4 5 6 7 -8 9 10 -11 12 13 -14 15 -16 -17 18 19 -20 21 -22 23 24 25 -26 27 28 -29 30 -31 -32 33 34 -35 36 37 -38 -39 -40 41 42 -43 44 45 46 -47 -48 49 -50 0
uf50-0549 3860 -1 2 3 4 5 6 7 -8 9 10 -11 12 13 -14 15 -16 -17 18 19 -20 21 -22 -23 24 25 -26 27 28 -29 30 31 -32 33 34 -35 36 37 -38 -39 -40 41 42 -43 44 45 46 47 -48 49 -50 0
uf50-0549 3512 1 2 3 4 5 6 7 -8 -9 10 -11 12 13 -14 15 -16 -17 18 19 -20 21 -22 23 24 25 -26 -27 28 -29 -30 -31 32 33 34 35 36 37 38 -39 -40 41 42 43 44 45 46 -47 -48 49 -50 0
uf50-0549 3708 -1 2 3 4 5 6 7 -8 9 10 -11 12 13 -14 15 -16 -17 18 19 -20 21 -22 23 24 25 -26 27 28 -29 30 -31 -32 33 34 -35 36 37 -38 -39 -40 41 42 -43 44 45 46 -47 -48 49 -50 0
uf50-0549 3831 1 2 3 4 5 6 7 -8 9 10 -11 12 13 -14 15 -16 -17 18 19 -20 21 -22 23 24 25 -26 27 28 -29 30 -31 -32 -33 34 -35 36 37 -38 -39 -40 41 42 -43 44 45 46 -47 -48 49 -50 0
uf50-0549 3705 -1 2 3 4 5 6 7 -8 -9 10 11 12 13 -14 15 -16 -17 18 19 -20 21 -22 23 24 25 -26 -27 28 -29 -30 -31 -32 33 34 35 -36 37 38 -39 -40 41 42 43 44 45 46 -47 -48 -49 -50 0
uf50-0549 3860 -1 2 3 4 5 6 7 -8 9 10 -11 12 13 -14 15 -16 -17 18 19 -20 21 -22 -23 24 25 -26 27 28 -29 30 31 -32 33 34 -35 36 37 -38 -39 -40 41 42 -43 44 45 46 47 -48 49 -50 0
uf50-0549 3860 -1 2 3 4 5 6 7 -8 9 10 -11 12 13 -14 15 -16 -17 18 19 -20 21 -22 -23 24 25 -26 27 28 -29 30 31 -32 33 34 -35 36 37 -38 -39 -40 41 42 -43 44 45 46 47 -48 49 -50 0
uf50-0549 3675 1 2 3 4 -5 6 7 -8 -9 10 11 12 13 -14 15 -16 -17 18 19 -20 21 -22 23 24 25 -26 -27 28 -29 -30 -31 -32 33 34 35 -36 37 38 -39 -40 41 42 43 44 45 46 -47 -48 -49 -50 0
uf50-0549 3860 -1 2 3 4 5 6 7 -8 9 10 -11 12 13 -14 15 -16 -17 18 19 -20 21 -22 -23 24 25 -26 27 28 -29 30 31 -32 33 34 -35 36 37 -38 -39 -40 41 42 -43 44 45 46 47 -48 49 -50 0
uf50-0549 3859 1 2 3 4 5 6 7 -8 9 10 -11 12 13 -14 15 -16 -17 18 19 -20 21 -22 23 24 25 -26 27 28 -29 30 -31 -32 33 34 -35 36 37 -38 -39 -40 41 42 -43 44 45 46 -47 -48 49 -50 0
uf50-0549 3860 -1 2 3 4 5 6 7 -8 9 10 -11 12 13 -14 15 -16 -17 18 19 -20 21 -22 -23 24 25 -26 27 28 -29 30 31 -32 33 34 -35 36 37 -38 -39 -40 41 42 -43 44 45 46 47 -48 49 -50 0
uf50-0549 3856 1 2 3 4 5 6 7 -8 -9 10 11 12 13 -14 15 -16 -17 18 19 -20 21 -22 23 24 25 -26 -27 28 -29 -30 -31 -32 33 34 35 -36 37 38 -39 -40 41 42 43 44 45 46 -47 -48 -49 -50 0
uf50-0549 3860 -1 2 3 4 5 6 7 -8 9 10 -11 12 13 -14 15 -16 -17 18 19 -20 21 -22 -23 24 25 -26 27 28 -29 30 31 -32 33 34 -35 36 37 -38 -39 -40 41 42 -43 44 45 46 47 -48 49 -50 0
uf50-0549 3705 -1 2 3 4 5 6 7 -8 -9 10 11 12 13 -14 15 -16 -17 18 19 -20 21 -22 23 24 25 -26 -27 28 -29 -30 -31 -32 33 34 35 -36 37 38 -39 -40 41 42 43 44 45 46 -47 -48 -49 -50 0
uf50-0549 3859 1 2 3 4 5 6 7 -8 9 10 -11 12 13 -14 15 -16 -17 18 19 -20 21 -22 23 24 25 -26 27 28 -29 30 -31 -32 33 34 -35 36 37 -38 -39 -40 41 42 -43 44 45 46 -47 -48 49 -50 0
uf50-0549 3859 1 2 3 4 5 6 7 -8 9 10 -11 12 13 -14 15 -16 -17 18 19 -20 21 -22 23 24 25 -26 27 28 -29 30 -31 -32 33 34 -35 36 37 -38 -39 -40 41 42 -43 44 45 46 -47 -48 49 -50 0
uf50-0549 3859 1 2 3 4 5 6 7 -8 9 10 -11 12 13 -14 15 -16 -17 18 19 -20 21 -22 23 24 25 -26 27 28 -29 30 -31 -32 33 34 -35 36 37 -38 -39 -40 41 42 -43 44 45 46 -47 -48 49 -50 0
uf50-0549 3860 -1 2 3 4 5 6 7 -8 9 10 -11 12 13 -14 15 -16 -17 18 19 -20 21 -22 -23 24 25 -26 27 28 -29 30 31 -32 33 34 -35 36 37 -38 -39 -40 41 42 -43 44 45 46 47 -48 49 -50 0
uf50-0549 3860 -1 2 3 4 5 6 7 -8 9 10 -11 12 13 -14 15 -16 -17 18 19 -20 21 -22 -23 24 25 -26 27 28 -29 30 31 -32 33 34 -35 36 37 -38 -39 -40 41 42 -43 44 45 46 47 -48 49 -50 0
uf50-0549 3831 1 2 3 4 5 6 7 -8 9 10 -11 12 13 -14 15 -16 -17 18 19 -20 21 -22 23 24 25 -26 27 28 -29 30 -31 -32 -33 34 -35 36 37 -38 -39 -40 41 42 -43 44 45 46 -47 -48 49 -50 0
uf50-0549 3645 1 2 3 4 5 6 7 -8 9 10 -11 12 13 -14 15 -16 -17 18 19 -20 21 -22 23 24 25 -26 27 28 -29 30 -31 -32 33 34 -35 36 -37 -38 -39 -40 41 42 -43 44 45 46 -47 -48 49 -50 0
uf50-0549 3860 -1 2 3 4 5 6 7 -8 9 10 -11 12 13 -14 15 -16 -17 18 19 -20 21 -22 -23 24 25 -26 27 28 -29 30 31 -32 33 34 -35 36 37 -38 -39 -40 41 42 -43 44 45 46 47 -48 49 -50 0
uf50-0549 3856 1 2 3 4 5 6 7 -8 -9 10 11 12 13 -14 15 -16 -17 18 19 -20 21 -22 23 24 25 -26 -27 28 -29 -30 -31 -32 33 34 35 -36 37 38 -39 -40 41 42 43 44 45 46 -47 -48 -49 -50 0
uf50-0549 3708 -1 2 3 4 5 6 7 -8 9 10 -11 12 13 -14 15 -16 -17 18 19 -20 21 -22 23 24 25 -26 27 28 -29 30 -31 -32 33 34 -35 36 37 -38 -39 -40 41 42 -43 44 45 46 -47 -48 49 -50 0
uf50-0549 3859 1 2 3 4 5 6 7 -8 9 10 -11 12 13 -14 15 -16 -17 18 19 -20 21 -22 23 24 25 -26 27 28 -29 30 -31 -32 33 34 -35 36 37 -38 -39 -40 41 42 -43 44 45 46 -47 -48 49 -50 0
uf50-0549 3859 1 2 3 4 5 6 7 -8 9 10 -11 12 13 -14 15 -16 -17 18 19 -20 21 -22 23 24 25 -26 27 28 -29 30 -31 -32 33 34 -35 36 37 -38 -39 -40 41 42 -43 44 45 46 -47 -48 49 -50 0
uf50-0549 3703 -1 2 3 -4 5 6 7 -8 -9 10 11 12 13 -14 15 -16 -17 18 19 -20 21 -22 23 24 25 -26 -27 28 -29 -30 -31 -32 33 34 35 -36 37 38 -39 -40 41 42 43 44 45 46 -47 -48 -49 -50 0
uf50-0549 3856 1 2 3 4 5 6 7 -8 -9 10 11 12 13 -14 15 -16 -17 18 19 -20 21 -22 23 24 25 -26 -27 28 -29 -30 -31 -32 33 34 35 -36 37 38 -39 -40 41 42 43 44 45 46 -47 -48 -49 -50 0
uf50-0549 3860 -1 2 3 4 5 6 7 -8 9 10 -11 12 13 -14 15 -16 -17 18 19 -20 21 -22 -23 24 25 -26 27 28 -29 30 31 -32 33 34 -35 36 37 -38 -39 -40 41 42 -43 44 45 46 47 -48 49 -50 0
uf50-0549 3512 1 2 3 4 5 6 7 -8 -9 10 -11 12 13 -14 15 -16 -17 18 19 -20 21 -22 23 24 25 -26 -27 28 -29 -30 -31 32 33 34 35 36 37 38 -39 -40 41 42 43 44 45 46 -47 -48 49 -50 0
uf50-0549 3859 1 2 3 4 5 6 7 -8 9 10 -11 12 13 -14 15 -16 -17 18 19 -20 21 -22 23 24 25 -26 27 28 -29 30 -31 -32 33 34 -35 36 37 -38 -39 -40 41 42 -43 44 45 46 -47 -48 49 -50 0
uf50-0549 3703 -1 2 3 -4 5 6 7 -8 -9 10 11 12 13 -14 15 -16 -17 18 19 -20 21 -22 23 24 25 -26 -27 28 -29 -30 -31 -32 33 34 35 -36 37 38 -39 -40 41 42 43 44 45 46 -47 -48 -49 -50 0
uf50-0549 3854 1 2 3 -4 5 6 7 -8 -9 10 11 12 13 -14 15 -16 -17 18 19 -20 21 -22 23 24 25 -26 -27 28 -29 -30 -31 -32 33 34 35 -36 37 38 -39 -40 41 42 43 44 45 46 -47 -48 -49 -50 0
uf50-0549 3646 -1 2 3 4 5 6 7 -8 9 -10 -11 12 13 -14 15 -16 -17 18 19 -20 21 -22 -23 24 25 -26 27 28 -29 30 31 -32 33 34 -35 36 37 -38 -39 -40 41 42 -43 44 45 46 47 -48 49 -50 0
uf50-0549 3543 -1 2 3 4 5 6 7 -8 9 10 -11 12 13 -14 15 -16 -17 18 19 -20 21 -22 -23 24 25 -26 27 28 -29 30 31 -32 33 34 -35 36 37 -38 -39 -40 41 42 -43 44 45 46 -47 -48 49 -50 0
uf50-0549 3859 1 2 3 4 5 6 7 -8 9 10 -11 12 13 -14 15 -16 -17 18 19 -20 21 -22 23 24 25 -26 27 28 -29 30 -31 -32 33 34 -35 36 37 -38 -39 -40 41 42 -43 44 45 46 -47 -48 49 -50 0
uf50-0549 3860 -1 2 3 4 5 6 7 -8 9 10 -11 12 13 -14 15 -16 -17 18 19 -20 21 -22 -23 24 25 -26 27 28 -29 30 31 -32 33 34 -35 36 37 -38 -39 -40 41 42 -43 44 45 46 47 -48 49 -50 0
uf50-0549 3856 1 2 3 4 5 6 7 -8 -9 10 11 12 13 -14 15 -16 -17 18 19 -20 21 -22 23 24 25 -26 -27 28 -29 -30 -31 -32 33 34 35 -36 37 38 -39 -40 41 42 43 44 45 46 -47 -48 -49 -50 0
uf50-0549 3675 1 2 3 4 -5 6 7 -8 -9 10 11 12 13 -14 15 -16 -17 18 19 -20 21 -22 23 24 25 -26 -27 28 -29 -30 -31 -32 33 34 35 -36 37 38 -39 -40 41 42 43 44 45 46 -47 -48 -49 -50 0
uf50-0549 3860 -1 2 3 4 5 6 7 -8 9 10 -11 12 13 -14 15 -16 -17 18 19 -20 21 -22 -23 24 25 -26 27 28 -29 30 31 -32 33 34 -35 36 37 -38 -39 -40 41 42 -43 44 45 46 47 -48 49 -50 0
uf50-0549 3860 -1 2 3 4 5 6 7 -8 9 10 -11 12 13 -14 15 -16 -17 18 19 -20 21 -22 -23 24 25 -26 27 28 -29 30 31 -32 33 34 -35 36 37 -38 -39 -40 41 42 -43 44 45 46 47 -48 49 -50 0
uf50-0549 3860 -1 2 3 4 5 6 7 -8 9 10 -11 12 13 -14 15 -16 -17 18 19 -20 21 -22 -23 24 25 -26 27 28 -29 30 31 -32 33 34 -35 36 37 -38 -39 -40 41 42 -43 44 45 46 47 -48 49 -50 0
uf50-0549 3860 -1 2 3 4 5 6 7 -8 9 10 -11 12 13 -14 15 -16 -17 18 19 -20 21 -22 -23 24 25 -26 27 28 -29 30 31 -32 33 34 -35 36 37 -38 -39 -40 41 42 -43 44 45 46 47 -48 49 -50 0
uf50-0549 3860 -1 2 3 4 5 6 7 -8 9 10 -11 12 13 -14 15 -16 -17 18 19 -20 21 -22 -23 24 25 -26 27 28 -29 30 31 -32 33 34 -35 36 37 -38 -39 -40 41 42 -43 44 45 46 47 -48 49 -50 0
uf50-0549 3645 1 2 3 4 5 6 7 -8 9 10 -11 12 13 -14 15 -16 -17 18 19 -20 21 -22 23 24 25 -26 27 28 -29 30 -31 -32 33 34 -35 36 -37 -38 -39 -40 41 42 -43 44 45 46 -47 -48 49 -50 0
uf50-0549 3645 1 2 3 4 5 6 7 -8 9 10 -11 12 13 -14 15 -16 -17 18 19 -20 21 -22 23 24 25 -26 27 28 -29 30 -31 -32 33 34 -35 36 -37 -38 -39 -40 41 42 -43 44 45 46 -47 -48 49 -50 0
uf50-0549 3860 -1 2 3 4 5 6 7 -8 9 10 -11 12 13 -14 15 -16 -17 18 19 -20 21 -22 -23 24 25 -26 27 28 -29 30 31 -32 33 34 -35 36 37 -38 -39 -40 41 42 -43 44 45 46 47 -48 49 -50 0
uf50-0549 3860 -1 2 3 4 5 6 7 -8 9 10 -11 12 13 -14 15 -16 -17 18 19 -20 21 -22 -23 24 25 -26 27 28 -29 30 31 -32 33 34 -35 36 37 -38 -39 -40 41 42 -43 44 45 46 47 -48 49 -50 0
uf50-0549 3694 1 2 3 4 5 6 7 -8 9 10 -11 12 13 -14 15 -16 -17 18 19 -20 21 -22 -23 24 25 -26 27 28 -29 30 31 -32 33 34 -35 36 37 -38 -39 -40 41 42 -43 44 45 46 -47 -48 49 -50 0
uf50-0549 3856 1 2 3 4 5 6 7 -8 -9 10 11 12 13 -14 15 -16 -17 18 19 -20 21 -22 23 24 25 -26 -27 28 -29 -30 -31 -32 33 34 35 -36 37 38 -39 -40 41 42 43 44 45 46 -47 -48 -49 -50 0
uf50-0549 3646 -1 2 3 4 5 6 7 -8 9 10 -11 12 13 -14 15 -16 -17 18 19 -20 21 -22 -23 24 25 -26 27 28 -29 30 31 -32 33 34 -35 36 -37 -38 -39 -40 41 42 -43 44 45 46 47 -48 49 -50 0
uf50-0549 3859 1 2 3 4 5 6 7 -8 9 10 -11 12 13 -14 15 -16 -17 18 19 -20 21 -22 23 24 25 -26 27 28 -29 30 -31 -32 33 34 -35 36 37 -38 -39 -40 41 42 -43 44 45 46 -47 -48 49 -50 0
uf50-0549 3705 -1 2 3 4 5 6 7 -8 -9 10 11 12 13 -14 15 -16 -17 18 19 -20 21 -22 23 24 25 -26 -27 28 -29 -30 -31 -32 33 34 35 -36 37 38 -39 -40 41 42 43 44 45 46 -47 -48 -49 -50 0
uf50-0549 3856 1 2 3 4 5 6 7 -8 -9 10 11 12 13 -14 15 -16 -17 18 19 -20 21 -22 23 24 25 -26 -27 28 -29 -30 -31 -32 33 34 35 -36 37 38 -39 -40 41 42 43 44 45 46 -47 -48 -49 -50 0
uf50-0549 3854 1 2 3 -4 5 6 7 -8 -9 10 11 12 13 -14 15 -16 -17 18 19 -20 21 -22 23 24 25 -26 -27 28 -29 -30 -31 -32 33 34 35 -36 37 38 -39 -40 41 42 43 44 45 46 -47 -48 -49 -50 0
uf50-0549 3645 1 2 3 4 5 6 7 -8 9 10 -11 12 13 -14 15 -16 -17 18 19 -20 21 -22 23 24 25 -26 27 28 -29 30 -31 -32 33 34 -35 36 -37 -38 -39 -40 41 42 -43 44 45 46 -47 -48 49 -50 0
uf50-0549 3860 -1 2 3 4 5 6 7 -8 9 10 -11 12 13 -14 15 -16 -17 18 19 -20 21 -22 -23 24 25 -26 27 28 -29 30 31 -32 33 34 -35 36 37 -38 -39 -40 41 42 -43 44 45 46 47 -48 49 -50 0
uf50-0549 3859 1 2 3 4 5 6 7 -8 9 10 -11 12 13 -14 15 -16 -17 18 19 -20 21 -22 23 24 25 -26 27 28 -29 30 -31 -32 33 34 -35 36 37 -38 -39 -40 41 42 -43 44 45 46 -47 -48 49 -50 0
uf50-0549 3860 -1 2 3 4 5 6 7 -8 9 10 -11 12 13 -14 15 -16 -17 18 19 -20 21 -22 -23 24 25 -26 27 28 -29 30 31 -32 33 34 -35 36 37 -38 -39 -40 41 42 -43 44 45 46 47 -48 49 -50 0
uf50-0549 3859 1 2 3 4 5 6 7 -8 9 10 -11 12 13 -14 15 -16 -17 18 19 -20 21 -22 23 24 25 -26 27 28 -29 30 -31 -32 33 34 -35 36 37 -38 -39 -40 41 42 -43 44 45 46 -47 -48 49 -50 0
uf50-0549 3860 -1 2 3 4 5 6 7 -8 9 10 -11 12 13 -14 15 -16 -17 18 19 -20 21 -22 -23 24 25 -26 27 28 -29 30 31 -32 33 34 -35 36 37 -38 -39 -40 41 42 -43 44 45 46 47 -48 49 -50 0
uf50-0549 3856 1 2 3 4 5 6 7 -8 -9 10 11 12 13 -14 15 -16 -17 18 19 -20 21 -22 23 24 25 -26 -27 28 -29 -30 -31 -32 33 34 35 -36 37 38 -39 -40 41 42 43 44 45 46 -47 -48 -49 -50 0
uf50-0549 3680 -1 2 3 4 5 6 7 -8 9 10 -11 12 13 -14 15 -16 -17 18 19 -20 21 -22 23 24 25 -26 27 28 -29 30 -31 -32 -33 34 -35 36 37 -38 -39 -40 41 42 -43 44 45 46 -47 -48 49 -50 0
uf50-0549 3512 1 2 3 4 5 6 7 -8 -9 10 -11 12 13 -14 15 -16 -17 18 19 -20 21 -22 23 24 25 -26 -27 28 -29 -30 -31 32 33 34 35 36 37 38 -39 -40 41 42 43 44 45 46 -47 -48 49 -50 0
uf50-0549 3859 1 2 3 4 5 6 7 -8 9 10 -11 12 13 -14 15 -16 -17 18 19 -20 21 -22 23 24 25 -26 27 28 -29 30 -31 -32 33 34 -35 36 37 -38 -39 -40 41 42 -43 44 45 46 -47 -48 49 -50 0
uf50-0549 3860 -1 2 3 4 5 6 7 -8 9 10 -11 12 13 -14 15 -16 -17 18 19 -20 21 -22 -23 24 25 -26 27 28 -29 30 31 -32 33 34 -35 36 37 -38 -39 -40 41 42 -43 44 45 46 47 -48 49 -50 0
uf50-0549 3860 -1 2 3 4 5 6 7 -8 9 10 -11 12 13 -14 15 -16 -17 18 19 -20 21 -22 -23 24 25 -26 27 28 -29 30 31 -32 33 34 -35 36 37 -38 -39 -40 41 42 -43 44 45 46 47 -48 49 -50 0
uf50-0549 3645 1 2 3 4 5 6 7 -8 9 10 -11 12 13 -14 15 -16 -17 18 19 -20 21 -22 23 24 25 -26 27 28 -29 30 -31 -32 33 34 -35 36 -37 -38 -39 -40 41 42 -43 44 45 46 -47 -48 49 -50 0
uf50-0549 3860 -1 2 3 4 5 6 7 -8 9 10 -11 12 13 -14 15 -16 -17 18 19 -20 21 -22 -23 24 25 -26 27 28 -29 30 31 -32 33 34 -35 36 37 -38 -39 -40 41 42 -43 44 45 46 47 -48 49 -50 0
uf50-0549 3860 -1 2 3 4 5 6 7 -8 9 10 -11 12 13 -14 15 -16 -17 18 19 -20 21 -22 -23 24 25 -26 27 28 -29 30 31 -32 33 34 -35 36 37 -38 -39 -40 41 42 -43 44 45 46 47 -48 49 -50 0
uf50-0549 3860 -1 2 3 4 5 6 7 -8 9 10 -11 12 13 -14 15 -16 -17 18 19 -20 21 -22 -23 24 25 -26 27 28 -29 30 31 -32 33 34 -35 36 37 -38 -39 -40 41 42 -43 44 45 46 47 -48 49 -50 0
uf50-0549 3859 1 2 3 4 5 6 7 -8 9 10 -11 12 13 -14 15 -16 -17 18 19 -20 21 -22 23 24 25 -26 27 28 -29 30 -31 -32 33 34 -35 36 37 -38 -39 -40 41 42 -43 44 45 46 -47 -48 49 -50 0
uf50-0549 3860 -1 2 3 4 5 6 7 -8 9 10 -11 12 13 -14 15 -16 -17 18 19 -20 21 -22 -23 24 25 -26 27 28 -29 30 31 -32 33 34 -35 36 37 -38 -39 -40 41 42 -43 44 45 46 47 -48 49 -50 0
uf50-0549 3703 -1 2 3 -4 5 6 7 -8 -9 10 11 12 13 -14 15 -16 -17 18 19 -20 21 -22 23 24 25 -26 -27 28 -29 -30 -31 -32 33 34 35 -36 37 38 -39 -40 41 42 43 44 45 46 -47 -48 -49 -50 0
uf50-0549 3860 -1 2 3 4 5 6 7 -8 9 10 -11 12 13 -14 15 -16 -17 18 19 -20 21 -22 -23 24 25 -26 27 28 -29 30 31 -32 33 34 -35 36 37 -38 -39 -40 41 42 -43 44 45 46 47 -48 49 -50 0
uf50-0549 3859 1 2 3 4 5 6 7 -8 9 10 -11 12 13 -14 15 -16 -17 18 19 -20 21 -22 23 24 25 -26 27 28 -29 30 -31 -32 33 34 -35 36 37 -38 -39 -40 41 42 -43 44 45 46 -47 -48 49 -50 0
uf50-0549 3860 -1 2 3 4 5 6 7 -8 9 10 -11 12 13 -14 15 -16 -17 18 19 -20 21 -22 -23 24 25 -26 27 28 -29 30 31 -32 33 34 -35 36 37 -38 -39 -40 41 42 -43 44 45 46 47 -48 49 -50 0
uf50-0549 3859 1 2 3 4 5 6 7 -8 9 10 -11 12 13 -14 15 -16 -17 18 19 -20 21 -22 23 24 25 -26 27 28 -29 30 -31 -32 33 34 -35 36 37 -38 -39 -40 41 42 -43 44 45 46 -47 -48 49 -50 0
uf50-0549 3860 -1 2 3 4 5 6 7 -8 9 10 -11 12 13 -14 15 -16 -17 18 19 -20 21 -22 -23 24 25 -26 27 28 -29 30 31 -32 33 34 -35 36 37 -38 -39 -40 41 42 -43 44 45 46 47 -48 49 -50 0
uf50-0549 3860 -1 2 3 4 5 6 7 -8 9 10 -11 12 13 -14 15 -16 -17 18 19 -20 21 -22 -23 24 25 -26 27 28 -29 30 31 -32 33 34 -35 36 37 -38 -39 -40 41 42 -43 44 45 46 47 -48 49 -50 0
uf50-0549 3694 1 2 3 4 5 6 7 -8 9 10 -11 12 13 -14 15 -16 -17 18 19 -20 21 -22 -23 24 25 -26 27 28 -29 30 31 -32 33 34 -35 36 37 -38 -39 -40 41 42 -43 44 45 46 -47 -48 49 -50 0
uf50-0549 3859 1 2 3 4 5 6 7 -8 9 10 -11 12 13 -14 15 -16 -17 18 19 -20 21 -22 23 24 25 -26 27 28 -29 30 -31 -32 33 34 -35 36 37 -38 -39 -40 41 42 -43 44 45 46 -47 -48 49 -50 0
uf50-0549 3859 1 2 3 4 5 6 7 -8 9 10 -11 12 13 -14 15 -16 -17 18 19 -20 21 -22 23 24 25 -26 27 28 -29 30 -31 -32 33 34 -35 36 37 -38 -39 -40 41 42 -43 44 45 46 -47 -48 49 -50 0
uf50-0549 3860 -1 2 3 4 5 6 7 -8 9 10 -11 12 13 -14 15 -16 -17 18 19 -20 21 -22 -23 24 25 -26 27 28 -29 30 31 -32 33 34 -35 36 37 -38 -39 -40 41 42 -43 44 45 46 47 -48 49 -50 0
uf50-0549 3860 -1 2 3 4 5 6 7 -8 9 10 -11 12 13 -14 15 -16 -17 18 19 -20 21 -22 -23 24 25 -26 27 28 -29 30 31 -32 33 34 -35 36 37 -38 -39 -40 41 42 -43 44 45 46 47 -48 49 -50 0
uf50-0549 3527 -1 2 3 4 -5 6 7 -8 9 10 -11 12 13 -14 15 -16 -17 18 19 -20 21 -22 23 24 25 -26 27 28 -29 30 -31 -32 33 34 -35 36 37 -38 -39 -40 41 42 -43 44 45 46 -47 -48 49 -50 0
uf50-0549 3494 -1 2 3 4 5 6 7 -8 9 10 -11 12 13 -14 15 -16 -17 18 19 -20 21 -22 23 24 25 -26 27 28 -29 30 -31 -32 33 34 -35 36 -37 -38 -39 -40 41 42 -43 44 45 46 -47 -48 49 -50 0
uf50-0549 3856 1 2 3 4 5 6 7 -8 -9 10 11 12 13 -14 15 -16 -17 18 19 -20 21 -22 23 24 25 -26 -27 28 -29 -30 -31 -32 33 34 35 -36 37 38 -39 -40 41 42 43 44 45 46 -47 -48 -49 -50 0
uf50-0549 3859 1 2 3 4 5 6 7 -8 9 10 -11 12 13 -14 15 -16 -17 18 19 -20 21 -22 23 24 25 -26 27 28 -29 30 -31 -32 33 34 -35 36 37 -38 -39 -40 41 42 -43 44 45 46 -47 -48 49 -50 0
uf50-0549 3859 1 2 3 4 5 6 7 -8 9 10 -11 12 13 -14 15 -16 -17 18 19 -20 21 -22 23 24 25 -26 27 28 -29 30 -31 -32 33 34 -35 36 37 -38 -39 -40 41 42 -43 44 45 46 -47 -48 49 -50 0
uf50-0549 3859 1 2 3 4 5 6 7 -8 9 10 -11 12 13 -14 15 -16 -17 18 19 -20 21 -22 23 24 25 -26 27 28 -29 30 -31 -32 33 34 -35 36 37 -38 -39 -40 41 42 -43 44 45 46 -47 -48 49 -50 0
uf50-0549 3831 1 2 3 4 5 6 7 -8 9 10 -11 12 13 -14 15 -16 -17 18 19 -20 21 -22 23 24 25 -26 27 28 -29 30 -31 -32 -33 34 -35 36 37 -38 -39 -40 41 42 -43 44 45 46 -47 -48 49 -50 0
uf50-0549 3694 1 2 3 4 5 6 7 -8 9 10 -11 12 13 -14 15 -16 -17 18 19 -20 21 -22 -23 24 25 -26 27 28 -29 30 31 -32 33 34 -35 36 37 -38 -39 -40 41 42 -43 44 45 46 -47 -48 49 -50 0
uf50-0549 3860 -1 2 3 4 5 6 7 -8 9 10 -11 12 13 -14 15 -16 -17 18 19 -20 21 -22 -23 24 25 -26 27 28 -29 30 31 -32 33 34 -35 36 37 -38 -39 -40 41 42 -43 44 45 46 47 -48 49 -50 0
uf50-0549 3831 1 2 3 4 5 6 7 -8 9 10 -11 12 13 -14 15 -16 -17 18 19 -20 21 -22 23 24 25 -26 27 28 -29 30 -31 -32 -33 34 -35 36 37 -38 -39 -40 41 42 -43 44 45 46 -47 -48 49 -50 0
uf50-0549 3859 1 2 3 4 5 6 7 -8 9 10 -11 12 13 -14 15 -16 -17 18 19 -20 21 -22 23 24 25 -26 27 28 -29 30 -31 -32 33 34 -35 36 37 -38 -39 -40 41 42 -43 44 45 46 -47 -48 49 -50 0
