uf50-0824 4178 1 -2 3 4 5 -6 7 -8 -9 10 11 -12 -13 14 15 16 -17 -18 -19 20 -21 22 -23 24 -25 26 27 -28 29 30 31 -32 33 34 -35 36 -37 -38 39 -40 41 -42 43 44 -45 46 47 48 -49 50 0
uf50-0824 4178 1 -2 3 4 5 -6 7 -8 -9 10 11 -12 -13 14 15 16 -17 -18 -19 20 -21 22 -23 24 -25 26 27 -28 29 30 31 -32 33 34 -35 36 -37 -38 39 -40 41 -42 43 44 -45 46 47 48 -49 50 0
uf50-0824 3568 1 -2 3 4 5 -6 -7 -8 -9 10 11 -12 -13 14 15 16 17 -18 -19 20 -21 22 -23 24 -25 26 27 -28 29 -30 31 -32 33 34 -35 36 -37 -38 39 -40 41 -42 43 44 45 46 47 48 -49 50 0
uf50-0824 3546 1 -2 -3 4 5 -6 -7 -8 -9 10 11 -12 -13 14 15 16 17 -18 19 -20 -21 22 -23 24 -25 26 27 -28 29 -30 31 -32 33 -34 -35 36 -37 -38 39 -40 41 -42 43 44 45 46 47 48 -49 50 0
uf50-0824 3568 1 -2 3 4 5 -6 -7 -8 -9 10 11 -12 -13 14 15 16 17 -18 -19 20 -21 22 -23 24 -25 26 27 -28 29 -30 31 -32 33 34 -35 36 -37 -38 39 -40 41 -42 43 44 45 46 47 48 -49 50 0
uf50-0824 4178 1 -2 3 4 5 -6 7 -8 -9 10 11 -12 -13 14 15 16 -17 -18 -19 20 -21 22 -23 24 -25 26 27 -28 29 30 31 -32 33 34 -35 36 -37 -38 39 -40 41 -42 43 44 -45 46 47 48 -49 50 0
uf50-0824 4178 1 -2 3 4 5 -6 7 -8 -9 10 11 -12 -13 14 15 16 -17 -18 -19 20 -21 22 -23 24 -25 26 27 -28 29 30 31 -32 33 34 -35 36 -37 -38 39 -40 41 -42 43 44 -45 46 47 48 -49 50 0
uf50-0824 3852 1 -2 3 4 5 -6 -7 -8 -9 10 11 -12 -13 14 15 16 17 -18 19 20 -21 22 -23 24 -25 26 27 -28 29 -30 31 -32 33 34 -35 36 -37 -38 39 -40 41 -42 43 44 45 46 47 48 -49 50 0
uf50-0824 4178 1 -2 3 4 5 -6 7 -8 -9 10 11 -12 -13 14 15 16 -17 -18 -19 20 -21 22 -23 24 -25 26 27 -28 29 30 31 -32 33 34 -35 36 -37 -38 39 -40 41 -42 43 44 -45 46 47 48 -49 50 0
uf50-0824 4178 1 -2 3 4 5 -6 7 -8 -9 10 11 -12 -13 14 15 16 -17 -18 -19 20 -21 22 -23 24 -25 26 27 -28 29 30 31 -32 33 34 -35 36 -37 -38 39 -40 41 -42 43 44 -45 46 47 48 -49 50 0
uf50-0824 4178 1 -2 3 4 5 -6 7 -8 -9 10 11 -12 -13 14 15 16 -17 -18 -19 20 -21 22 -23 24 -25 26 27 -28 29 30 31 -32 33 34 -35 36 -37 -38 39 -40 41 -42 43 44 -45 46 47 48 -49 50 0
uf50-0824 3189 1 -2 3 4 5 6 -7 -8 9 10 11 12 -13 14 -15 -16 17 18 19 20 -21 -22 -23 24 25 -26 27 28 29 -30 31 32 33 34 -35 -36 -37 -38 39 -40 -41 42 43 44 45 -46 47 48 -49 -50 0
uf50-0824 4178 1 -2 3 4 5 -6 7 -8 -9 10 11 -12 -13 14 15 16 -17 -18 -19 20 -21 22 -23 24 -25 26 27 -28 29 30 31 -32 33 34 -35 36 -37 -38 39 -40 41 -42 43 44 -45 46 47 48 -49 50 0
uf50-0824 3852 1 -2 3 4 5 -6 -7 -8 -9 10 11 -12 -13 14 15 16 17 -18 19 20 -21 22 -23 24 -25 26 27 -28 29 -30 31 -32 33 34 -35 36 -37 -38 39 -40 41 -42 43 44 45 46 47 48 -49 50 0
uf50-0824 4178 1 -2 3 4 5 -6 7 -8 -9 10 11 -12 -13 14 15 16 -17 -18 -19 20 -21 22 -23 24 -25 26 27 -28 29 30 31 -32 33 34 -35 36 -37 -38 39 -40 41 -42 43 44 -45 46 47 48 -49 50 0
uf50-0824 4178 1 -2 3 4 5 -6 7 -8 -9 10 11 -12 -13 14 15 16 -17 -18 -19 20 -21 22 -23 24 -25 26 27 -28 29 30 31 -32 33 34 -35 36 -37 -38 39 -40 41 -42 43 44 -45 46 47 48 -49 50 0
uf50-0824 3189 1 -2 3 4 5 6 -7 -8 9 10 11 12 -13 14 -15 -16 17 18 19 20 -21 -22 -23 24 25 -26 27 28 29 -30 31 32 33 34 -35 -36 -37 -38 39 -40 -41 42 43 44 45 -46 47 48 -49 -50 0
uf50-0824 4178 1 -2 3 4 5 -6 7 -8 -9 10 11 -12 -13 14 15 16 -17 -18 -19 20 -21 22 -23 24 -25 26 27 -28 29 30 31 -32 33 34 -35 36 -37 -38 39 -40 41 -42 43 44 -45 46 47 48 -49 50 0
uf50-0824 4178 1 -2 3 4 5 -6 7 -8 -9 10 11 -12 -13 14 15 16 -17 -18 -19 20 -21 22 -23 24 -25 26 27 -28 29 30 31 -32 33 34 -35 36 -37 -38 39 -40 41 -42 43 44 -45 46 47 48 -49 50 0
uf50-0824 4178 1 -2 3 4 5 -6 7 -8 -9 10 11 -12 -13 14 15 16 -17 -18 -19 20 -21 22 -23 24 -25 26 27 -28 29 30 31 -32 33 34 -35 36 -37 -38 39 -40 41 -42 43 44 -45 46 47 48 -49 50 0
uf50-0824 4178 1 -2 3 4 5 -6 7 -8 -9 10 11 -12 -13 14 15 16 -17 -18 -19 20 -21 22 -23 24 -25 26 27 -28 29 30 31 -32 33 34 -35 36 -37 -38 39 -40 41 -42 43 44 -45 46 47 48 -49 50 0
uf50-0824 3370 1 -2 3 4 5 -6 -7 -8 -9 10 11 -12 -13 14 15 16 17 -18 -19 20 -21 22 -23 24 -25 26 27 -28 29 -30 31 -32 33 34 -35 36 -37 -38 39 -40 41 -42 -43 44 45 46 47 48 -49 50 0
uf50-0824 4178 1 -2 3 4 5 -6 7 -8 -9 10 11 -12 -13 14 15 16 -17 -18 -19 20 -21 22 -23 24 -25 26 27 -28 29 30 31 -32 33 34 -35 36 -37 -38 39 -40 41 -42 43 44 -45 46 47 48 -49 50 0
uf50-0824 3427 1 -2 -3 4 5 -6 7 -8 -9 10 11 -12 -13 14 15 16 17 -18 -19 20 -21 22 -23 24 -25 26 27 -28 29 -30 31 -32 33 34 -35 36 -37 -38 39 -40 41 -42 -43 44 -45 46 47 48 -49 50 0
uf50-0824 4178 1 -2 3 4 5 -6 7 -8 -9 10 11 -12 -13 14 15 16 -17 -18 -19 20 -21 22 -23 24 -25 26 27 -28 29 30 31 -32 33 34 -35 36 -37 -38 39 -40 41 -42 43 44 -45 46 47 48 -49 50 0
uf50-0824 3189 1 -2 3 4 5 6 -7 -8 9 10 11 12 -13 14 -15 -16 17 18 19 20 -21 -22 -23 24 25 -26 27 28 29 -30 31 32 33 34 -35 -36 -37 -38 39 -40 -41 42 43 44 45 -46 47 48 -49 -50 0
uf50-0824 3556 1 -2 -3 4 5 -6 -7 -8 -9 10 11 -12 -13 14 15 16 17 -18 19 20 -21 22 -23 24 -25 26 27 -28 29 -30 31 -32 33 34 -35 36 -37 -38 39 -40 41 -42 43 44 45 46 47 48 -49 50 0
uf50-0824 4178 1 -2 3 4 5 -6 7 -8 -9 10 11 -12 -13 14 15 16 -17 -18 -19 20 -21 22 -23 24 -25 26 27 -28 29 30 31 -32 33 34 -35 36 -37 -38 39 -40 41 -42 43 44 -45 46 47 48 -49 50 0
uf50-0824 4178 1 -2 3 4 5 -6 7 -8 -9 10 11 -12 -13 14 15 16 -17 -18 -19 20 -21 22 -23 24 -25 26 27 -28 29 30 31 -32 33 34 -35 36 -37 -38 39 -40 41 -42 43 44 -45 46 47 48 -49 50 0
uf50-0824 4178 1 -2 3 4 5 -6 7 -8 -9 10 11 -12 -13 14 15 16 -17 -18 -19 20 -21 22 -23 24 -25 26 27 -28 29 30 31 -32 33 34 -35 36 -37 -38 39 -40 41 -42 43 44 -45 46 47 48 -49 50 0
uf50-0824 4178 1 -2 3 4 5 -6 7 -8 -9 10 11 -12 -13 14 15 16 -17 -18 -19 20 -21 22 -23 24 -25 26 27 -28 29 30 31 -32 33 34 -35 36 -37 -38 39 -40 41 -42 43 44 -45 46 47 48 -49 50 0
uf50-0824 4178 1 -2 3 4 5 -6 7 -8 -9 10 11 -12 -13 14 15 16 -17 -18 -19 20 -21 22 -23 24 -25 26 27 -28 29 30 31 -32 33 34 -35 36 -37 -38 39 -40 41 -42 43 44 -45 46 47 48 -49 50 0
uf50-0824 4178 1 -2 3 4 5 -6 7 -8 -9 10 11 -12 -13 14 15 16 -17 -18 -19 20 -21 22 -23 24 -25 26 27 -28 29 30 31 -32 33 34 -35 36 -37 -38 39 -40 41 -42 43 44 -45 46 47 48 -49 50 0
uf50-0824 4178 1 -2 3 4 5 -6 7 -8 -9 10 11 -12 -13 14 15 16 -17 -18 -19 20 -21 22 -23 24 -25 26 27 -28 29 30 31 -32 33 34 -35 36 -37 -38 39 -40 41 -42 43 44 -45 46 47 48 -49 50 0
uf50-0824 4178 1 -2 3 4 5 -6 7 -8 -9 10 11 -12 -13 14 15 16 -17 -18 -19 20 -21 22 -23 24 -25 26 27 -28 29 30 31 -32 33 34 -35 36 -37 -38 39 -40 41 -42 43 44 -45 46 47 48 -49 50 0
uf50-0824 3189 1 -2 3 4 5 6 -7 -8 9 10 11 12 -13 14 -15 -16 17 18 19 20 -21 -22 -23 24 25 -26 27 28 29 -30 31 32 33 34 -35 -36 -37 -38 39 -40 -41 42 43 44 45 -46 47 48 -49 -50 0
uf50-0824 3427 1 -2 -3 4 5 -6 7 -8 -9 10 11 -12 -13 14 15 16 17 -18 -19 20 -21 22 -23 24 -25 26 27 -28 29 -30 31 -32 33 34 -35 36 -37 -38 39 -40 41 -42 -43 44 -45 46 47 48 -49 50 0
uf50-0824 4178 1 -2 3 4 5 -6 7 -8 -9 10 11 -12 -13 14 15 16 -17 -18 -19 20 -21 22 -23 24 -25 26 27 -28 29 30 31 -32 33 34 -35 36 -37 -38 39 -40 41 -42 43 44 -45 46 47 48 -49 50 0
uf50-0824 4178 1 -2 3 4 5 -6 7 -8 -9 10 11 -12 -13 14 15 16 -17 -18 -19 20 -21 22 -23 24 -25 26 27 -28 29 30 31 -32 33 34 -35 36 -37 -38 39 -40 41 -42 43 44 -45 46 47 48 -49 50 0
uf50-0824 4178 1 -2 3 4 5 -6 7 -8 -9 10 11 -12 -13 14 15 16 -17 -18 -19 20 -21 22 -23 24 -25 26 27 -28 29 30 31 -32 33 34 -35 36 -37 -38 39 -40 41 -42 43 44 -45 46 47 48 -49 50 0
uf50-0824 4178 1 -2 3 4 5 -6 7 -8 -9 10 11 -12 -13 14 15 16 -17 -18 -19 20 -21 22 -23 24 -25 26 27 -28 29 30 31 -32 33 34 -35 36 -37 -38 39 -40 41 -42 43 44 -45 46 47 48 -49 50 0
uf50-0824 4178 1 -2 3 4 5 -6 7 -8 -9 10 11 -12 -13 14 15 16 -17 -18 -19 20 -21 22 -23 24 -25 26 27 -28 29 30 31 -32 33 34 -35 36 -37 -38 39 -40 41 -42 43 44 -45 46 47 48 -49 50 0
uf50-0824 4178 1 -2 3 4 5 -6 7 -8 -9 10 11 -12 -13 14 15 16 -17 -18 -19 20 -21 22 -23 24 -25 26 27 -28 29 30 31 -32 33 34 -35 36 -37 -38 39 -40 41 -42 43 44 -45 46 47 48 -49 50 0
uf50-0824 4178 1 -2 3 4 5 -6 7 -8 -9 10 11 -12 -13 14 15 16 -17 -18 -19 20 -21 22 -23 24 -25 26 27 -28 29 30 31 -32 33 34 -35 36 -37 -38 39 -40 41 -42 43 44 -45 46 47 48 -49 50 0
uf50-0824 3627 1 -2 3 4 5 -6 -7 -8 -9 10 11 -12 -13 14 15 16 -17 -18 -19 20 -21 22 -23 24 -25 26 27 -28 29 30 31 -32 33 34 -35 36 -37 -38 39 -40 41 -42 -43 44 45 46 47 48 -49 50 0
uf50-0824 4178 1 -2 3 4 5 -6 7 -8 -9 10 11 -12 -13 14 15 16 -17 -18 -19 20 -21 22 -23 24 -25 26 27 -28 29 30 31 -32 33 34 -35 36 -37 -38 39 -40 41 -42 43 44 -45 46 47 48 -49 50 0
uf50-0824 3796 1 -2 3 4 5 -6 7 -8 -9 10 11 -12 -13 14 15 16 -17 -18 -19 20 -21 22 -23 24 -25 26 27 -28 29 30 31 -32 33 34 -35 36 -37 -38 39 -40 -41 -42 43 44 -45 46 47 48 -49 50 0
uf50-0824 4178 1 -2 3 4 5 -6 7 -8 -9 10 11 -12 -13 14 15 16 -17 -18 -19 20 -21 22 -23 24 -25 26 27 -28 29 30 31 -32 33 34 -35 36 -37 -38 39 -40 41 -42 43 44 -45 46 47 48 -49 50 0
uf50-0824 4178 1 -2 3 4 5 -6 7 -8 -9 10 11 -12 -13 14 15 16 -17 -18 -19 20 -21 22 -23 24 -25 26 27 -28 29 30 31 -32 33 34 -35 36 -37 -38 39 -40 41 -42 43 44 -45 46 47 48 -49 50 0
uf50-0824 3615 1 -2 -3 4 5 -6 -7 -8 -9 10 11 -12 -13 14 15 16 -17 -18 19 20 -21 22 -23 24 -25 26 27 -28 29 30 31 -32 33 34 -35 36 -37 -38 39 -40 41 -42 -43 44 45 46 47 48 -49 50 0
uf50-0824 3921 1 -2 3 4 5 -6 7 -8 -9 10 11 -12 -13 14 15 16 17 -18 -19 20 -21 22 -23 24 -25 26 27 -28 29 -30 31 -32 33 34 -35 36 -37 -38 39 -40 41 -42 43 44 -45 46 47 48 -49 50 0
uf50-0824 4178 1 -2 3 4 5 -6 7 -8 -9 10 11 -12 -13 14 15 16 -17 -18 -19 20 -21 22 -23 24 -25 26 27 -28 29 30 31 -32 33 34 -35 36 -37 -38 39 -40 41 -42 43 44 -45 46 47 48 -49 50 0
uf50-0824 4178 1 -2 3 4 5 -6 7 -8 -9 10 11 -12 -13 14 15 16 -17 -18 -19 20 -21 22 -23 24 -25 26 27 -28 29 30 31 -32 33 34 -35 36 -37 -38 39 -40 41 -42 43 44 -45 46 47 48 -49 50 0
uf50-0824 2924 1 -2 3 4 5 6 -7 -8 9 10 11 12 -13 14 -15 -16 17 18 -19 20 -21 22 -23 24 25 -26 27 -28 29 -30 31 32 33 34 -35 -36 -37 -38 39 -40 -41 42 43 44 45 -46 47 48 -49 50 0
uf50-0824 4178 1 -2 3 4 5 -6 7 -8 -9 10 11 -12 -13 14 15 16 -17 -18 -19 20 -21 22 -23 24 -25 26 27 -28 29 30 31 -32 33 34 -35 36 -37 -38 39 -40 41 -42 43 44 -45 46 47 48 -49 50 0
uf50-0824 3615 1 -2 -3 4 5 -6 -7 -8 -9 10 11 -12 -13 14 15 16 -17 -18 19 20 -21 22 -23 24 -25 26 27 -28 29 30 31 -32 33 34 -35 36 -37 -38 39 -40 41 -42 -43 44 45 46 47 48 -49 50 0
uf50-0824 4178 1 -2 3 4 5 -6 7 -8 -9 10 11 -12 -13 14 15 16 -17 -18 -19 20 -21 22 -23 24 -25 26 27 -28 29 30 31 -32 33 34 -35 36 -37 -38 39 -40 41 -42 43 44 -45 46 47 48 -49 50 0
uf50-0824 3921 1 -2 3 4 5 -6 7 -8 -9 10 11 -12 -13 14 15 16 17 -18 -19 20 -21 22 -23 24 -25 26 27 -28 29 -30 31 -32 33 34 -35 36 -37 -38 39 -40 41 -42 43 44 -45 46 47 48 -49 50 0
uf50-0824 3684 1 -2 -3 4 5 -6 7 -8 -9 10 11 -12 -13 14 15 16 -17 -18 -19 20 -21 22 -23 24 -25 26 27 -28 29 30 31 -32 33 34 -35 36 -37 -38 39 -40 41 -42 -43 44 -45 46 47 48 -49 50 0
uf50-0824 4178 1 -2 3 4 5 -6 7 -8 -9 10 11 -12 -13 14 15 16 -17 -18 -19 20 -21 22 -23 24 -25 26 27 -28 29 30 31 -32 33 34 -35 36 -37 -38 39 -40 41 -42 43 44 -45 46 47 48 -49 50 0
uf50-0824 3852 1 -2 3 4 5 -6 -7 -8 -9 10 11 -12 -13 14 15 16 17 -18 19 20 -21 22 -23 24 -25 26 27 -28 29 -30 31 -32 33 34 -35 36 -37 -38 39 -40 41 -42 43 44 45 46 47 48 -49 50 0
uf50-0824 3921 1 -2 3 4 5 -6 7 -8 -9 10 11 -12 -13 14 15 16 17 -18 -19 20 -21 22 -23 24 -25 26 27 -28 29 -30 31 -32 33 34 -35 36 -37 -38 39 -40 41 -42 43 44 -45 46 47 48 -49 50 0
uf50-0824 3882 1 -2 -3 4 5 -6 7 -8 -9 10 11 -12 -13 14 15 16 -17 -18 -19 20 -21 22 -23 24 -25 26 27 -28 29 30 31 -32 33 34 -35 36 -37 -38 39 -40 41 -42 43 44 -45 46 47 48 -49 50 0
uf50-0824 3625 1 -2 -3 4 5 -6 7 -8 -9 10 11 -12 -13 14 15 16 17 -18 -19 20 -21 22 -23 24 -25 26 27 -28 29 -30 31 -32 33 34 -35 36 -37 -38 39 -40 41 -42 43 44 -45 46 47 48 -49 50 0
uf50-0824 4178 1 -2 3 4 5 -6 7 -8 -9 10 11 -12 -13 14 15 16 -17 -18 -19 20 -21 22 -23 24 -25 26 27 -28 29 30 31 -32 33 34 -35 36 -37 -38 39 -40 41 -42 43 44 -45 46 47 48 -49 50 0
uf50-0824 4178 1 -2 3 4 5 -6 7 -8 -9 10 11 -12 -13 14 15 16 -17 -18 -19 20 -21 22 -23 24 -25 26 27 -28 29 30 31 -32 33 34 -35 36 -37 -38 39 -40 41 -42 43 44 -45 46 47 48 -49 50 0
uf50-0824 4178 1 -2 3 4 5 -6 7 -8 -9 10 11 -12 -13 14 15 16 -17 -18 -19 20 -21 22 -23 24 -25 26 27 -28 29 30 31 -32 33 34 -35 36 -37 -38 39 -40 41 -42 43 44 -45 46 47 48 -49 50 0
uf50-0824 3921 1 -2 3 4 5 -6 7 -8 -9 10 11 -12 -13 14 15 16 17 -18 -19 20 -21 22 -23 24 -25 26 27 -28 29 -30 31 -32 33 34 -35 36 -37 -38 39 -40 41 -42 43 44 -45 46 47 48 -49 50 0
uf50-0824 4178 1 -2 3 4 5 -6 7 -8 -9 10 11 -12 -13 14 15 16 -17 -18 -19 20 -21 22 -23 24 -25 26 27 -28 29 30 31 -32 33 34 -35 36 -37 -38 39 -40 41 -42 43 44 -45 46 47 48 -49 50 0
uf50-0824 3551 1 -2 -3 4 5 -6 -7 -8 -9 10 11 -12 -13 14 15 16 17 -18 19 -20 -21 22 -23 24 -25 26 27 -28 29 -30 31 -32 33 34 -35 36 -37 -38 39 -40 41 -42 43 44 45 46 47 48 -49 50 0
uf50-0824 3852 1 -2 3 4 5 -6 -7 -8 -9 10 11 -12 -13 14 15 16 17 -18 19 20 -21 22 -23 24 -25 26 27 -28 29 -30 31 -32 33 34 -35 36 -37 -38 39 -40 41 -42 43 44 45 46 47 48 -49 50 0
uf50-0824 4178 1 -2 3 4 5 -6 7 -8 -9 10 11 -12 -13 14 15 16 -17 -18 -19 20 -21 22 -23 24 -25 26 27 -28 29 30 31 -32 33 34 -35 36 -37 -38 39 -40 41 -42 43 44 -45 46 47 48 -49 50 0
uf50-0824 3189 1 -2 3 4 5 6 -7 -8 9 10 11 12 -13 14 -15 -16 17 18 19 20 -21 -22 -23 24 25 -26 27 28 29 -30 31 32 33 34 -35 -36 -37 -38 39 -40 -41 42 43 44 45 -46 47 48 -49 -50 0
uf50-0824 4178 1 -2 3 4 5 -6 7 -8 -9 10 11 -12 -13 14 15 16 -17 -18 -19 20 -21 22 -23 24 -25 26 27 -28 29 30 31 -32 33 34 -35 36 -37 -38 39 -40 41 -42 43 44 -45 46 47 48 -49 50 0
uf50-0824 4178 1 -2 3 4 5 -6 7 -8 -9 10 11 -12 -13 14 15 16 -17 -18 -19 20 -21 22 -23 24 -25 26 27 -28 29 30 31 -32 33 34 -35 36 -37 -38 39 -40 41 -42 43 44 -45 46 47 48 -49 50 0
uf50-0824 4178 1 -2 3 4 5 -6 7 -8 -9 10 11 -12 -13 14 15 16 -17 -18 -19 20 -21 22 -23 24 -25 26 27 -28 29 30 31 -32 33 34 -35 36 -37 -38 39 -40 41 -42 43 44 -45 46 47 48 -49 50 0
uf50-0824 4178 1 -2 3 4 5 -6 7 -8 -9 10 11 -12 -13 14 15 16 -17 -18 -19 20 -21 22 -23 24 -25 26 27 -28 29 30 31 -32 33 34 -35 36 -37 -38 39 -40 41 -42 43 44 -45 46 47 48 -49 50 0
uf50-0824 4178 1 -2 3 4 5 -6 7 -8 -9 10 11 -12 -13 14 15 16 -17 -18 -19 20 -21 22 -23 24 -25 26 27 -28 29 30 31 -32 33 34 -35 36 -37 -38 39 -40 41 -42 43 44 -45 46 47 48 -49 50 0
uf50-0824 3771 1 -2 3 4 5 -6 -7 -8 -9 10 11 -12 -13 14 15 16 -17 -18 -19 20 -21 22 -23 24 -25 26 27 -28 29 30 31 -32 33 34 -35 36 -37 -38 39 -40 41 -42 43 44 -45 46 47 48 -49 50 0
uf50-0824 3911 1 -2 3 4 5 -6 -7 -8 -9 10 11 -12 -13 14 15 16 -17 -18 19 20 -21 22 -23 24 -25 26 27 -28 29 30 31 -32 33 34 -35 36 -37 -38 39 -40 41 -42 -43 44 45 46 47 48 -49 50 0
uf50-0824 3980 1 -2 3 4 5 -6 7 -8 -9 10 11 -12 -13 14 15 16 -17 -18 -19 20 -21 22 -23 24 -25 26 27 -28 29 30 31 -32 33 34 -35 36 -37 -38 39 -40 41 -42 -43 44 -45 46 47 48 -49 50 0
uf50-0824 4178 1 -2 3 4 5 -6 7 -8 -9 10 11 -12 -13 14 15 16 -17 -18 -19 20 -21 22 -23 24 -25 26 27 -28 29 30 31 -32 33 34 -35 36 -37 -38 39 -40 41 -42 43 44 -45 46 47 48 -49 50 0
uf50-0824 3625 1 -2 -3 4 5 -6 7 -8 -9 10 11 -12 -13 14 15 16 17 -18 -19 20 -21 22 -23 24 -25 26 27 -28 29 -30 31 -32 33 34 -35 36 -37 -38 39 -40 41 -42 43 44 -45 46 47 48 -49 50 0
uf50-0824 3625 1 -2 -3 4 5 -6 7 -8 -9 10 11 -12 -13 14 15 16 17 -18 -19 20 -21 22 -23 24 -25 26 27 -28 29 -30 31 -32 33 34 -35 36 -37 -38 39 -40 41 -42 43 44 -45 46 47 48 -49 50 0
uf50-0824 3272 1 -2 -3 4 5 -6 -7 -8 -9 10 11 -12 -13 14 15 16 17 -18 -19 20 -21 22 -23 24 -25 26 27 -28 29 -30 31 -32 33 34 -35 36 -37 -38 39 -40 41 -42 43 44 45 46 47 48 -49 50 0
uf50-0824 4178 1 -2 3 4 5 -6 7 -8 -9 10 11 -12 -13 14 15 16 -17 -18 -19 20 -21 22 -23 24 -25 26 27 -28 29 30 31 -32 33 34 -35 36 -37 -38 39 -40 41 -42 43 44 -45 46 47 48 -49 50 0
uf50-0824 3625 1 -2 -3 4 5 -6 7 -8 -9 10 11 -12 -13 14 15 16 17 -18 -19 20 -21 22 -23 24 -25 26 27 -28 29 -30 31 -32 33 34 -35 36 -37 -38 39 -40 41 -42 43 44 -45 46 47 48 -49 50 0
uf50-0824 4178 1 -2 3 4 5 -6 7 -8 -9 10 11 -12 -13 14 15 16 -17 -18 -19 20 -21 22 -23 24 -25 26 27 -28 29 30 31 -32 33 34 -35 36 -37 -38 39 -40 41 -42 43 44 -45 46 47 48 -49 50 0
uf50-0824 4178 1 -2 3 4 5 -6 7 -8 -9 10 11 -12 -13 14 15 16 -17 -18 -19 20 -21 22 -23 24 -25 26 27 -28 29 30 31 -32 33 34 -35 36 -37 -38 39 -40 41 -42 43 44 -45 46 47 48 -49 50 0
uf50-0824 4178 1 -2 3 4 5 -6 7 -8 -9 10 11 -12 -13 14 15 16 -17 -18 -19 20 -21 22 -23 24 -25 26 27 -28 29 30 31 -32 33 34 -35 36 -37 -38 39 -40 41 -42 43 44 -45 46 47 48 -49 50 0
uf50-0824 3625 1 -2 -3 4 5 -6 7 -8 -9 10 11 -12 -13 14 15 16 17 -18 -19 20 -21 22 -23 24 -25 26 27 -28 29 -30 31 -32 33 34 -35 36 -37 -38 39 -40 41 -42 43 44 -45 46 47 48 -49 50 0
uf50-0824 3625 1 -2 -3 4 5 -6 7 -8 -9 10 11 -12 -13 14 15 16 17 -18 -19 20 -21 22 -23 24 -25 26 27 -28 29 -30 31 -32 33 34 -35 36 -37 -38 39 -40 41 -42 43 44 -45 46 47 48 -49 50 0
uf50-0824 3825 1 -2 3 4 5 -6 -7 -8 -9 10 11 -12 -13 14 15 16 -17 -18 -19 20 -21 22 -23 24 -25 26 27 -28 29 30 31 -32 33 34 -35 36 -37 -38 39 -40 41 -42 43 44 45 46 47 48 -49 50 0
uf50-0824 4178 1 -2 3 4 5 -6 7 -8 -9 10 11 -12 -13 14 15 16 -17 -18 -19 20 -21 22 -23 24 -25 26 27 -28 29 30 31 -32 33 34 -35 36 -37 -38 39 -40 41 -42 43 44 -45 46 47 48 -49 50 0
uf50-0824 3825 1 -2 3 4 5 -6 -7 -8 -9 10 11 -12 -13 14 15 16 -17 -18 -19 20 -21 22 -23 24 -25 26 27 -28 29 30 31 -32 33 34 -35 36 -37 -38 39 -40 41 -42 43 44 45 46 47 48 -49 50 0
uf50-0824 4178 1 -2 3 4 5 -6 7 -8 -9 10 11 -12 -13 14 15 16 -17 -18 -19 20 -21 22 -23 24 -25 26 27 -28 29 30 31 -32 33 34 -35 36 -37 -38 39 -40 41 -42 43 44 -45 46 47 48 -49 50 0
uf50-0824 4178 1 -2 3 4 5 -6 7 -8 -9 10 11 -12 -13 14 15 16 -17 -18 -19 20 -21 22 -23 24 -25 26 27 -28 29 30 31 -32 33 34 -35 36 -37 -38 39 -40 41 -42 43 44 -45 46 47 48 -49 50 0
uf50-0824 3358 1 -2 -3 4 5 -6 -7 -8 -9 10 11 -12 -13 14 15 16 17 -18 19 20 -21 22 -23 24 -25 26 27 -28 29 -30 31 -32 33 34 -35 36 -37 -38 39 -40 41 -42 -43 44 45 46 47 48 -49 50 0
uf50-0824 4178 1 -2 3 4 5 -6 7 -8 -9 10 11 -12 -13 14 15 16 -17 -18 -19 20 -21 22 -23 24 -25 26 27 -28 29 30 31 -32 33 34 -35 36 -37 -38 39 -40 41 -42 43 44 -45 46 47 48 -49 50 0
uf50-0824 3470 1 -2 3 4 5 -6 -7 -8 -9 10 11 -12 -13 14 15 16 17 -18 19 20 -21 22 -23 24 -25 26 27 -28 29 -30 31 -32 33 34 -35 36 -37 -38 39 -40 -41 -42 43 44 45 46 47 48 -49 50 0
