uf50-0239 2514 -1 2 -3 4 5 6 -7 8 -9 -10 11 12 -13 -14 15 16 -17 -18 19 20 21 -22 -23 24 -25 26 -27 -28 29 30 31 -32 -33 34 35 36 37 38 -39 -40 41 42 -43 -44 45 46 -47 48 -49 50 0
uf50-0239 4748 -1 -2 3 4 5 6 -7 8 -9 -10 11 12 -13 -14 -15 -16 17 18 19 20 21 -22 -23 -24 25 -26 -27 28 29 30 31 32 33 -34 -35 36 37 -38 39 40 -41 42 -43 -44 45 -46 -47 -48 -49 -50 0
uf50-0239 2577 -1 2 -3 4 5 6 -7 8 -9 -10 11 12 -13 -14 15 -16 -17 -18 19 -20 21 -22 -23 24 -25 26 -27 -28 29 30 31 -32 -33 34 35 36 37 38 -39 -40 41 42 -43 -44 45 46 -47 48 49 50 0
uf50-0239 2577 -1 2 -3 4 5 6 -7 8 -9 -10 11 12 -13 -14 15 -16 -17 -18 19 -20 21 -22 -23 24 -25 26 -27 -28 29 30 31 -32 -33 34 35 36 37 38 -39 -40 41 42 -43 -44 45 46 -47 48 49 50 0
uf50-0239 2577 -1 2 -3 4 5 6 -7 8 -9 -10 11 12 -13 -14 15 -16 -17 -18 19 -20 21 -22 -23 24 -25 26 -27 -28 29 30 31 -32 -33 34 35 36 37 38 -39 -40 41 42 -43 -44 45 46 -47 48 49 50 0
uf50-0239 2577 -1 2 -3 4 5 6 -7 8 -9 -10 11 12 -13 -14 15 -16 -17 -18 19 -20 21 -22 -23 24 -25 26 -27 -28 29 30 31 -32 -33 34 35 36 37 38 -39 -40 41 42 -43 -44 45 46 -47 48 49 50 0
uf50-0239 2577 -1 2 -3 4 5 6 -7 8 -9 -10 11 12 -13 -14 15 -16 -17 -18 19 -20 21 -22 -23 24 -25 26 -27 -28 29 30 31 -32 -33 34 35 36 37 38 -39 -40 41 42 -43 -44 45 46 -47 48 49 50 0
uf50-0239 2514 -1 2 -3 4 5 6 -7 8 -9 -10 11 12 -13 -14 15 16 -17 -18 19 20 21 -22 -23 24 -25 26 -27 -28 29 30 31 -32 -33 34 35 36 37 38 -39 -40 41 42 -43 -44 45 46 -47 48 -49 50 0
uf50-0239 2908 1 -2 -3 4 5 -6 7 8 -9 -10 11 12 -13 -14 -15 -16 -17 18 -19 20 21 -22 -23 -24 25 26 -27 -28 29 30 31 -32 -33 34 -35 36 37 -38 -39 40 -41 42 -43 44 45 46 -47 -48 -49 50 0
uf50-0239 2577 -1 2 -3 4 5 6 -7 8 -9 -10 11 12 -13 -14 15 -16 -17 -18 19 -20 21 -22 -23 24 -25 26 -27 -28 29 30 31 -32 -33 34 35 36 37 38 -39 -40 41 42 -43 -44 45 46 -47 48 49 50 0
uf50-0239 4748 -1 -2 3 4 5 6 -7 8 -9 -10 11 12 -13 -14 -15 -16 17 18 19 20 21 -22 -23 -24 25 -26 -27 28 29 30 31 32 33 -34 -35 36 37 -38 39 40 -41 42 -43 -44 45 -46 -47 -48 -49 -50 0
uf50-0239 2577 -1 2 -3 4 5 6 -7 8 -9 -10 11 12 -13 -14 15 -16 -17 -18 19 -20 21 -22 -23 24 -25 26 -27 -28 29 30 31 -32 -33 34 35 36 37 38 -39 -40 41 42 -43 -44 45 46 -47 48 49 50 0
uf50-0239 2577 -1 2 -3 4 5 6 -7 8 -9 -10 11 12 -13 -14 15 -16 -17 -18 19 -20 21 -22 -23 24 -25 26 -27 -28 29 30 31 -32 -33 34 35 36 37 38 -39 -40 41 42 -43 -44 45 46 -47 48 49 50 0
uf50-0239 2960 1 -2 -3 4 -5 -6 7 8 -9 -10 11 12 -13 -14 -15 -16 17 -18 -19 20 21 -22 -23 -24 25 26 -27 -28 29 30 31 -32 33 34 -35 36 37 -38 -39 40 -41 42 -43 44 45 46 -47 -48 -49 -50 0
uf50-0239 2236 -1 2 -3 4 5 -6 -7 8 -9 -10 11 12 -13 -14 15 16 -17 -18 19 20 21 -22 -23 24 -25 26 -27 -28 29 30 31 -32 -33 34 35 36 37 38 -39 -40 41 42 -43 -44 45 46 -47 48 -49 50 0
uf50-0239 2577 -1 2 -3 4 5 6 -7 8 -9 -10 11 12 -13 -14 15 -16 -17 -18 19 -20 21 -22 -23 24 -25 26 -27 -28 29 30 31 -32 -33 34 35 36 37 38 -39 -40 41 42 -43 -44 45 46 -47 48 49 50 0
uf50-0239 4841 -1 -2 3 4 5 6 -7 8 -9 -10 11 12 -13 -14 -15 -16 17 18 19 20 21 -22 -23 -24 25 -26 -27 28 29 30 31 32 33 -34 -35 36 37 38 39 40 -41 42 -43 -44 45 -46 -47 -48 -49 -50 0
uf50-0239 2699 1 -2 -3 4 5 -6 7 8 -9 10 11 12 -13 -14 -15 -16 -17 -18 19 20 21 -22 -23 -24 -25 26 -27 -28 29 30 31 -32 -33 34 35 36 37 -38 -39 40 -41 42 -43 44 45 46 -47 -48 -49 50 0
uf50-0239 2960 1 -2 -3 4 -5 -6 7 8 -9 -10 11 12 -13 -14 -15 -16 17 -18 -19 20 21 -22 -23 -24 25 26 -27 -28 29 30 31 -32 33 34 -35 36 37 -38 -39 40 -41 42 -43 44 45 46 -47 -48 -49 -50 0
uf50-0239 2577 -1 2 -3 4 5 6 -7 8 -9 -10 11 12 -13 -14 15 -16 -17 -18 19 -20 21 -22 -23 24 -25 26 -27 -28 29 30 31 -32 -33 34 35 36 37 38 -39 -40 41 42 -43 -44 45 46 -47 48 49 50 0
uf50-0239 2514 -1 2 -3 4 5 6 -7 8 -9 -10 11 12 -13 -14 15 16 -17 -18 19 20 21 -22 -23 24 -25 26 -27 -28 29 30 31 -32 -33 34 35 36 37 38 -39 -40 41 42 -43 -44 45 46 -47 48 -49 50 0
uf50-0239 4748 -1 -2 3 4 5 6 -7 8 -9 -10 11 12 -13 -14 -15 -16 17 18 19 20 21 -22 -23 -24 25 -26 -27 28 29 30 31 32 33 -34 -35 36 37 -38 39 40 -41 42 -43 -44 45 -46 -47 -48 -49 -50 0
uf50-0239 3674 1 -2 -3 4 5 -6 7 8 -9 -10 11 12 -13 -14 -15 -16 17 -18 -19 20 21 -22 -23 -24 25 26 -27 -28 29 30 31 -32 33 34 -35 36 37 -38 -39 40 -41 42 -43 44 45 46 -47 -48 49 50 0
uf50-0239 2577 -1 2 -3 4 5 6 -7 8 -9 -10 11 12 -13 -14 15 -16 -17 -18 19 -20 21 -22 -23 24 -25 26 -27 -28 29 30 31 -32 -33 34 35 36 37 38 -39 -40 41 42 -43 -44 45 46 -47 48 49 50 0
uf50-0239 2577 -1 2 -3 4 5 6 -7 8 -9 -10 11 12 -13 -14 15 -16 -17 -18 19 -20 21 -22 -23 24 -25 26 -27 -28 29 30 31 -32 -33 34 35 36 37 38 -39 -40 41 42 -43 -44 45 46 -47 48 49 50 0
uf50-0239 2577 -1 2 -3 4 5 6 -7 8 -9 -10 11 12 -13 -14 15 -16 -17 -18 19 -20 21 -22 -23 24 -25 26 -27 -28 29 30 31 -32 -33 34 35 36 37 38 -39 -40 41 42 -43 -44 45 46 -47 48 49 50 0
uf50-0239 2960 1 -2 -3 4 -5 -6 7 8 -9 -10 11 12 -13 -14 -15 -16 17 -18 -19 20 21 -22 -23 -24 25 26 -27 -28 29 30 31 -32 33 34 -35 36 37 -38 -39 40 -41 42 -43 44 45 46 -47 -48 -49 -50 0
uf50-0239 2577 -1 2 -3 4 5 6 -7 8 -9 -10 11 12 -13 -14 15 -16 -17 -18 19 -20 21 -22 -23 24 -25 26 -27 -28 29 30 31 -32 -33 34 35 36 37 38 -39 -40 41 42 -43 -44 45 46 -47 48 49 50 0
uf50-0239 2908 1 -2 -3 4 5 -6 7 8 -9 -10 11 12 -13 -14 -15 -16 -17 18 -19 20 21 -22 -23 -24 25 26 -27 -28 29 30 31 -32 -33 34 -35 36 37 -38 -39 40 -41 42 -43 44 45 46 -47 -48 -49 50 0
uf50-0239 2577 -1 2 -3 4 5 6 -7 8 -9 -10 11 12 -13 -14 15 -16 -17 -18 19 -20 21 -22 -23 24 -25 26 -27 -28 29 30 31 -32 -33 34 35 36 37 38 -39 -40 41 42 -43 -44 45 46 -47 48 49 50 0
uf50-0239 2579 1 -2 -3 4 -5 -6 7 8 -9 10 11 12 -13 -14 -15 -16 -17 -18 -19 20 21 -22 -23 -24 25 26 -27 -28 29 30 31 -32 -33 34 -35 36 37 -38 -39 40 -41 42 -43 44 45 46 -47 -48 -49 -50 0
uf50-0239 2514 -1 2 -3 4 5 6 -7 8 -9 -10 11 12 -13 -14 15 16 -17 -18 19 20 21 -22 -23 24 -25 26 -27 -28 29 30 31 -32 -33 34 35 36 37 38 -39 -40 41 42 -43 -44 45 46 -47 48 -49 50 0
uf50-0239 2577 -1 2 -3 4 5 6 -7 8 -9 -10 11 12 -13 -14 15 -16 -17 -18 19 -20 21 -22 -23 24 -25 26 -27 -28 29 30 31 -32 -33 34 35 36 37 38 -39 -40 41 42 -43 -44 45 46 -47 48 49 50 0
uf50-0239 2577 -1 2 -3 4 5 6 -7 8 -9 -10 11 12 -13 -14 15 -16 -17 -18 19 -20 21 -22 -23 24 -25 26 -27 -28 29 30 31 -32 -33 34 35 36 37 38 -39 -40 41 42 -43 -44 45 46 -47 48 49 50 0
uf50-0239 4841 -1 -2 3 4 5 6 -7 8 -9 -10 11 12 -13 -14 -15 -16 17 18 19 20 21 -22 -23 -24 25 -26 -27 28 29 30 31 32 33 -34 -35 36 37 38 39 40 -41 42 -43 -44 45 -46 -47 -48 -49 -50 0
uf50-0239 2514 -1 2 -3 4 5 6 -7 8 -9 -10 11 12 -13 -14 15 16 -17 -18 19 20 21 -22 -23 24 -25 26 -27 -28 29 30 31 -32 -33 34 35 36 37 38 -39 -40 41 42 -43 -44 45 46 -47 48 -49 50 0
uf50-0239 4387 -1 -2 3 4 5 6 -7 8 -9 -10 11 12 -13 -14 -15 -16 17 18 19 20 21 -22 -23 -24 25 -26 -27 28 29 -30 31 32 33 -34 -35 36 37 -38 39 -40 -41 42 -43 -44 45 -46 -47 -48 -49 -50 0
uf50-0239 4837 -1 -2 3 4 5 6 -7 8 -9 -10 11 12 -13 -14 -15 -16 17 18 19 20 21 -22 -23 -24 25 -26 -27 28 29 -30 31 32 33 -34 -35 36 37 38 39 40 -41 42 -43 -44 45 -46 -47 -48 -49 -50 0
uf50-0239 4841 -1 -2 3 4 5 6 -7 8 -9 -10 11 12 -13 -14 -15 -16 17 18 19 20 21 -22 -23 -24 25 -26 -27 28 29 30 31 32 33 -34 -35 36 37 38 39 40 -41 42 -43 -44 45 -46 -47 -48 -49 -50 0
uf50-0239 2577 -1 2 -3 4 5 6 -7 8 -9 -10 11 12 -13 -14 15 -16 -17 -18 19 -20 21 -22 -23 24 -25 26 -27 -28 29 30 31 -32 -33 34 35 36 37 38 -39 -40 41 42 -43 -44 45 46 -47 48 49 50 0
uf50-0239 2891 1 -2 -3 4 5 -6 7 8 -9 10 11 12 -13 -14 -15 -16 -17 -18 -19 20 21 -22 -23 -24 25 26 -27 -28 29 30 31 -32 -33 34 -35 36 37 -38 -39 40 -41 42 -43 44 45 46 -47 -48 -49 50 0
uf50-0239 4841 -1 -2 3 4 5 6 -7 8 -9 -10 11 12 -13 -14 -15 -16 17 18 19 20 21 -22 -23 -24 25 -26 -27 28 29 30 31 32 33 -34 -35 36 37 38 39 40 -41 42 -43 -44 45 -46 -47 -48 -49 -50 0
uf50-0239 2514 -1 2 -3 4 5 6 -7 8 -9 -10 11 12 -13 -14 15 16 -17 -18 19 20 21 -22 -23 24 -25 26 -27 -28 29 30 31 -32 -33 34 35 36 37 38 -39 -40 41 42 -43 -44 45 46 -47 48 -49 50 0
uf50-0239 2514 -1 2 -3 4 5 6 -7 8 -9 -10 11 12 -13 -14 15 16 -17 -18 19 20 21 -22 -23 24 -25 26 -27 -28 29 30 31 -32 -33 34 35 36 37 38 -39 -40 41 42 -43 -44 45 46 -47 48 -49 50 0
uf50-0239 2908 1 -2 -3 4 5 -6 7 8 -9 -10 11 12 -13 -14 -15 -16 -17 18 -19 20 21 -22 -23 -24 25 26 -27 -28 29 30 31 -32 -33 34 -35 36 37 -38 -39 40 -41 42 -43 44 45 46 -47 -48 -49 50 0
uf50-0239 2514 -1 2 -3 4 5 6 -7 8 -9 -10 11 12 -13 -14 15 16 -17 -18 19 20 21 -22 -23 24 -25 26 -27 -28 29 30 31 -32 -33 34 35 36 37 38 -39 -40 41 42 -43 -44 45 46 -47 48 -49 50 0
uf50-0239 2577 -1 2 -3 4 5 6 -7 8 -9 -10 11 12 -13 -14 15 -16 -17 -18 19 -20 21 -22 -23 24 -25 26 -27 -28 29 30 31 -32 -33 34 35 36 37 38 -39 -40 41 42 -43 -44 45 46 -47 48 49 50 0
uf50-0239 2577 -1 2 -3 4 5 6 -7 8 -9 -10 11 12 -13 -14 15 -16 -17 -18 19 -20 21 -22 -23 24 -25 26 -27 -28 29 30 31 -32 -33 34 35 36 37 38 -39 -40 41 42 -43 -44 45 46 -47 48 49 50 0
uf50-0239 2577 -1 2 -3 4 5 6 -7 8 -9 -10 11 12 -13 -14 15 -16 -17 -18 19 -20 21 -22 -23 24 -25 26 -27 -28 29 30 31 -32 -33 34 35 36 37 38 -39 -40 41 42 -43 -44 45 46 -47 48 49 50 0
uf50-0239 4082 1 -2 -3 4 5 -6 7 8 -9 -10 11 12 -13 -14 -15 -16 17 18 -19 20 21 -22 -23 -24 25 26 -27 -28 29 30 31 -32 33 34 -35 36 37 -38 -39 40 -41 42 -43 44 45 46 -47 -48 49 50 0
uf50-0239 2577 -1 2 -3 4 5 6 -7 8 -9 -10 11 12 -13 -14 15 -16 -17 -18 19 -20 21 -22 -23 24 -25 26 -27 -28 29 30 31 -32 -33 34 35 36 37 38 -39 -40 41 42 -43 -44 45 46 -47 48 49 50 0
uf50-0239 2514 -1 2 -3 4 5 6 -7 8 -9 -10 11 12 -13 -14 15 16 -17 -18 19 20 21 -22 -23 24 -25 26 -27 -28 29 30 31 -32 -33 34 35 36 37 38 -39 -40 41 42 -43 -44 45 46 -47 48 -49 50 0
uf50-0239 2699 1 -2 -3 4 5 -6 7 8 -9 10 11 12 -13 -14 -15 -16 -17 -18 19 20 21 -22 -23 -24 -25 26 -27 -28 29 30 31 -32 -33 34 35 36 37 -38 -39 40 -41 42 -43 44 45 46 -47 -48 -49 50 0
uf50-0239 2577 -1 2 -3 4 5 6 -7 8 -9 -10 11 12 -13 -14 15 -16 -17 -18 19 -20 21 -22 -23 24 -25 26 -27 -28 29 30 31 -32 -33 34 35 36 37 38 -39 -40 41 42 -43 -44 45 46 -47 48 49 50 0
uf50-0239 3680 1 -2 -3 4 5 -6 7 8 -9 -10 11 12 -13 -14 -15 -16 17 18 -19 20 21 -22 -23 -24 25 26 -27 -28 29 30 31 -32 33 34 -35 36 37 -38 -39 40 -41 42 -43 44 45 46 -47 -48 -49 50 0
uf50-0239 4841 -1 -2 3 4 5 6 -7 8 -9 -10 11 12 -13 -14 -15 -16 17 18 19 20 21 -22 -23 -24 25 -26 -27 28 29 30 31 32 33 -34 -35 36 37 38 39 40 -41 42 -43 -44 45 -46 -47 -48 -49 -50 0
uf50-0239 2577 -1 2 -3 4 5 6 -7 8 -9 -10 11 12 -13 -14 15 -16 -17 -18 19 -20 21 -22 -23 24 -25 26 -27 -28 29 30 31 -32 -33 34 35 36 37 38 -39 -40 41 42 -43 -44 45 46 -47 48 49 50 0
uf50-0239 2357 -1 2 -3 4 5 6 7 8 -9 -10 11 12 -13 -14 -15 16 -17 -18 19 20 21 -22 -23 -24 -25 26 -27 -28 29 30 31 -32 -33 34 35 36 37 38 -39 -40 41 42 -43 -44 45 46 -47 48 -49 50 0
uf50-0239 2996 1 -2 -3 4 -5 -6 7 8 -9 -10 11 12 -13 -14 -15 -16 17 -18 -19 20 21 -22 -23 -24 25 26 -27 -28 29 30 31 -32 33 34 -35 36 37 -38 -39 40 -41 42 -43 44 45 46 -47 -48 -49 50 0
uf50-0239 2577 -1 2 -3 4 5 6 -7 8 -9 -10 11 12 -13 -14 15 -16 -17 -18 19 -20 21 -22 -23 24 -25 26 -27 -28 29 30 31 -32 -33 34 35 36 37 38 -39 -40 41 42 -43 -44 45 46 -47 48 49 50 0
uf50-0239 2514 -1 2 -3 4 5 6 -7 8 -9 -10 11 12 -13 -14 15 16 -17 -18 19 20 21 -22 -23 24 -25 26 -27 -28 29 30 31 -32 -33 34 35 36 37 38 -39 -40 41 42 -43 -44 45 46 -47 48 -49 50 0
uf50-0239 2514 -1 2 -3 4 5 6 -7 8 -9 -10 11 12 -13 -14 15 16 -17 -18 19 20 21 -22 -23 24 -25 26 -27 -28 29 30 31 -32 -33 34 35 36 37 38 -39 -40 41 42 -43 -44 45 46 -47 48 -49 50 0
uf50-0239 2514 -1 2 -3 4 5 6 -7 8 -9 -10 11 12 -13 -14 15 16 -17 -18 19 20 21 -22 -23 24 -25 26 -27 -28 29 30 31 -32 -33 34 35 36 37 38 -39 -40 41 42 -43 -44 45 46 -47 48 -49 50 0
uf50-0239 4082 1 -2 -3 4 5 -6 7 8 -9 -10 11 12 -13 -14 -15 -16 17 18 -19 20 21 -22 -23 -24 25 26 -27 -28 29 30 31 -32 33 34 -35 36 37 -38 -39 40 -41 42 -43 44 45 46 -47 -48 49 50 0
uf50-0239 2577 -1 2 -3 4 5 6 -7 8 -9 -10 11 12 -13 -14 15 -16 -17 -18 19 -20 21 -22 -23 24 -25 26 -27 -28 29 30 31 -32 -33 34 35 36 37 38 -39 -40 41 42 -43 -44 45 46 -47 48 49 50 0
uf50-0239 4841 -1 -2 3 4 5 6 -7 8 -9 -10 11 12 -13 -14 -15 -16 17 18 19 20 21 -22 -23 -24 25 -26 -27 28 29 30 31 32 33 -34 -35 36 37 38 39 40 -41 42 -43 -44 45 -46 -47 -48 -49 -50 0
uf50-0239 4837 -1 -2 3 4 5 6 -7 8 -9 -10 11 12 -13 -14 -15 -16 17 18 19 20 21 -22 -23 -24 25 -26 -27 28 29 -30 31 32 33 -34 -35 36 37 38 39 40 -41 42 -43 -44 45 -46 -47 -48 -49 -50 0
uf50-0239 2577 -1 2 -3 4 5 6 -7 8 -9 -10 11 12 -13 -14 15 -16 -17 -18 19 -20 21 -22 -23 24 -25 26 -27 -28 29 30 31 -32 -33 34 35 36 37 38 -39 -40 41 42 -43 -44 45 46 -47 48 49 50 0
uf50-0239 4841 -1 -2 3 4 5 6 -7 8 -9 -10 11 12 -13 -14 -15 -16 17 18 19 20 21 -22 -23 -24 25 -26 -27 28 29 30 31 32 33 -34 -35 36 37 38 39 40 -41 42 -43 -44 45 -46 -47 -48 -49 -50 0
uf50-0239 2577 -1 2 -3 4 5 6 -7 8 -9 -10 11 12 -13 -14 15 -16 -17 -18 19 -20 21 -22 -23 24 -25 26 -27 -28 29 30 31 -32 -33 34 35 36 37 38 -39 -40 41 42 -43 -44 45 46 -47 48 49 50 0
uf50-0239 2577 -1 2 -3 4 5 6 -7 8 -9 -10 11 12 -13 -14 15 -16 -17 -18 19 -20 21 -22 -23 24 -25 26 -27 -28 29 30 31 -32 -33 34 35 36 37 38 -39 -40 41 42 -43 -44 45 46 -47 48 49 50 0
uf50-0239 2577 -1 2 -3 4 5 6 -7 8 -9 -10 11 12 -13 -14 15 -16 -17 -18 19 -20 21 -22 -23 24 -25 26 -27 -28 29 30 31 -32 -33 34 35 36 37 38 -39 -40 41 42 -43 -44 45 46 -47 48 49 50 0
uf50-0239 2577 -1 2 -3 4 5 6 -7 8 -9 -10 11 12 -13 -14 15 -16 -17 -18 19 -20 21 -22 -23 24 -25 26 -27 -28 29 30 31 -32 -33 34 35 36 37 38 -39 -40 41 42 -43 -44 45 46 -47 48 49 50 0
uf50-0239 3387 1 -2 -3 4 -5 -6 7 8 -9 10 11 12 -13 -14 -15 -16 17 -18 -19 20 21 -22 -23 -24 25 26 -27 -28 29 30 31 -32 33 34 -35 36 37 -38 -39 40 -41 42 -43 44 45 46 -47 -48 -49 50 0
uf50-0239 3351 1 -2 -3 4 -5 -6 7 8 -9 10 11 12 -13 -14 -15 -16 17 -18 -19 20 21 -22 -23 -24 25 26 -27 -28 29 30 31 -32 33 34 -35 36 37 -38 -39 40 -41 42 -43 44 45 46 -47 -48 -49 -50 0
uf50-0239 2514 -1 2 -3 4 5 6 -7 8 -9 -10 11 12 -13 -14 15 16 -17 -18 19 20 21 -22 -23 24 -25 26 -27 -28 29 30 31 -32 -33 34 35 36 37 38 -39 -40 41 42 -43 -44 45 46 -47 48 -49 50 0
uf50-0239 2577 -1 2 -3 4 5 6 -7 8 -9 -10 11 12 -13 -14 15 -16 -17 -18 19 -20 21 -22 -23 24 -25 26 -27 -28 29 30 31 -32 -33 34 35 36 37 38 -39 -40 41 42 -43 -44 45 46 -47 48 49 50 0
uf50-0239 2190 -1 2 -3 4 -5 6 7 8 -9 -10 11 12 -13 -14 -15 16 -17 -18 19 20 21 -22 -23 -24 -25 26 -27 -28 29 30 31 -32 33 34 35 36 37 38 -39 -40 -41 42 -43 -44 45 46 -47 48 -49 50 0
uf50-0239 4837 -1 -2 3 4 5 6 -7 8 -9 -10 11 12 -13 -14 -15 -16 17 18 19 20 21 -22 -23 -24 25 -26 -27 28 29 -30 31 32 33 -34 -35 36 37 38 39 40 -41 42 -43 -44 45 -46 -47 -48 -49 -50 0
uf50-0239 4748 -1 -2 3 4 5 6 -7 8 -9 -10 11 12 -13 -14 -15 -16 17 18 19 20 21 -22 -23 -24 25 -26 -27 28 29 30 31 32 33 -34 -35 36 37 -38 39 40 -41 42 -43 -44 45 -46 -47 -48 -49 -50 0
uf50-0239 2514 -1 2 -3 4 5 6 -7 8 -9 -10 11 12 -13 -14 15 16 -17 -18 19 20 21 -22 -23 24 -25 26 -27 -28 29 30 31 -32 -33 34 35 36 37 38 -39 -40 41 42 -43 -44 45 46 -47 48 -49 50 0
uf50-0239 2908 1 -2 -3 4 5 -6 7 8 -9 -10 11 12 -13 -14 -15 -16 -17 18 -19 20 21 -22 -23 -24 25 26 -27 -28 29 30 31 -32 -33 34 -35 36 37 -38 -39 40 -41 42 -43 44 45 46 -47 -48 -49 50 0
uf50-0239 2577 -1 2 -3 4 5 6 -7 8 -9 -10 11 12 -13 -14 15 -16 -17 -18 19 -20 21 -22 -23 24 -25 26 -27 -28 29 30 31 -32 -33 34 35 36 37 38 -39 -40 41 42 -43 -44 45 46 -47 48 49 50 0
uf50-0239 2577 -1 2 -3 4 5 6 -7 8 -9 -10 11 12 -13 -14 15 -16 -17 -18 19 -20 21 -22 -23 24 -25 26 -27 -28 29 30 31 -32 -33 34 35 36 37 38 -39 -40 41 42 -43 -44 45 46 -47 48 49 50 0
uf50-0239 2577 -1 2 -3 4 5 6 -7 8 -9 -10 11 12 -13 -14 15 -16 -17 -18 19 -20 21 -22 -23 24 -25 26 -27 -28 29 30 31 -32 -33 34 35 36 37 38 -39 -40 41 42 -43 -44 45 46 -47 48 49 50 0
uf50-0239 2577 -1 2 -3 4 5 6 -7 8 -9 -10 11 12 -13 -14 15 -16 -17 -18 19 -20 21 -22 -23 24 -25 26 -27 -28 29 30 31 -32 -33 34 35 36 37 38 -39 -40 41 42 -43 -44 45 46 -47 48 49 50 0
uf50-0239 4082 1 -2 -3 4 5 -6 7 8 -9 -10 11 12 -13 -14 -15 -16 17 18 -19 20 21 -22 -23 -24 25 26 -27 -28 29 30 31 -32 33 34 -35 36 37 -38 -39 40 -41 42 -43 44 45 46 -47 -48 49 50 0
uf50-0239 2891 1 -2 -3 4 5 -6 7 8 -9 10 11 12 -13 -14 -15 -16 -17 -18 -19 20 21 -22 -23 -24 25 26 -27 -28 29 30 31 -32 -33 34 -35 36 37 -38 -39 40 -41 42 -43 44 45 46 -47 -48 -49 50 0
uf50-0239 2514 -1 2 -3 4 5 6 -7 8 -9 -10 11 12 -13 -14 15 16 -17 -18 19 20 21 -22 -23 24 -25 26 -27 -28 29 30 31 -32 -33 34 35 36 37 38 -39 -40 41 42 -43 -44 45 46 -47 48 -49 50 0
uf50-0239 2577 -1 2 -3 4 5 6 -7 8 -9 -10 11 12 -13 -14 15 -16 -17 -18 19 -20 21 -22 -23 24 -25 26 -27 -28 29 30 31 -32 -33 34 35 36 37 38 -39 -40 41 42 -43 -44 45 46 -47 48 49 50 0
uf50-0239 2577 -1 2 -3 4 5 6 -7 8 -9 -10 11 12 -13 -14 15 -16 -17 -18 19 -20 21 -22 -23 24 -25 26 -27 -28 29 30 31 -32 -33 34 35 36 37 38 -39 -40 41 42 -43 -44 45 46 -47 48 49 50 0
uf50-0239 2514 -1 2 -3 4 5 6 -7 8 -9 -10 11 12 -13 -14 15 16 -17 -18 19 20 21 -22 -23 24 -25 26 -27 -28 29 30 31 -32 -33 34 35 36 37 38 -39 -40 41 42 -43 -44 45 46 -47 48 -49 50 0
uf50-0239 2577 -1 2 -3 4 5 6 -7 8 -9 -10 11 12 -13 -14 15 -16 -17 -18 19 -20 21 -22 -23 24 -25 26 -27 -28 29 30 31 -32 -33 34 35 36 37 38 -39 -40 41 42 -43 -44 45 46 -47 48 49 50 0
uf50-0239 2577 -1 2 -3 4 5 6 -7 8 -9 -10 11 12 -13 -14 15 -16 -17 -18 19 -20 21 -22 -23 24 -25 26 -27 -28 29 30 31 -32 -33 34 35 36 37 38 -39 -40 41 42 -43 -44 45 46 -47 48 49 50 0
uf50-0239 2577 -1 2 -3 4 5 6 -7 8 -9 -10 11 12 -13 -14 15 -16 -17 -18 19 -20 21 -22 -23 24 -25 26 -27 -28 29 30 31 -32 -33 34 35 36 37 38 -39 -40 41 42 -43 -44 45 46 -47 48 49 50 0
uf50-0239 2577 -1 2 -3 4 5 6 -7 8 -9 -10 11 12 -13 -14 15 -16 -17 -18 19 -20 21 -22 -23 24 -25 26 -27 -28 29 30 31 -32 -33 34 35 36 37 38 -39 -40 41 42 -43 -44 45 46 -47 48 49 50 0
uf50-0239 2577 -1 2 -3 4 5 6 -7 8 -9 -10 11 12 -13 -14 15 -16 -17 -18 19 -20 21 -22 -23 24 -25 26 -27 -28 29 30 31 -32 -33 34 35 36 37 38 -39 -40 41 42 -43 -44 45 46 -47 48 49 50 0
uf50-0239 2699 1 -2 -3 4 5 -6 7 8 -9 10 11 12 -13 -14 -15 -16 -17 -18 19 20 21 -22 -23 -24 -25 26 -27 -28 29 30 31 -32 -33 34 35 36 37 -38 -39 40 -41 42 -43 44 45 46 -47 -48 -49 50 0
uf50-0239 4837 -1 -2 3 4 5 6 -7 8 -9 -10 11 12 -13 -14 -15 -16 17 18 19 20 21 -22 -23 -24 25 -26 -27 28 29 -30 31 32 33 -34 -35 36 37 38 39 40 -41 42 -43 -44 45 -46 -47 -48 -49 -50 0
uf50-0239 2891 1 -2 -3 4 5 -6 7 8 -9 10 11 12 -13 -14 -15 -16 -17 -18 -19 20 21 -22 -23 -24 25 26 -27 -28 29 30 31 -32 -33 34 -35 36 37 -38 -39 40 -41 42 -43 44 45 46 -47 -48 -49 50 0
