uf50-0239 39261 -1 2 -3 4 5 6 -7 8 -9 -10 11 12 -13 -14 15 -16 -17 -18 19 -20 21 -22 -23 24 -25 26 -27 -28 29 30 31 -32 -33 34 35 36 37 38 -39 -40 41 42 -43 -44 45 46 -47 48 -49 50 0
uf50-0239 26678 -1 2 -3 4 -5 -6 -7 8 -9 -10 11 12 -13 -14 15 16 -17 -18 19 20 21 -22 -23 -24 -25 26 -27 -28 29 30 31 -32 -33 34 35 36 37 38 -39 -40 -41 42 -43 -44 45 46 -47 48 -49 50 0
uf50-0239 46371 1 -2 -3 4 5 -6 7 8 -9 10 11 12 -13 -14 -15 -16 -17 -18 -19 20 21 -22 -23 -24 -25 26 -27 -28 29 30 31 -32 -33 34 35 36 37 -38 -39 40 -41 42 -43 44 45 46 -47 -48 -49 50 0
uf50-0239 43131 1 -2 -3 4 -5 -6 7 8 -9 10 11 12 -13 -14 -15 -16 -17 -18 19 20 21 -22 -23 -24 -25 26 -27 -28 29 30 31 -32 -33 34 35 36 37 -38 -39 40 -41 42 -43 44 45 46 -47 -48 -49 -50 0
uf50-0239 217 0
uf50-0239 217 0
uf50-0239 217 0
uf50-0239 217 0
uf50-0239 42569 -1 2 -3 4 5 6 7 8 -9 -10 11 12 -13 -14 -15 16 -17 -18 19 20 21 -22 -23 -24 -25 26 -27 -28 29 30 31 -32 -33 34 35 36 37 38 -39 -40 41 42 -43 -44 45 46 -47 48 -49 50 0
uf50-0239 39534 -1 2 -3 4 -5 6 7 8 -9 -10 11 12 -13 -14 -15 16 -17 -18 19 20 21 -22 -23 -24 -25 26 -27 -28 29 30 31 -32 33 34 35 36 37 38 -39 -40 -41 42 -43 -44 45 46 -47 48 -49 50 0
uf50-0239 217 0
uf50-0239 37864 -1 2 -3 4 -5 6 -7 8 -9 -10 11 12 -13 -14 -15 16 -17 -18 19 20 21 -22 -23 24 -25 26 -27 -28 29 30 31 -32 33 34 35 36 37 38 -39 -40 -41 42 -43 -44 45 46 -47 48 -49 50 0
uf50-0239 217 0
uf50-0239 42569 -1 2 -3 4 5 6 7 8 -9 -10 11 12 -13 -14 -15 16 -17 -18 19 20 21 -22 -23 -24 -25 26 -27 -28 29 30 31 -32 -33 34 35 36 37 38 -39 -40 41 42 -43 -44 45 46 -47 48 -49 50 0
uf50-0239 45400 -1 2 -3 4 5 6 -7 8 -9 -10 11 12 -13 -14 15 16 -17 -18 19 20 21 -22 -23 24 -25 26 -27 -28 29 30 31 -32 -33 34 35 36 37 38 -39 -40 41 42 -43 -44 45 46 -47 48 -49 50 0
uf50-0239 217 0
uf50-0239 217 0
uf50-0239 217 0
uf50-0239 217 0
uf50-0239 37556 -1 2 -3 4 -5 6 7 8 -9 -10 11 12 -13 -14 -15 16 -17 -18 19 20 21 -22 -23 -24 -25 26 -27 -28 29 30 31 -32 -33 34 35 36 37 38 -39 -40 41 42 -43 -44 45 46 -47 48 -49 50 0
uf50-0239 31691 -1 2 -3 4 -5 6 -7 8 -9 -10 11 12 -13 -14 15 16 -17 -18 -19 -20 21 -22 -23 24 -25 26 -27 -28 29 30 31 -32 -33 34 35 36 37 38 -39 -40 -41 42 -43 -44 45 46 -47 48 -49 50 0
uf50-0239 29065 -1 2 -3 4 -5 6 -7 8 -9 -10 -11 12 -13 -14 15 16 -17 -18 19 20 21 -22 -23 -24 -25 26 -27 -28 29 30 31 -32 -33 34 35 36 37 38 -39 -40 -41 42 -43 -44 45 46 -47 48 -49 50 0
uf50-0239 217 0
uf50-0239 217 0
uf50-0239 217 0
uf50-0239 217 0
uf50-0239 37556 -1 2 -3 4 -5 6 7 8 -9 -10 11 12 -13 -14 -15 16 -17 -18 19 20 21 -22 -23 -24 -25 26 -27 -28 29 30 31 -32 -33 34 35 36 37 38 -39 -40 41 42 -43 -44 45 46 -47 48 -49 50 0
uf50-0239 217 0
uf50-0239 41512 -1 2 -3 4 5 6 -7 8 -9 -10 11 12 -13 -14 15 16 -17 -18 19 20 21 -22 -23 -24 -25 26 -27 -28 29 30 31 -32 -33 34 35 36 37 38 -39 -40 41 42 -43 -44 45 46 -47 48 -49 50 0
uf50-0239 40353 -1 2 -3 4 5 -6 -7 8 -9 -10 11 12 -13 -14 15 16 -17 -18 19 20 21 -22 -23 24 -25 26 -27 -28 29 30 31 -32 -33 34 35 36 37 38 -39 -40 41 42 -43 -44 45 46 -47 48 -49 50 0
uf50-0239 217 0
uf50-0239 217 0
uf50-0239 39534 -1 2 -3 4 -5 6 7 8 -9 -10 11 12 -13 -14 -15 16 -17 -18 19 20 21 -22 -23 -24 -25 26 -27 -28 29 30 31 -32 33 34 35 36 37 38 -39 -40 -41 42 -43 -44 45 46 -47 48 -49 50 0
uf50-0239 37864 -1 2 -3 4 -5 6 -7 8 -9 -10 11 12 -13 -14 -15 16 -17 -18 19 20 21 -22 -23 24 -25 26 -27 -28 29 30 31 -32 33 34 35 36 37 38 -39 -40 -41 42 -43 -44 45 46 -47 48 -49 50 0
uf50-0239 37864 -1 2 -3 4 -5 6 -7 8 -9 -10 11 12 -13 -14 -15 16 -17 -18 19 20 21 -22 -23 24 -25 26 -27 -28 29 30 31 -32 33 34 35 36 37 38 -39 -40 -41 42 -43 -44 45 46 -47 48 -49 50 0
uf50-0239 25877 -1 2 -3 4 -5 6 -7 8 -9 -10 -11 12 -13 -14 15 16 -17 -18 -19 -20 21 -22 -23 24 -25 26 -27 -28 29 30 31 -32 -33 34 35 36 37 38 -39 -40 -41 -42 -43 -44 45 46 -47 48 -49 50 0
uf50-0239 217 0
uf50-0239 217 0
uf50-0239 217 0
uf50-0239 217 0
uf50-0239 217 0
uf50-0239 52610 1 -2 -3 4 5 -6 7 8 -9 -10 11 12 -13 -14 -15 -16 -17 18 -19 20 21 -22 -23 -24 25 26 -27 -28 29 30 31 -32 -33 34 -35 36 37 -38 -39 40 -41 42 -43 44 45 46 -47 -48 -49 50 0
uf50-0239 217 0
uf50-0239 217 0
uf50-0239 45620 1 -2 -3 4 5 -6 7 8 -9 -10 11 12 -13 -14 -15 -16 -17 18 -19 20 21 -22 -23 -24 -25 26 -27 -28 29 30 31 -32 -33 34 -35 36 37 -38 -39 40 -41 42 -43 44 45 46 -47 -48 -49 50 0
uf50-0239 217 0
uf50-0239 37556 -1 2 -3 4 -5 6 7 8 -9 -10 11 12 -13 -14 -15 16 -17 -18 19 20 21 -22 -23 -24 -25 26 -27 -28 29 30 31 -32 -33 34 35 36 37 38 -39 -40 41 42 -43 -44 45 46 -47 48 -49 50 0
uf50-0239 42569 -1 2 -3 4 5 6 7 8 -9 -10 11 12 -13 -14 -15 16 -17 -18 19 20 21 -22 -23 -24 -25 26 -27 -28 29 30 31 -32 -33 34 35 36 37 38 -39 -40 41 42 -43 -44 45 46 -47 48 -49 50 0
uf50-0239 34248 -1 2 -3 4 -5 6 -7 8 -9 -10 11 12 -13 -14 15 -16 -17 -18 19 -20 21 -22 -23 24 -25 26 -27 -28 29 30 31 -32 -33 34 35 36 37 38 -39 -40 41 42 -43 -44 45 46 -47 48 -49 50 0
uf50-0239 217 0
