uf20-0280 44996 -1 2 3 -4 -5 -6 7 8 -9 10 11 12 -13 14 15 -16 17 18 19 20 0
uf20-0280 44996 -1 2 3 -4 -5 -6 7 8 -9 10 11 12 -13 14 15 -16 17 18 19 20 0
uf20-0280 44996 -1 2 3 -4 -5 -6 7 8 -9 10 11 12 -13 14 15 -16 17 18 19 20 0
uf20-0280 44996 -1 2 3 -4 -5 -6 7 8 -9 10 11 12 -13 14 15 -16 17 18 19 20 0
uf20-0280 44996 -1 2 3 -4 -5 -6 7 8 -9 10 11 12 -13 14 15 -16 17 18 19 20 0
uf20-0280 44996 -1 2 3 -4 -5 -6 7 8 -9 10 11 12 -13 14 15 -16 17 18 19 20 0
uf20-0280 44996 -1 2 3 -4 -5 -6 7 8 -9 10 11 12 -13 14 15 -16 17 18 19 20 0
uf20-0280 44996 -1 2 3 -4 -5 -6 7 8 -9 10 11 12 -13 14 15 -16 17 18 19 20 0
uf20-0280 44996 -1 2 3 -4 -5 -6 7 8 -9 10 11 12 -13 14 15 -16 17 18 19 20 0
uf20-0280 44996 -1 2 3 -4 -5 -6 7 8 -9 10 11 12 -13 14 15 -16 17 18 19 20 0
uf20-0280 44996 -1 2 3 -4 -5 -6 7 8 -9 10 11 12 -13 14 15 -16 17 18 19 20 0
uf20-0280 44996 -1 2 3 -4 -5 -6 7 8 -9 10 11 12 -13 14 15 -16 17 18 19 20 0
uf20-0280 44996 -1 2 3 -4 -5 -6 7 8 -9 10 11 12 -13 14 15 -16 17 18 19 20 0
uf20-0280 44996 -1 2 3 -4 -5 -6 7 8 -9 10 11 12 -13 14 15 -16 17 18 19 20 0
uf20-0280 44996 -1 2 3 -4 -5 -6 7 8 -9 10 11 12 -13 14 15 -16 17 18 19 20 0
uf20-0280 44996 -1 2 3 -4 -5 -6 7 8 -9 10 11 12 -13 14 15 -16 17 18 19 20 0
uf20-0280 44996 -1 2 3 -4 -5 -6 7 8 -9 10 11 12 -13 14 15 -16 17 18 19 20 0
uf20-0280 44996 -1 2 3 -4 -5 -6 7 8 -9 10 11 12 -13 14 15 -16 17 18 19 20 0
uf20-0280 44996 -1 2 3 -4 -5 -6 7 8 -9 10 11 12 -13 14 15 -16 17 18 19 20 0
uf20-0280 44996 -1 2 3 -4 -5 -6 7 8 -9 10 11 12 -13 14 15 -16 17 18 19 20 0
uf20-0280 44995 1 -2 -3 -4 5 6 7 8 -9 10 11 -12 13 -14 -15 16 17 18 -19 20 0
uf20-0280 44995 1 -2 -3 -4 5 6 7 8 -9 10 11 -12 13 -14 -15 16 17 18 -19 20 0
uf20-0280 44996 -1 2 3 -4 -5 -6 7 8 -9 10 11 12 -13 14 15 -16 17 18 19 20 0
uf20-0280 44996 -1 2 3 -4 -5 -6 7 8 -9 10 11 12 -13 14 15 -16 17 18 19 20 0
uf20-0280 44996 -1 2 3 -4 -5 -6 7 8 -9 10 11 12 -13 14 15 -16 17 18 19 20 0
uf20-0280 44996 -1 2 3 -4 -5 -6 7 8 -9 10 11 12 -13 14 15 -16 17 18 19 20 0
uf20-0280 44995 1 -2 -3 -4 5 6 7 8 -9 10 11 -12 13 -14 -15 16 17 18 -19 20 0
uf20-0280 44996 -1 2 3 -4 -5 -6 7 8 -9 10 11 12 -13 14 15 -16 17 18 19 20 0
uf20-0280 44996 -1 2 3 -4 -5 -6 7 8 -9 10 11 12 -13 14 15 -16 17 18 19 20 0
uf20-0280 44996 -1 2 3 -4 -5 -6 7 8 -9 10 11 12 -13 14 15 -16 17 18 19 20 0
uf20-0280 44996 -1 2 3 -4 -5 -6 7 8 -9 10 11 12 -13 14 15 -16 17 18 19 20 0
uf20-0280 44996 -1 2 3 -4 -5 -6 7 8 -9 10 11 12 -13 14 15 -16 17 18 19 20 0
uf20-0280 90 0
uf20-0280 44995 1 -2 -3 -4 5 6 7 8 -9 10 11 -12 13 -14 -15 16 17 18 -19 20 0
uf20-0280 44996 -1 2 3 -4 -5 -6 7 8 -9 10 11 12 -13 14 15 -16 17 18 19 20 0
uf20-0280 44996 -1 2 3 -4 -5 -6 7 8 -9 10 11 12 -13 14 15 -16 17 18 19 20 0
uf20-0280 90 0
uf20-0280 44996 -1 2 3 -4 -5 -6 7 8 -9 10 11 12 -13 14 15 -16 17 18 19 20 0
uf20-0280 44996 -1 2 3 -4 -5 -6 7 8 -9 10 11 12 -13 14 15 -16 17 18 19 20 0
uf20-0280 44996 -1 2 3 -4 -5 -6 7 8 -9 10 11 12 -13 14 15 -16 17 18 19 20 0
uf20-0280 44996 -1 2 3 -4 -5 -6 7 8 -9 10 11 12 -13 14 15 -16 17 18 19 20 0
uf20-0280 44996 -1 2 3 -4 -5 -6 7 8 -9 10 11 12 -13 14 15 -16 17 18 19 20 0
uf20-0280 44996 -1 2 3 -4 -5 -6 7 8 -9 10 11 12 -13 14 15 -16 17 18 19 20 0
uf20-0280 44996 -1 2 3 -4 -5 -6 7 8 -9 10 11 12 -13 14 15 -16 17 18 19 20 0
uf20-0280 44996 -1 2 3 -4 -5 -6 7 8 -9 10 11 12 -13 14 15 -16 17 18 19 20 0
uf20-0280 44996 -1 2 3 -4 -5 -6 7 8 -9 10 11 12 -13 14 15 -16 17 18 19 20 0
uf20-0280 44996 -1 2 3 -4 -5 -6 7 8 -9 10 11 12 -13 14 15 -16 17 18 19 20 0
uf20-0280 44996 -1 2 3 -4 -5 -6 7 8 -9 10 11 12 -13 14 15 -16 17 18 19 20 0
uf20-0280 44996 -1 2 3 -4 -5 -6 7 8 -9 10 11 12 -13 14 15 -16 17 18 19 20 0
uf20-0280 44996 -1 2 3 -4 -5 -6 7 8 -9 10 11 12 -13 14 15 -16 17 18 19 20 0
uf20-0944 90 0
uf20-0944 90 0
uf20-0944 90 0
uf20-0944 90 0
uf20-0944 90 0
uf20-0944 31144 -1 2 3 4 5 -6 -7 -8 -9 -10 -11 -12 13 -14 15 16 -17 -18 19 -20 0
uf20-0944 90 0
uf20-0944 90 0
uf20-0944 26694 -1 -2 3 4 -5 -6 -7 -8 -9 -10 -11 -12 13 -14 15 16 -17 -18 19 -20 0
uf20-0944 90 0
uf20-0944 90 0
uf20-0944 90 0
uf20-0944 90 0
uf20-0944 90 0
uf20-0944 90 0
uf20-0944 90 0
uf20-0944 90 0
uf20-0944 90 0
uf20-0944 26694 -1 -2 3 4 -5 -6 -7 -8 -9 -10 -11 -12 13 -14 15 16 -17 -18 19 -20 0
uf20-0944 90 0
uf20-0944 90 0
uf20-0944 90 0
uf20-0944 90 0
uf20-0944 90 0
uf20-0944 90 0
uf20-0944 90 0
uf20-0944 90 0
uf20-0944 90 0
uf20-0944 90 0
uf20-0944 90 0
uf20-0944 90 0
uf20-0944 90 0
uf20-0944 90 0
uf20-0944 90 0
uf20-0944 90 0
uf20-0944 26694 -1 -2 3 4 -5 -6 -7 -8 -9 -10 -11 -12 13 -14 15 16 -17 -18 19 -20 0
uf20-0944 90 0
uf20-0944 90 0
uf20-0944 90 0
uf20-0944 90 0
uf20-0944 90 0
uf20-0944 90 0
uf20-0944 90 0
uf20-0944 90 0
uf20-0944 90 0
uf20-0944 90 0
uf20-0944 90 0
uf20-0944 90 0
uf20-0944 90 0
uf20-0944 90 0
uf20-0609 90 0
uf20-0609 24232 1 2 -3 4 -5 6 7 8 9 -10 -11 -12 -13 14 -15 16 -17 -18 19 -20 0
uf20-0609 90 0
uf20-0609 24232 1 2 -3 4 -5 6 7 8 9 -10 -11 -12 -13 14 -15 16 -17 -18 19 -20 0
uf20-0609 90 0
uf20-0609 90 0
uf20-0609 90 0
uf20-0609 24232 1 2 -3 4 -5 6 7 8 9 -10 -11 -12 -13 14 -15 16 -17 -18 19 -20 0
uf20-0609 29420 -1 -2 3 4 -5 -6 -7 -8 -9 10 11 -12 13 -14 -15 16 17 18 -19 -20 0
uf20-0609 90 0
uf20-0609 90 0
uf20-0609 29420 -1 -2 3 4 -5 -6 -7 -8 -9 10 11 -12 13 -14 -15 16 17 18 -19 -20 0
uf20-0609 24232 1 2 -3 4 -5 6 7 8 9 -10 -11 -12 -13 14 -15 16 -17 -18 19 -20 0
uf20-0609 90 0
uf20-0609 90 0
uf20-0609 90 0
uf20-0609 90 0
uf20-0609 90 0
uf20-0609 29420 -1 -2 3 4 -5 -6 -7 -8 -9 10 11 -12 13 -14 -15 16 17 18 -19 -20 0
uf20-0609 29420 -1 -2 3 4 -5 -6 -7 -8 -9 10 11 -12 13 -14 -15 16 17 18 -19 -20 0
uf20-0609 90 0
uf20-0609 90 0
uf20-0609 27689 -1 -2 3 4 -5 -6 -7 -8 -9 10 -11 -12 13 -14 -15 16 17 18 -19 -20 0
uf20-0609 90 0
uf20-0609 90 0
uf20-0609 90 0
uf20-0609 90 0
uf20-0609 90 0
uf20-0609 90 0
uf20-0609 90 0
uf20-0609 90 0
uf20-0609 90 0
uf20-0609 90 0
uf20-0609 90 0
uf20-0609 90 0
uf20-0609 90 0
uf20-0609 29420 -1 -2 3 4 -5 -6 -7 -8 -9 10 11 -12 13 -14 -15 16 17 18 -19 -20 0
uf20-0609 90 0
uf20-0609 90 0
uf20-0609 29420 -1 -2 3 4 -5 -6 -7 -8 -9 10 11 -12 13 -14 -15 16 17 18 -19 -20 0
uf20-0609 90 0
uf20-0609 90 0
uf20-0609 90 0
uf20-0609 90 0
uf20-0609 90 0
uf20-0609 24232 1 2 -3 4 -5 6 7 8 9 -10 -11 -12 -13 14 -15 16 -17 -18 19 -20 0
uf20-0609 90 0
uf20-0609 90 0
uf20-0609 27689 -1 -2 3 4 -5 -6 -7 -8 -9 10 -11 -12 13 -14 -15 16 17 18 -19 -20 0
uf20-0609 29420 -1 -2 3 4 -5 -6 -7 -8 -9 10 11 -12 13 -14 -15 16 17 18 -19 -20 0
uf20-0189 33378 1 -2 3 4 -5 -6 7 -8 9 -10 11 -12 13 -14 15 -16 17 18 19 20 0
uf20-0189 28925 -1 2 3 4 -5 -6 -7 -8 -9 10 11 -12 -13 -14 15 16 -17 18 19 -20 0
uf20-0189 33378 1 -2 3 4 -5 -6 7 -8 9 -10 11 -12 13 -14 15 -16 17 18 19 20 0
uf20-0189 28925 -1 2 3 4 -5 -6 -7 -8 -9 10 11 -12 -13 -14 15 16 -17 18 19 -20 0
uf20-0189 31153 1 -2 3 4 -5 -6 7 -8 9 -10 11 -12 13 -14 15 -16 -17 18 19 20 0
uf20-0189 28925 -1 2 3 4 -5 -6 -7 -8 -9 10 11 -12 -13 -14 15 16 -17 18 19 -20 0
uf20-0189 28925 -1 2 3 4 -5 -6 -7 -8 -9 10 11 -12 -13 -14 15 16 -17 18 19 -20 0
uf20-0189 31153 1 -2 3 4 -5 -6 7 -8 9 -10 11 -12 13 -14 15 -16 -17 18 19 20 0
uf20-0189 28925 -1 2 3 4 -5 -6 -7 -8 -9 10 11 -12 -13 -14 15 16 -17 18 19 -20 0
uf20-0189 31153 1 -2 3 4 -5 -6 7 -8 9 -10 11 -12 13 -14 15 -16 -17 18 19 20 0
uf20-0189 28925 -1 2 3 4 -5 -6 -7 -8 -9 10 11 -12 -13 -14 15 16 -17 18 19 -20 0
uf20-0189 31153 1 -2 3 4 -5 -6 7 -8 9 -10 11 -12 13 -14 15 -16 -17 18 19 20 0
uf20-0189 28183 -1 -2 3 4 -5 -6 7 -8 -9 10 -11 -12 -13 -14 15 16 17 -18 -19 -20 0
uf20-0189 31153 1 -2 3 4 -5 -6 7 -8 9 -10 11 -12 13 -14 15 -16 -17 18 19 20 0
uf20-0189 33378 1 -2 3 4 -5 -6 7 -8 9 -10 11 -12 13 -14 15 -16 17 18 19 20 0
uf20-0189 31153 1 -2 3 4 -5 -6 7 -8 9 -10 11 -12 13 -14 15 -16 -17 18 19 20 0
uf20-0189 89 0
uf20-0189 28925 -1 2 3 4 -5 -6 -7 -8 -9 10 11 -12 -13 -14 15 16 -17 18 19 -20 0
uf20-0189 31153 1 -2 3 4 -5 -6 7 -8 9 -10 11 -12 13 -14 15 -16 -17 18 19 20 0
uf20-0189 31153 1 -2 3 4 -5 -6 7 -8 9 -10 11 -12 13 -14 15 -16 -17 18 19 20 0
uf20-0189 89 0
uf20-0189 90 0
uf20-0189 31153 1 -2 3 4 -5 -6 7 -8 9 -10 11 -12 13 -14 15 -16 -17 18 19 20 0
uf20-0189 90 0
uf20-0189 33378 1 -2 3 4 -5 -6 7 -8 9 -10 11 -12 13 -14 15 -16 17 18 19 20 0
uf20-0189 90 0
uf20-0189 90 0
uf20-0189 33378 1 -2 3 4 -5 -6 7 -8 9 -10 11 -12 13 -14 15 -16 17 18 19 20 0
uf20-0189 28925 -1 2 3 4 -5 -6 -7 -8 -9 10 11 -12 -13 -14 15 16 -17 18 19 -20 0
uf20-0189 90 0
uf20-0189 90 0
uf20-0189 31153 1 -2 3 4 -5 -6 7 -8 9 -10 11 -12 13 -14 15 -16 -17 18 19 20 0
uf20-0189 25958 -1 -2 3 4 -5 -6 7 -8 -9 10 -11 -12 -13 -14 15 16 -17 -18 -19 -20 0
uf20-0189 28925 -1 2 3 4 -5 -6 -7 -8 -9 10 11 -12 -13 -14 15 16 -17 18 19 -20 0
uf20-0189 90 0
uf20-0189 28925 -1 2 3 4 -5 -6 -7 -8 -9 10 11 -12 -13 -14 15 16 -17 18 19 -20 0
uf20-0189 90 0
uf20-0189 31153 1 -2 3 4 -5 -6 7 -8 9 -10 11 -12 13 -14 15 -16 -17 18 19 20 0
uf20-0189 31153 1 -2 3 4 -5 -6 7 -8 9 -10 11 -12 13 -14 15 -16 -17 18 19 20 0
uf20-0189 90 0
uf20-0189 90 0
uf20-0189 31153 1 -2 3 4 -5 -6 7 -8 9 -10 11 -12 13 -14 15 -16 -17 18 19 20 0
uf20-0189 31153 1 -2 3 4 -5 -6 7 -8 9 -10 11 -12 13 -14 15 -16 -17 18 19 20 0
uf20-0189 33378 1 -2 3 4 -5 -6 7 -8 9 -10 11 -12 13 -14 15 -16 17 18 19 20 0
uf20-0189 90 0
uf20-0189 31153 1 -2 3 4 -5 -6 7 -8 9 -10 11 -12 13 -14 15 -16 -17 18 19 20 0
uf20-0189 31153 1 -2 3 4 -5 -6 7 -8 9 -10 11 -12 13 -14 15 -16 -17 18 19 20 0
uf20-0189 28925 -1 2 3 4 -5 -6 -7 -8 -9 10 11 -12 -13 -14 15 16 -17 18 19 -20 0
uf20-0189 90 0
uf20-0189 31153 1 -2 3 4 -5 -6 7 -8 9 -10 11 -12 13 -14 15 -16 -17 18 19 20 0
uf20-0533 53650 -1 2 -3 4 -5 6 -7 8 -9 10 11 -12 -13 14 15 16 -17 18 19 -20 0
uf20-0533 50189 -1 2 -3 -4 -5 6 -7 8 -9 10 11 -12 -13 14 15 16 -17 18 19 -20 0
uf20-0533 53650 -1 2 -3 4 -5 6 -7 8 -9 10 11 -12 -13 14 15 16 -17 18 19 -20 0
uf20-0533 53650 -1 2 -3 4 -5 6 -7 8 -9 10 11 -12 -13 14 15 16 -17 18 19 -20 0
uf20-0533 53650 -1 2 -3 4 -5 6 -7 8 -9 10 11 -12 -13 14 15 16 -17 18 19 -20 0
uf20-0533 90 0
uf20-0533 90 0
uf20-0533 90 0
uf20-0533 53650 -1 2 -3 4 -5 6 -7 8 -9 10 11 -12 -13 14 15 16 -17 18 19 -20 0
uf20-0533 90 0
uf20-0533 50189 -1 2 -3 4 -5 6 -7 8 -9 -10 11 -12 -13 14 15 16 -17 18 19 -20 0
uf20-0533 53650 -1 2 -3 4 -5 6 -7 8 -9 10 11 -12 -13 14 15 16 -17 18 19 -20 0
uf20-0533 90 0
uf20-0533 50189 -1 2 -3 4 -5 6 -7 8 -9 -10 11 -12 -13 14 15 16 -17 18 19 -20 0
uf20-0533 90 0
uf20-0533 90 0
uf20-0533 53650 -1 2 -3 4 -5 6 -7 8 -9 10 11 -12 -13 14 15 16 -17 18 19 -20 0
uf20-0533 90 0
uf20-0533 53650 -1 2 -3 4 -5 6 -7 8 -9 10 11 -12 -13 14 15 16 -17 18 19 -20 0
uf20-0533 50189 -1 2 -3 4 -5 6 -7 8 -9 -10 11 -12 -13 14 15 16 -17 18 19 -20 0
uf20-0533 50189 -1 2 -3 4 -5 6 -7 8 -9 -10 11 -12 -13 14 15 16 -17 18 19 -20 0
uf20-0533 50189 -1 2 -3 4 -5 6 -7 8 -9 -10 11 -12 -13 14 15 16 -17 18 19 -20 0
uf20-0533 53650 -1 2 -3 4 -5 6 -7 8 -9 10 11 -12 -13 14 15 16 -17 18 19 -20 0
uf20-0533 53650 -1 2 -3 4 -5 6 -7 8 -9 10 11 -12 -13 14 15 16 -17 18 19 -20 0
uf20-0533 90 0
uf20-0533 90 0
uf20-0533 90 0
uf20-0533 53650 -1 2 -3 4 -5 6 -7 8 -9 10 11 -12 -13 14 15 16 -17 18 19 -20 0
uf20-0533 50189 -1 2 -3 4 -5 6 -7 8 -9 -10 11 -12 -13 14 15 16 -17 18 19 -20 0
uf20-0533 50189 -1 2 -3 4 -5 6 -7 8 -9 -10 11 -12 -13 14 15 16 -17 18 19 -20 0
uf20-0533 90 0
uf20-0533 90 0
uf20-0533 90 0
uf20-0533 53650 -1 2 -3 4 -5 6 -7 8 -9 10 11 -12 -13 14 15 16 -17 18 19 -20 0
uf20-0533 90 0
uf20-0533 53650 -1 2 -3 4 -5 6 -7 8 -9 10 11 -12 -13 14 15 16 -17 18 19 -20 0
uf20-0533 90 0
uf20-0533 90 0
uf20-0533 90 0
uf20-0533 90 0
uf20-0533 50189 -1 2 -3 4 -5 6 -7 8 -9 -10 11 -12 -13 14 15 16 -17 18 19 -20 0
uf20-0533 90 0
uf20-0533 90 0
uf20-0533 90 0
uf20-0533 90 0
uf20-0533 90 0
uf20-0533 53650 -1 2 -3 4 -5 6 -7 8 -9 10 11 -12 -13 14 15 16 -17 18 19 -20 0
uf20-0533 90 0
uf20-0533 53650 -1 2 -3 4 -5 6 -7 8 -9 10 11 -12 -13 14 15 16 -17 18 19 -20 0
uf20-0533 90 0
uf20-071 35767 1 -2 3 4 -5 -6 -7 -8 9 -10 11 -12 -13 14 -15 -16 17 -18 -19 20 0
uf20-071 38075 1 -2 3 4 -5 6 -7 -8 9 -10 11 -12 13 14 -15 -16 -17 -18 -19 20 0
uf20-071 25961 1 2 -3 4 5 6 -7 -8 -9 -10 11 -12 13 -14 15 -16 -17 -18 -19 20 0
uf20-071 90 0
uf20-071 38075 1 -2 3 4 -5 6 -7 -8 9 -10 11 -12 13 14 -15 -16 -17 -18 -19 20 0
uf20-071 38075 1 -2 3 4 -5 6 -7 -8 9 -10 11 -12 -13 14 -15 -16 17 -18 -19 20 0
uf20-071 38075 1 -2 3 4 -5 6 -7 -8 9 -10 11 -12 -13 14 -15 -16 17 -18 -19 20 0
uf20-071 38075 1 -2 3 4 -5 6 -7 -8 9 -10 11 -12 13 14 -15 -16 -17 -18 -19 20 0
uf20-071 38075 1 -2 3 4 -5 6 -7 -8 9 -10 11 -12 13 14 -15 -16 -17 -18 -19 20 0
uf20-071 38075 1 -2 3 4 -5 6 -7 -8 9 -10 11 -12 13 14 -15 -16 -17 -18 -19 20 0
uf20-071 90 0
uf20-071 36921 1 -2 3 4 -5 -6 -7 -8 9 -10 11 -12 13 14 -15 -16 -17 -18 19 20 0
uf20-071 38075 1 -2 3 4 -5 6 -7 -8 9 -10 11 -12 -13 14 -15 -16 17 -18 -19 20 0
uf20-071 36921 1 -2 3 4 -5 -6 -7 -8 9 -10 11 -12 13 14 -15 -16 -17 -18 19 20 0
uf20-071 34037 1 -2 3 -4 -5 -6 -7 -8 9 -10 11 -12 13 14 -15 -16 17 -18 -19 20 0
uf20-071 38075 1 -2 3 4 -5 6 -7 -8 9 -10 11 -12 13 14 -15 -16 -17 -18 -19 20 0
uf20-071 38075 1 -2 3 4 -5 6 -7 -8 9 -10 11 -12 13 14 -15 -16 -17 -18 -19 20 0
uf20-071 38075 1 -2 3 4 -5 6 -7 -8 9 -10 11 -12 -13 14 -15 -16 17 -18 -19 20 0
uf20-071 38075 1 -2 3 4 -5 6 -7 -8 9 -10 11 -12 -13 14 -15 -16 17 -18 -19 20 0
uf20-071 38075 1 -2 3 4 -5 6 -7 -8 9 -10 11 -12 13 14 -15 -16 -17 -18 -19 20 0
uf20-071 35767 1 -2 3 4 -5 6 -7 -8 9 -10 11 -12 -13 14 -15 -16 -17 -18 -19 20 0
uf20-071 38075 1 -2 3 4 -5 6 -7 -8 9 -10 11 -12 -13 14 -15 -16 17 -18 -19 20 0
uf20-071 25961 1 2 -3 4 5 6 -7 -8 -9 -10 11 -12 13 -14 15 -16 -17 -18 -19 20 0
uf20-071 36921 1 -2 3 4 -5 -6 -7 -8 9 -10 11 -12 13 14 -15 -16 -17 -18 19 20 0
uf20-071 25961 1 2 -3 4 5 6 -7 -8 -9 -10 11 -12 13 -14 15 -16 -17 -18 -19 20 0
uf20-071 38075 1 -2 3 4 -5 6 -7 -8 9 -10 11 -12 13 14 -15 -16 -17 -18 -19 20 0
uf20-071 38075 1 -2 3 4 -5 6 -7 -8 9 -10 11 -12 13 14 -15 -16 -17 -18 -19 20 0
uf20-071 36921 1 -2 3 4 -5 -6 -7 -8 9 -10 11 -12 13 14 -15 -16 -17 -18 19 20 0
uf20-071 38075 1 -2 3 4 -5 6 -7 -8 9 -10 11 -12 -13 14 -15 -16 17 -18 -19 20 0
uf20-071 38075 1 -2 3 4 -5 6 -7 -8 9 -10 11 -12 13 14 -15 -16 -17 -18 -19 20 0
uf20-071 38075 1 -2 3 4 -5 6 -7 -8 9 -10 11 -12 -13 14 -15 -16 17 -18 -19 20 0
uf20-071 38075 1 -2 3 4 -5 6 -7 -8 9 -10 11 -12 -13 14 -15 -16 17 -18 -19 20 0
uf20-071 36921 1 -2 3 4 -5 -6 -7 -8 9 -10 11 -12 13 14 -15 -16 -17 -18 19 20 0
uf20-071 38075 1 -2 3 4 -5 6 -7 -8 9 -10 11 -12 13 14 -15 -16 -17 -18 -19 20 0
uf20-071 38075 1 -2 3 4 -5 6 -7 -8 9 -10 11 -12 13 14 -15 -16 -17 -18 -19 20 0
uf20-071 36921 1 -2 3 4 -5 -6 -7 -8 9 -10 11 -12 13 14 -15 -16 -17 -18 19 20 0
uf20-071 38075 1 -2 3 4 -5 6 -7 -8 9 -10 11 -12 -13 14 -15 -16 17 -18 -19 20 0
uf20-071 38075 1 -2 3 4 -5 6 -7 -8 9 -10 11 -12 -13 14 -15 -16 17 -18 -19 20 0
uf20-071 38075 1 -2 3 4 -5 6 -7 -8 9 -10 11 -12 13 14 -15 -16 -17 -18 -19 20 0
uf20-071 38075 1 -2 3 4 -5 6 -7 -8 9 -10 11 -12 13 14 -15 -16 -17 -18 -19 20 0
uf20-071 38075 1 -2 3 4 -5 6 -7 -8 9 -10 11 -12 13 14 -15 -16 -17 -18 -19 20 0
uf20-071 38075 1 -2 3 4 -5 6 -7 -8 9 -10 11 -12 13 14 -15 -16 -17 -18 -19 20 0
uf20-071 36921 1 -2 3 4 -5 -6 -7 -8 9 -10 11 -12 13 14 -15 -16 -17 -18 19 20 0
uf20-071 38075 1 -2 3 4 -5 6 -7 -8 9 -10 11 -12 -13 14 -15 -16 17 -18 -19 20 0
uf20-071 90 0
uf20-071 35767 1 -2 3 4 -5 6 -7 -8 9 -10 11 -12 -13 14 -15 -16 -17 -18 -19 20 0
uf20-071 25961 1 2 -3 4 5 6 -7 -8 -9 -10 11 -12 13 -14 15 -16 -17 -18 -19 20 0
uf20-071 38075 1 -2 3 4 -5 6 -7 -8 9 -10 11 -12 13 14 -15 -16 -17 -18 -19 20 0
uf20-071 35767 1 -2 3 4 -5 6 -7 -8 9 -10 11 -12 -13 14 -15 -16 -17 -18 -19 20 0
uf20-071 38075 1 -2 3 4 -5 6 -7 -8 9 -10 11 -12 13 14 -15 -16 -17 -18 -19 20 0
uf20-0742 56759 1 2 3 4 5 -6 7 8 9 -10 11 -12 -13 14 15 16 17 18 19 20 0
uf20-0742 56759 1 2 3 4 5 -6 7 8 9 -10 11 -12 -13 14 15 16 17 18 19 20 0
uf20-0742 56759 1 2 3 4 5 -6 7 8 9 -10 11 -12 -13 14 15 16 17 18 19 20 0
uf20-0742 56759 1 2 3 4 5 -6 7 8 9 -10 11 -12 -13 14 15 16 17 18 19 20 0
uf20-0742 56759 1 2 3 4 5 -6 7 8 9 -10 11 -12 -13 14 15 16 17 18 19 20 0
uf20-0742 56759 1 2 3 4 5 -6 7 8 9 -10 11 -12 -13 14 15 16 17 18 19 20 0
uf20-0742 56759 1 2 3 4 5 -6 7 8 9 -10 11 -12 -13 14 15 16 17 18 19 20 0
uf20-0742 56759 1 2 3 4 5 -6 7 8 9 -10 11 -12 -13 14 15 16 17 18 19 20 0
uf20-0742 56759 1 2 3 4 5 -6 7 8 9 -10 11 -12 -13 14 15 16 17 18 19 20 0
uf20-0742 56759 1 2 3 4 5 -6 7 8 9 -10 11 -12 -13 14 15 16 17 18 19 20 0
uf20-0742 56759 1 2 3 4 5 -6 7 8 9 -10 11 -12 -13 14 15 16 17 18 19 20 0
uf20-0742 56759 1 2 3 4 5 -6 7 8 9 -10 11 -12 -13 14 15 16 17 18 19 20 0
uf20-0742 56759 1 2 3 4 5 -6 7 8 9 -10 11 -12 -13 14 15 16 17 18 19 20 0
uf20-0742 56759 1 2 3 4 5 -6 7 8 9 -10 11 -12 -13 14 15 16 17 18 19 20 0
uf20-0742 56759 1 2 3 4 5 -6 7 8 9 -10 11 -12 -13 14 15 16 17 18 19 20 0
uf20-0742 56759 1 2 3 4 5 -6 7 8 9 -10 11 -12 -13 14 15 16 17 18 19 20 0
uf20-0742 56759 1 2 3 4 5 -6 7 8 9 -10 11 -12 -13 14 15 16 17 18 19 20 0
uf20-0742 56759 1 2 3 4 5 -6 7 8 9 -10 11 -12 -13 14 15 16 17 18 19 20 0
uf20-0742 56759 1 2 3 4 5 -6 7 8 9 -10 11 -12 -13 14 15 16 17 18 19 20 0
uf20-0742 56759 1 2 3 4 5 -6 7 8 9 -10 11 -12 -13 14 15 16 17 18 19 20 0
uf20-0742 56759 1 2 3 4 5 -6 7 8 9 -10 11 -12 -13 14 15 16 17 18 19 20 0
uf20-0742 56759 1 2 3 4 5 -6 7 8 9 -10 11 -12 -13 14 15 16 17 18 19 20 0
uf20-0742 56759 1 2 3 4 5 -6 7 8 9 -10 11 -12 -13 14 15 16 17 18 19 20 0
uf20-0742 56759 1 2 3 4 5 -6 7 8 9 -10 11 -12 -13 14 15 16 17 18 19 20 0
uf20-0742 56759 1 2 3 4 5 -6 7 8 9 -10 11 -12 -13 14 15 16 17 18 19 20 0
uf20-0742 56759 1 2 3 4 5 -6 7 8 9 -10 11 -12 -13 14 15 16 17 18 19 20 0
uf20-0742 56759 1 2 3 4 5 -6 7 8 9 -10 11 -12 -13 14 15 16 17 18 19 20 0
uf20-0742 56759 1 2 3 4 5 -6 7 8 9 -10 11 -12 -13 14 15 16 17 18 19 20 0
uf20-0742 56759 1 2 3 4 5 -6 7 8 9 -10 11 -12 -13 14 15 16 17 18 19 20 0
uf20-0742 56759 1 2 3 4 5 -6 7 8 9 -10 11 -12 -13 14 15 16 17 18 19 20 0
uf20-0742 56759 1 2 3 4 5 -6 7 8 9 -10 11 -12 -13 14 15 16 17 18 19 20 0
uf20-0742 56759 1 2 3 4 5 -6 7 8 9 -10 11 -12 -13 14 15 16 17 18 19 20 0
uf20-0742 56759 1 2 3 4 5 -6 7 8 9 -10 11 -12 -13 14 15 16 17 18 19 20 0
uf20-0742 56759 1 2 3 4 5 -6 7 8 9 -10 11 -12 -13 14 15 16 17 18 19 20 0
uf20-0742 56759 1 2 3 4 5 -6 7 8 9 -10 11 -12 -13 14 15 16 17 18 19 20 0
uf20-0742 56759 1 2 3 4 5 -6 7 8 9 -10 11 -12 -13 14 15 16 17 18 19 20 0
uf20-0742 56759 1 2 3 4 5 -6 7 8 9 -10 11 -12 -13 14 15 16 17 18 19 20 0
uf20-0742 56759 1 2 3 4 5 -6 7 8 9 -10 11 -12 -13 14 15 16 17 18 19 20 0
uf20-0742 56759 1 2 3 4 5 -6 7 8 9 -10 11 -12 -13 14 15 16 17 18 19 20 0
uf20-0742 56759 1 2 3 4 5 -6 7 8 9 -10 11 -12 -13 14 15 16 17 18 19 20 0
uf20-0742 56759 1 2 3 4 5 -6 7 8 9 -10 11 -12 -13 14 15 16 17 18 19 20 0
uf20-0742 56759 1 2 3 4 5 -6 7 8 9 -10 11 -12 -13 14 15 16 17 18 19 20 0
uf20-0742 56759 1 2 3 4 5 -6 7 8 9 -10 11 -12 -13 14 15 16 17 18 19 20 0
uf20-0742 56759 1 2 3 4 5 -6 7 8 9 -10 11 -12 -13 14 15 16 17 18 19 20 0
uf20-0742 56759 1 2 3 4 5 -6 7 8 9 -10 11 -12 -13 14 15 16 17 18 19 20 0
uf20-0742 56759 1 2 3 4 5 -6 7 8 9 -10 11 -12 -13 14 15 16 17 18 19 20 0
uf20-0742 56759 1 2 3 4 5 -6 7 8 9 -10 11 -12 -13 14 15 16 17 18 19 20 0
uf20-0742 56759 1 2 3 4 5 -6 7 8 9 -10 11 -12 -13 14 15 16 17 18 19 20 0
uf20-0742 56759 1 2 3 4 5 -6 7 8 9 -10 11 -12 -13 14 15 16 17 18 19 20 0
uf20-0742 56759 1 2 3 4 5 -6 7 8 9 -10 11 -12 -13 14 15 16 17 18 19 20 0
uf20-0351 64900 1 2 3 4 5 -6 7 8 9 -10 -11 12 13 -14 15 16 -17 18 19 -20 0
uf20-0351 64900 1 2 3 4 5 -6 7 8 9 -10 -11 12 13 -14 15 16 -17 18 19 -20 0
uf20-0351 64900 1 2 3 4 5 -6 7 8 9 -10 -11 12 13 -14 15 16 -17 18 19 -20 0
uf20-0351 64900 1 2 3 4 5 -6 7 8 9 -10 -11 12 13 -14 15 16 -17 18 19 -20 0
uf20-0351 64900 1 2 3 4 5 -6 7 8 9 -10 -11 12 13 -14 15 16 -17 18 19 -20 0
uf20-0351 64900 1 2 3 4 5 -6 7 8 9 -10 -11 12 13 -14 15 16 -17 18 19 -20 0
uf20-0351 64900 1 2 3 4 5 -6 7 8 9 -10 -11 12 13 -14 15 16 -17 18 19 -20 0
uf20-0351 64900 1 2 3 4 5 -6 7 8 9 -10 -11 12 13 -14 15 16 -17 18 19 -20 0
uf20-0351 64900 1 2 3 4 5 -6 7 8 9 -10 -11 12 13 -14 15 16 -17 18 19 -20 0
uf20-0351 64900 1 2 3 4 5 -6 7 8 9 -10 -11 12 13 -14 15 16 -17 18 19 -20 0
uf20-0351 64900 1 2 3 4 5 -6 7 8 9 -10 -11 12 13 -14 15 16 -17 18 19 -20 0
uf20-0351 64900 1 2 3 4 5 -6 7 8 9 -10 -11 12 13 -14 15 16 -17 18 19 -20 0
uf20-0351 64900 1 2 3 4 5 -6 7 8 9 -10 -11 12 13 -14 15 16 -17 18 19 -20 0
uf20-0351 63169 1 2 -3 4 5 -6 7 8 9 -10 -11 12 13 -14 15 16 -17 18 19 -20 0
uf20-0351 64900 1 2 3 4 5 -6 7 8 9 -10 -11 12 13 -14 15 16 -17 18 19 -20 0
uf20-0351 64900 1 2 3 4 5 -6 7 8 9 -10 -11 12 13 -14 15 16 -17 18 19 -20 0
uf20-0351 64900 1 2 3 4 5 -6 7 8 9 -10 -11 12 13 -14 15 16 -17 18 19 -20 0
uf20-0351 64900 1 2 3 4 5 -6 7 8 9 -10 -11 12 13 -14 15 16 -17 18 19 -20 0
uf20-0351 64900 1 2 3 4 5 -6 7 8 9 -10 -11 12 13 -14 15 16 -17 18 19 -20 0
uf20-0351 64900 1 2 3 4 5 -6 7 8 9 -10 -11 12 13 -14 15 16 -17 18 19 -20 0
uf20-0351 64900 1 2 3 4 5 -6 7 8 9 -10 -11 12 13 -14 15 16 -17 18 19 -20 0
uf20-0351 64900 1 2 3 4 5 -6 7 8 9 -10 -11 12 13 -14 15 16 -17 18 19 -20 0
uf20-0351 64900 1 2 3 4 5 -6 7 8 9 -10 -11 12 13 -14 15 16 -17 18 19 -20 0
uf20-0351 90 0
uf20-0351 64900 1 2 3 4 5 -6 7 8 9 -10 -11 12 13 -14 15 16 -17 18 19 -20 0
uf20-0351 64900 1 2 3 4 5 -6 7 8 9 -10 -11 12 13 -14 15 16 -17 18 19 -20 0
uf20-0351 90 0
uf20-0351 64900 1 2 3 4 5 -6 7 8 9 -10 -11 12 13 -14 15 16 -17 18 19 -20 0
uf20-0351 64900 1 2 3 4 5 -6 7 8 9 -10 -11 12 13 -14 15 16 -17 18 19 -20 0
uf20-0351 64900 1 2 3 4 5 -6 7 8 9 -10 -11 12 13 -14 15 16 -17 18 19 -20 0
uf20-0351 64900 1 2 3 4 5 -6 7 8 9 -10 -11 12 13 -14 15 16 -17 18 19 -20 0
uf20-0351 64900 1 2 3 4 5 -6 7 8 9 -10 -11 12 13 -14 15 16 -17 18 19 -20 0
uf20-0351 64900 1 2 3 4 5 -6 7 8 9 -10 -11 12 13 -14 15 16 -17 18 19 -20 0
uf20-0351 63169 1 2 -3 4 5 -6 7 8 9 -10 -11 12 13 -14 15 16 -17 18 19 -20 0
uf20-0351 64900 1 2 3 4 5 -6 7 8 9 -10 -11 12 13 -14 15 16 -17 18 19 -20 0
uf20-0351 64900 1 2 3 4 5 -6 7 8 9 -10 -11 12 13 -14 15 16 -17 18 19 -20 0
uf20-0351 64900 1 2 3 4 5 -6 7 8 9 -10 -11 12 13 -14 15 16 -17 18 19 -20 0
uf20-0351 64900 1 2 3 4 5 -6 7 8 9 -10 -11 12 13 -14 15 16 -17 18 19 -20 0
uf20-0351 64900 1 2 3 4 5 -6 7 8 9 -10 -11 12 13 -14 15 16 -17 18 19 -20 0
uf20-0351 64900 1 2 3 4 5 -6 7 8 9 -10 -11 12 13 -14 15 16 -17 18 19 -20 0
uf20-0351 63169 1 2 -3 4 5 -6 7 8 9 -10 -11 12 13 -14 15 16 -17 18 19 -20 0
uf20-0351 64900 1 2 3 4 5 -6 7 8 9 -10 -11 12 13 -14 15 16 -17 18 19 -20 0
uf20-0351 63169 1 2 -3 4 5 -6 7 8 9 -10 -11 12 13 -14 15 16 -17 18 19 -20 0
uf20-0351 90 0
uf20-0351 64900 1 2 3 4 5 -6 7 8 9 -10 -11 12 13 -14 15 16 -17 18 19 -20 0
uf20-0351 90 0
uf20-0351 64900 1 2 3 4 5 -6 7 8 9 -10 -11 12 13 -14 15 16 -17 18 19 -20 0
uf20-0351 63169 1 2 -3 4 5 -6 7 8 9 -10 -11 12 13 -14 15 16 -17 18 19 -20 0
uf20-0351 64900 1 2 3 4 5 -6 7 8 9 -10 -11 12 13 -14 15 16 -17 18 19 -20 0
uf20-0351 64900 1 2 3 4 5 -6 7 8 9 -10 -11 12 13 -14 15 16 -17 18 19 -20 0
uf20-0817 31143 1 -2 -3 4 -5 6 7 8 -9 10 11 12 -13 -14 -15 -16 -17 18 -19 20 0
uf20-0817 31143 1 -2 -3 4 -5 6 7 8 -9 10 11 12 -13 -14 -15 -16 -17 18 -19 20 0
uf20-0817 31143 1 -2 -3 4 -5 6 7 8 -9 -10 11 12 -13 -14 -15 16 -17 18 -19 20 0
uf20-0817 31638 1 -2 -3 4 -5 -6 7 8 -9 -10 11 12 13 -14 -15 16 17 18 -19 20 0
uf20-0817 32129 1 -2 3 -4 -5 6 -7 8 9 10 11 -12 13 14 15 -16 -17 -18 -19 20 0
uf20-0817 31638 1 -2 -3 4 -5 -6 7 8 -9 -10 11 12 13 -14 -15 16 17 18 -19 20 0
uf20-0817 31638 1 -2 -3 4 -5 -6 7 8 -9 -10 11 12 13 -14 -15 16 17 18 -19 20 0
uf20-0817 90 0
uf20-0817 31638 1 -2 -3 4 -5 -6 7 8 -9 -10 11 12 13 -14 -15 16 17 18 -19 20 0
uf20-0817 31638 1 -2 -3 4 -5 -6 7 8 -9 -10 11 12 13 -14 -15 16 17 18 -19 20 0
uf20-0817 31143 1 -2 -3 4 -5 6 7 8 -9 -10 11 12 -13 -14 -15 16 -17 18 -19 20 0
uf20-0817 32129 1 -2 3 -4 -5 6 -7 8 9 10 11 -12 13 14 15 -16 -17 -18 -19 20 0
uf20-0817 32129 1 -2 3 -4 -5 6 -7 8 9 10 11 -12 13 14 15 -16 -17 -18 -19 20 0
uf20-0817 32129 1 -2 3 -4 -5 6 -7 8 9 10 11 -12 13 14 15 -16 -17 -18 -19 20 0
uf20-0817 31143 1 -2 -3 4 -5 6 7 8 -9 10 11 12 -13 -14 -15 -16 -17 18 -19 20 0
uf20-0817 31638 1 -2 -3 4 -5 -6 7 8 -9 -10 11 12 13 -14 -15 16 17 18 -19 20 0
uf20-0817 31143 1 -2 -3 4 -5 6 7 8 -9 -10 11 12 -13 -14 -15 16 -17 18 -19 20 0
uf20-0817 32129 1 -2 3 -4 -5 6 -7 8 9 10 11 -12 13 14 15 -16 -17 -18 -19 20 0
uf20-0817 31143 1 -2 -3 4 -5 6 7 8 -9 -10 11 12 -13 -14 -15 16 -17 18 -19 20 0
uf20-0817 31143 1 -2 -3 4 -5 6 7 8 -9 -10 11 12 -13 -14 -15 16 -17 18 -19 20 0
uf20-0817 31638 1 -2 -3 4 -5 -6 7 8 -9 -10 11 12 13 -14 -15 16 17 18 -19 20 0
uf20-0817 31638 1 -2 -3 4 -5 -6 7 8 -9 -10 11 12 13 -14 -15 16 17 18 -19 20 0
uf20-0817 31638 1 -2 -3 4 -5 -6 7 8 -9 -10 11 12 13 -14 -15 16 17 18 -19 20 0
uf20-0817 31638 1 -2 -3 4 -5 -6 7 8 -9 -10 11 12 13 -14 -15 16 17 18 -19 20 0
uf20-0817 31638 1 -2 -3 4 -5 -6 7 8 -9 -10 11 12 13 -14 -15 16 17 18 -19 20 0
uf20-0817 32129 1 -2 3 -4 -5 6 -7 8 9 10 11 -12 13 14 15 -16 -17 -18 -19 20 0
uf20-0817 31143 1 -2 -3 4 -5 6 7 8 -9 10 11 12 -13 -14 -15 -16 -17 18 -19 20 0
uf20-0817 31638 1 -2 -3 4 -5 -6 7 8 -9 -10 11 12 13 -14 -15 16 17 18 -19 20 0
uf20-0817 31143 1 -2 -3 4 -5 6 7 8 -9 10 11 12 -13 -14 -15 -16 -17 18 -19 20 0
uf20-0817 31143 1 -2 -3 4 -5 6 7 8 -9 -10 11 12 -13 -14 -15 16 -17 18 -19 20 0
uf20-0817 31638 1 -2 -3 4 -5 -6 7 8 -9 -10 11 12 13 -14 -15 16 17 18 -19 20 0
uf20-0817 31638 1 -2 -3 4 -5 -6 7 8 -9 -10 11 12 13 -14 -15 16 17 18 -19 20 0
uf20-0817 32129 1 -2 3 -4 -5 6 -7 8 9 10 11 -12 13 14 15 -16 -17 -18 -19 20 0
uf20-0817 30646 1 -2 3 -4 -5 6 -7 8 9 -10 11 -12 13 14 15 -16 -17 -18 -19 20 0
uf20-0817 90 0
uf20-0817 31638 1 -2 -3 4 -5 -6 7 8 -9 -10 11 12 13 -14 -15 16 17 18 -19 20 0
uf20-0817 31638 1 -2 -3 4 -5 -6 7 8 -9 -10 11 12 13 -14 -15 16 17 18 -19 20 0
uf20-0817 32129 1 -2 3 -4 -5 6 -7 8 9 10 11 -12 13 14 15 -16 -17 -18 -19 20 0
uf20-0817 32129 1 -2 3 -4 -5 6 -7 8 9 10 11 -12 13 14 15 -16 -17 -18 -19 20 0
uf20-0817 31638 1 -2 -3 4 -5 -6 7 8 -9 -10 11 12 13 -14 -15 16 17 18 -19 20 0
uf20-0817 31638 1 -2 -3 4 -5 -6 7 8 -9 -10 11 12 13 -14 -15 16 17 18 -19 20 0
uf20-0817 31638 1 -2 -3 4 -5 -6 7 8 -9 -10 11 12 13 -14 -15 16 17 18 -19 20 0
uf20-0817 32129 1 -2 3 -4 -5 6 -7 8 9 10 11 -12 13 14 15 -16 -17 -18 -19 20 0
uf20-0817 31638 1 -2 -3 4 -5 -6 7 8 -9 -10 11 12 13 -14 -15 16 17 18 -19 20 0
uf20-0817 31143 1 -2 -3 4 -5 6 7 8 -9 10 11 12 -13 -14 -15 -16 -17 18 -19 20 0
uf20-0817 32129 1 -2 3 -4 -5 6 -7 8 9 10 11 -12 13 14 15 -16 -17 -18 -19 20 0
uf20-0817 31638 1 -2 -3 4 -5 -6 7 8 -9 -10 11 12 13 -14 -15 16 17 18 -19 20 0
uf20-0817 31143 1 -2 -3 4 -5 6 7 8 -9 10 11 12 -13 -14 -15 -16 -17 18 -19 20 0
uf20-0817 31638 1 -2 -3 4 -5 -6 7 8 -9 -10 11 12 13 -14 -15 16 17 18 -19 20 0
uf20-0817 32129 1 -2 3 -4 -5 6 -7 8 9 10 11 -12 13 14 15 -16 -17 -18 -19 20 0
uf20-0433 42451 -1 2 3 4 5 -6 -7 -8 9 10 -11 -12 13 -14 15 -16 17 18 -19 -20 0
uf20-0433 44589 -1 2 3 4 5 -6 -7 8 9 10 -11 -12 13 -14 15 -16 17 18 -19 -20 0
uf20-0433 41535 -1 -2 3 4 5 -6 -7 8 9 10 -11 -12 13 -14 15 -16 17 18 -19 -20 0
uf20-0433 37566 1 2 3 4 5 -6 -7 -8 9 10 11 -12 13 -14 -15 -16 17 -18 -19 -20 0
uf20-0433 90 0
uf20-0433 44589 -1 2 3 4 5 -6 -7 8 9 10 -11 -12 13 -14 15 -16 17 18 -19 -20 0
uf20-0433 44589 -1 2 3 4 5 -6 -7 8 9 10 -11 -12 13 -14 15 -16 17 18 -19 -20 0
uf20-0433 34511 -1 2 -3 4 5 -6 -7 -8 9 10 -11 -12 13 -14 15 -16 -17 18 -19 -20 0
uf20-0433 42146 -1 2 3 4 5 -6 -7 8 9 10 -11 -12 13 -14 15 -16 17 -18 -19 -20 0
uf20-0433 44589 -1 2 3 4 5 -6 -7 8 9 10 -11 -12 13 -14 15 -16 17 18 -19 -20 0
uf20-0433 37566 1 2 3 4 5 -6 -7 -8 9 10 11 -12 13 -14 -15 -16 17 -18 -19 -20 0
uf20-0433 40008 -1 2 3 4 5 -6 -7 -8 9 10 -11 -12 13 -14 15 -16 17 -18 -19 -20 0
uf20-0433 41535 -1 -2 3 4 5 -6 -7 8 9 10 -11 -12 13 -14 15 -16 17 18 -19 -20 0
uf20-0433 90 0
uf20-0433 39397 -1 -2 3 4 5 -6 -7 -8 9 10 -11 -12 13 -14 15 -16 17 18 -19 -20 0
uf20-0433 44589 -1 2 3 4 5 -6 -7 8 9 10 -11 -12 13 -14 15 -16 17 18 -19 -20 0
uf20-0433 90 0
uf20-0433 39398 -1 2 3 4 5 -6 -7 8 9 10 11 -12 13 -14 -15 -16 17 -18 -19 -20 0
uf20-0433 90 0
uf20-0433 90 0
uf20-0433 34511 -1 2 -3 4 5 -6 -7 -8 9 10 -11 -12 13 -14 15 -16 -17 18 -19 -20 0
uf20-0433 42451 -1 2 3 4 5 -6 -7 -8 9 10 -11 -12 13 -14 15 -16 17 18 -19 -20 0
uf20-0433 34511 -1 2 -3 4 5 -6 -7 -8 9 10 -11 -12 13 -14 15 -16 -17 18 -19 -20 0
uf20-0433 41535 -1 -2 3 4 5 -6 -7 8 9 10 -11 -12 13 -14 15 -16 17 18 -19 -20 0
uf20-0433 44589 -1 2 3 4 5 -6 -7 8 9 10 -11 -12 13 -14 15 -16 17 18 -19 -20 0
uf20-0433 90 0
uf20-0433 37566 1 2 3 4 5 -6 -7 -8 9 10 11 -12 13 -14 -15 -16 17 -18 -19 -20 0
uf20-0433 44589 -1 2 3 4 5 -6 -7 8 9 10 -11 -12 13 -14 15 -16 17 18 -19 -20 0
uf20-0433 44589 -1 2 3 4 5 -6 -7 8 9 10 -11 -12 13 -14 15 -16 17 18 -19 -20 0
uf20-0433 44589 -1 2 3 4 5 -6 -7 8 9 10 -11 -12 13 -14 15 -16 17 18 -19 -20 0
uf20-0433 44589 -1 2 3 4 5 -6 -7 8 9 10 -11 -12 13 -14 15 -16 17 18 -19 -20 0
uf20-0433 44589 -1 2 3 4 5 -6 -7 8 9 10 -11 -12 13 -14 15 -16 17 18 -19 -20 0
uf20-0433 44589 -1 2 3 4 5 -6 -7 8 9 10 -11 -12 13 -14 15 -16 17 18 -19 -20 0
uf20-0433 90 0
uf20-0433 44589 -1 2 3 4 5 -6 -7 8 9 10 -11 -12 13 -14 15 -16 17 18 -19 -20 0
uf20-0433 90 0
uf20-0433 44589 -1 2 3 4 5 -6 -7 8 9 10 -11 -12 13 -14 15 -16 17 18 -19 -20 0
uf20-0433 39398 -1 2 3 4 5 -6 -7 8 9 10 11 -12 13 -14 -15 -16 17 -18 -19 -20 0
uf20-0433 39398 -1 2 3 4 5 -6 -7 8 9 10 11 -12 13 -14 -15 -16 17 -18 -19 -20 0
uf20-0433 37566 1 2 3 4 5 -6 -7 -8 9 10 11 -12 13 -14 -15 -16 17 -18 -19 -20 0
uf20-0433 44589 -1 2 3 4 5 -6 -7 8 9 10 -11 -12 13 -14 15 -16 17 18 -19 -20 0
uf20-0433 41535 -1 -2 3 4 5 -6 -7 8 9 10 -11 -12 13 -14 15 -16 17 18 -19 -20 0
uf20-0433 44589 -1 2 3 4 5 -6 -7 8 9 10 -11 -12 13 -14 15 -16 17 18 -19 -20 0
uf20-0433 39398 -1 2 3 4 5 -6 -7 8 9 10 11 -12 13 -14 -15 -16 17 -18 -19 -20 0
uf20-0433 90 0
uf20-0433 41535 -1 -2 3 4 5 -6 -7 8 9 10 -11 -12 13 -14 15 -16 17 18 -19 -20 0
uf20-0433 44589 -1 2 3 4 5 -6 -7 8 9 10 -11 -12 13 -14 15 -16 17 18 -19 -20 0
uf20-0433 41535 -1 -2 3 4 5 -6 -7 8 9 10 -11 -12 13 -14 15 -16 17 18 -19 -20 0
uf20-0433 90 0
uf20-0433 36954 -1 -2 3 4 5 -6 -7 -8 9 10 -11 -12 13 -14 15 -16 17 -18 -19 -20 0
