uf50-0102 124959 1 -2 3 4 -5 6 7 -8 -9 10 11 12 -13 -14 15 -16 17 -18 19 -20 21 -22 23 -24 25 26 -27 -28 29 -30 -31 -32 -33 34 35 36 -37 38 39 40 41 42 43 -44 45 46 47 -48 -49 50 0
uf50-0102 124959 1 -2 3 4 -5 6 7 -8 -9 10 11 12 -13 -14 15 -16 17 -18 19 -20 21 -22 23 -24 25 26 -27 -28 29 -30 -31 -32 -33 34 35 36 -37 38 39 40 41 42 43 -44 45 46 47 -48 -49 50 0
uf50-0102 122989 1 -2 3 4 -5 6 7 -8 -9 10 11 12 -13 -14 15 -16 17 -18 -19 -20 21 -22 23 -24 25 26 -27 -28 29 -30 31 -32 -33 34 35 36 -37 38 -39 40 -41 42 43 -44 45 46 47 -48 -49 50 0
uf50-0102 119149 1 -2 3 4 -5 6 7 -8 -9 10 11 12 -13 -14 15 -16 17 -18 -19 -20 21 -22 -23 -24 25 26 -27 -28 29 -30 31 -32 -33 34 35 36 -37 38 -39 40 -41 42 43 -44 45 46 47 -48 -49 50 0
uf50-0102 112650 1 2 3 -4 -5 6 7 -8 -9 10 11 12 -13 -14 15 -16 17 -18 -19 -20 21 -22 -23 -24 25 26 -27 -28 29 -30 31 -32 -33 -34 35 36 -37 38 -39 40 -41 42 43 -44 45 46 47 -48 -49 50 0
uf50-0102 124959 1 -2 3 4 -5 6 7 -8 -9 10 11 12 -13 -14 15 -16 17 -18 19 -20 21 -22 23 -24 25 26 -27 -28 29 -30 -31 -32 -33 34 35 36 -37 38 39 40 41 42 43 -44 45 46 47 -48 -49 50 0
uf50-0102 123974 1 -2 3 4 -5 6 7 -8 -9 10 11 12 -13 -14 15 -16 17 -18 -19 -20 21 -22 23 -24 25 26 -27 -28 29 -30 -31 -32 -33 34 35 36 -37 38 39 40 41 42 43 -44 45 46 47 -48 -49 50 0
uf50-0102 124959 1 -2 3 4 -5 6 7 -8 -9 10 11 12 -13 -14 15 -16 17 -18 19 -20 21 -22 23 -24 25 26 -27 -28 29 -30 -31 -32 -33 34 35 36 -37 38 39 40 41 42 43 -44 45 46 47 -48 -49 50 0
uf50-0102 117475 1 -2 3 4 5 6 7 8 -9 10 11 -12 -13 -14 15 -16 17 -18 -19 -20 21 -22 23 -24 25 -26 -27 -28 29 -30 31 -32 -33 34 35 36 -37 38 -39 40 -41 42 43 -44 45 46 47 -48 -49 50 0
uf50-0102 124959 1 -2 3 4 -5 6 7 -8 -9 10 11 12 -13 -14 15 -16 17 -18 19 -20 21 -22 23 -24 25 26 -27 -28 29 -30 -31 -32 -33 34 35 36 -37 38 39 40 41 42 43 -44 45 46 47 -48 -49 50 0
uf50-0102 124959 1 -2 3 4 -5 6 7 -8 -9 10 11 12 -13 -14 15 -16 17 -18 19 -20 21 -22 23 -24 25 26 -27 -28 29 -30 -31 -32 -33 34 35 36 -37 38 39 40 41 42 43 -44 45 46 47 -48 -49 50 0
uf50-0102 124959 1 -2 3 4 -5 6 7 -8 -9 10 11 12 -13 -14 15 -16 17 -18 19 -20 21 -22 23 -24 25 26 -27 -28 29 -30 -31 -32 -33 34 35 36 -37 38 39 40 41 42 43 -44 45 46 47 -48 -49 50 0
uf50-0102 124959 1 -2 3 4 -5 6 7 -8 -9 10 11 12 -13 -14 15 -16 17 -18 19 -20 21 -22 23 -24 25 26 -27 -28 29 -30 -31 -32 -33 34 35 36 -37 38 39 40 41 42 43 -44 45 46 47 -48 -49 50 0
uf50-0102 122989 1 -2 3 4 -5 6 7 -8 -9 10 11 12 -13 -14 15 -16 17 -18 -19 -20 21 -22 23 -24 25 26 -27 -28 29 -30 31 -32 -33 34 35 36 -37 38 -39 40 -41 42 43 -44 45 46 47 -48 -49 50 0
uf50-0102 124959 1 -2 3 4 -5 6 7 -8 -9 10 11 12 -13 -14 15 -16 17 -18 19 -20 21 -22 23 -24 25 26 -27 -28 29 -30 -31 -32 -33 34 35 36 -37 38 39 40 41 42 43 -44 45 46 47 -48 -49 50 0
uf50-0102 124959 1 -2 3 4 -5 6 7 -8 -9 10 11 12 -13 -14 15 -16 17 -18 19 -20 21 -22 23 -24 25 26 -27 -28 29 -30 -31 -32 -33 34 35 36 -37 38 39 40 41 42 43 -44 45 46 47 -48 -49 50 0
uf50-0102 122300 1 -2 3 -4 -5 6 7 -8 -9 10 11 12 -13 -14 15 -16 17 -18 19 -20 21 -22 23 -24 25 26 -27 -28 29 -30 -31 -32 -33 34 35 36 -37 38 39 40 41 42 43 -44 45 46 47 -48 -49 50 0
uf50-0102 122989 1 -2 3 4 -5 6 7 -8 -9 10 11 12 -13 -14 15 -16 17 -18 -19 -20 21 -22 23 -24 25 26 -27 -28 29 -30 31 -32 -33 34 35 36 -37 38 -39 40 -41 42 43 -44 45 46 47 -48 -49 50 0
uf50-0102 115112 1 -2 3 4 -5 6 7 -8 -9 10 11 12 -13 -14 15 -16 17 -18 -19 -20 21 -22 -23 -24 25 26 -27 -28 29 -30 31 -32 -33 34 35 36 -37 38 -39 40 -41 -42 43 -44 45 46 47 -48 -49 50 0
uf50-0102 124959 1 -2 3 4 -5 6 7 -8 -9 10 11 12 -13 -14 15 -16 17 -18 19 -20 21 -22 23 -24 25 26 -27 -28 29 -30 -31 -32 -33 34 35 36 -37 38 39 40 41 42 43 -44 45 46 47 -48 -49 50 0
uf50-0102 122989 1 -2 3 4 -5 6 7 -8 -9 10 11 12 -13 -14 15 -16 17 -18 -19 -20 21 -22 23 -24 25 26 -27 -28 29 -30 31 -32 -33 34 35 36 -37 38 -39 40 -41 42 43 -44 45 46 47 -48 -49 50 0
uf50-0102 124959 1 -2 3 4 -5 6 7 -8 -9 10 11 12 -13 -14 15 -16 17 -18 19 -20 21 -22 23 -24 25 26 -27 -28 29 -30 -31 -32 -33 34 35 36 -37 38 39 40 41 42 43 -44 45 46 47 -48 -49 50 0
uf50-0102 124959 1 -2 3 4 -5 6 7 -8 -9 10 11 12 -13 -14 15 -16 17 -18 19 -20 21 -22 23 -24 25 26 -27 -28 29 -30 -31 -32 -33 34 35 36 -37 38 39 40 41 42 43 -44 45 46 47 -48 -49 50 0
uf50-0102 124959 1 -2 3 4 -5 6 7 -8 -9 10 11 12 -13 -14 15 -16 17 -18 19 -20 21 -22 23 -24 25 26 -27 -28 29 -30 -31 -32 -33 34 35 36 -37 38 39 40 41 42 43 -44 45 46 47 -48 -49 50 0
uf50-0102 124959 1 -2 3 4 -5 6 7 -8 -9 10 11 12 -13 -14 15 -16 17 -18 19 -20 21 -22 23 -24 25 26 -27 -28 29 -30 -31 -32 -33 34 35 36 -37 38 39 40 41 42 43 -44 45 46 47 -48 -49 50 0
uf50-0102 122989 1 -2 3 4 -5 6 7 -8 -9 10 11 12 -13 -14 15 -16 17 -18 -19 -20 21 -22 23 -24 25 26 -27 -28 29 -30 31 -32 -33 34 35 36 -37 38 -39 40 -41 42 43 -44 45 46 47 -48 -49 50 0
uf50-0102 122989 1 -2 3 4 -5 6 7 -8 -9 10 11 12 -13 -14 15 -16 17 -18 -19 -20 21 -22 23 -24 25 26 -27 -28 29 -30 31 -32 -33 34 35 36 -37 38 -39 40 -41 42 43 -44 45 46 47 -48 -49 50 0
uf50-0102 122989 1 -2 3 4 -5 6 7 -8 -9 10 11 12 -13 -14 15 -16 17 -18 -19 -20 21 -22 23 -24 25 26 -27 -28 29 -30 31 -32 -33 34 35 36 -37 38 -39 40 -41 42 43 -44 45 46 47 -48 -49 50 0
uf50-0102 124959 1 -2 3 4 -5 6 7 -8 -9 10 11 12 -13 -14 15 -16 17 -18 19 -20 21 -22 23 -24 25 26 -27 -28 29 -30 -31 -32 -33 34 35 36 -37 38 39 40 41 42 43 -44 45 46 47 -48 -49 50 0
uf50-0102 122989 1 -2 3 4 -5 6 7 -8 -9 10 11 12 -13 -14 15 -16 17 -18 -19 -20 21 -22 23 -24 25 26 -27 -28 29 -30 31 -32 -33 34 35 36 -37 38 -39 40 -41 42 43 -44 45 46 47 -48 -49 50 0
uf50-0102 124959 1 -2 3 4 -5 6 7 -8 -9 10 11 12 -13 -14 15 -16 17 -18 19 -20 21 -22 23 -24 25 26 -27 -28 29 -30 -31 -32 -33 34 35 36 -37 38 39 40 41 42 43 -44 45 46 47 -48 -49 50 0
uf50-0102 122989 1 -2 3 4 -5 6 7 -8 -9 10 11 12 -13 -14 15 -16 17 -18 -19 -20 21 -22 23 -24 25 26 -27 -28 29 -30 31 -32 -33 34 35 36 -37 38 -39 40 -41 42 43 -44 45 46 47 -48 -49 50 0
uf50-0102 124959 1 -2 3 4 -5 6 7 -8 -9 10 11 12 -13 -14 15 -16 17 -18 19 -20 21 -22 23 -24 25 26 -27 -28 29 -30 -31 -32 -33 34 35 36 -37 38 39 40 41 42 43 -44 45 46 47 -48 -49 50 0
uf50-0102 122989 1 -2 3 4 -5 6 7 -8 -9 10 11 12 -13 -14 15 -16 17 -18 -19 -20 21 -22 23 -24 25 26 -27 -28 29 -30 31 -32 -33 34 35 36 -37 38 -39 40 -41 42 43 -44 45 46 47 -48 -49 50 0
uf50-0102 124959 1 -2 3 4 -5 6 7 -8 -9 10 11 12 -13 -14 15 -16 17 -18 19 -20 21 -22 23 -24 25 26 -27 -28 29 -30 -31 -32 -33 34 35 36 -37 38 39 40 41 42 43 -44 45 46 47 -48 -49 50 0
uf50-0102 122989 1 -2 3 4 -5 6 7 -8 -9 10 11 12 -13 -14 15 -16 17 -18 -19 -20 21 -22 23 -24 25 26 -27 -28 29 -30 31 -32 -33 34 35 36 -37 38 -39 40 -41 42 43 -44 45 46 47 -48 -49 50 0
uf50-0102 122989 1 -2 3 4 -5 6 7 -8 -9 10 11 12 -13 -14 15 -16 17 -18 -19 -20 21 -22 23 -24 25 26 -27 -28 29 -30 31 -32 -33 34 35 36 -37 38 -39 40 -41 42 43 -44 45 46 47 -48 -49 50 0
uf50-0102 122989 1 -2 3 4 -5 6 7 -8 -9 10 11 12 -13 -14 15 -16 17 -18 -19 -20 21 -22 23 -24 25 26 -27 -28 29 -30 31 -32 -33 34 35 36 -37 38 -39 40 -41 42 43 -44 45 46 47 -48 -49 50 0
uf50-0102 124959 1 -2 3 4 -5 6 7 -8 -9 10 11 12 -13 -14 15 -16 17 -18 19 -20 21 -22 23 -24 25 26 -27 -28 29 -30 -31 -32 -33 34 35 36 -37 38 39 40 41 42 43 -44 45 46 47 -48 -49 50 0
uf50-0102 122989 1 -2 3 4 -5 6 7 -8 -9 10 11 12 -13 -14 15 -16 17 -18 -19 -20 21 -22 23 -24 25 26 -27 -28 29 -30 31 -32 -33 34 35 36 -37 38 -39 40 -41 42 43 -44 45 46 47 -48 -49 50 0
uf50-0102 122989 1 -2 3 4 -5 6 7 -8 -9 10 11 12 -13 -14 15 -16 17 -18 -19 -20 21 -22 23 -24 25 26 -27 -28 29 -30 31 -32 -33 34 35 36 -37 38 -39 40 -41 42 43 -44 45 46 47 -48 -49 50 0
uf50-0102 124959 1 -2 3 4 -5 6 7 -8 -9 10 11 12 -13 -14 15 -16 17 -18 19 -20 21 -22 23 -24 25 26 -27 -28 29 -30 -31 -32 -33 34 35 36 -37 38 39 40 41 42 43 -44 45 46 47 -48 -49 50 0
uf50-0102 124959 1 -2 3 4 -5 6 7 -8 -9 10 11 12 -13 -14 15 -16 17 -18 19 -20 21 -22 23 -24 25 26 -27 -28 29 -30 -31 -32 -33 34 35 36 -37 38 39 40 41 42 43 -44 45 46 47 -48 -49 50 0
uf50-0102 124959 1 -2 3 4 -5 6 7 -8 -9 10 11 12 -13 -14 15 -16 17 -18 19 -20 21 -22 23 -24 25 26 -27 -28 29 -30 -31 -32 -33 34 35 36 -37 38 39 40 41 42 43 -44 45 46 47 -48 -49 50 0
uf50-0102 124959 1 -2 3 4 -5 6 7 -8 -9 10 11 12 -13 -14 15 -16 17 -18 19 -20 21 -22 23 -24 25 26 -27 -28 29 -30 -31 -32 -33 34 35 36 -37 38 39 40 41 42 43 -44 45 46 47 -48 -49 50 0
uf50-0102 122989 1 -2 3 4 -5 6 7 -8 -9 10 11 12 -13 -14 15 -16 17 -18 -19 -20 21 -22 23 -24 25 26 -27 -28 29 -30 31 -32 -33 34 35 36 -37 38 -39 40 -41 42 43 -44 45 46 47 -48 -49 50 0
uf50-0102 122989 1 -2 3 4 -5 6 7 -8 -9 10 11 12 -13 -14 15 -16 17 -18 -19 -20 21 -22 23 -24 25 26 -27 -28 29 -30 31 -32 -33 34 35 36 -37 38 -39 40 -41 42 43 -44 45 46 47 -48 -49 50 0
uf50-0102 122989 1 -2 3 4 -5 6 7 -8 -9 10 11 12 -13 -14 15 -16 17 -18 -19 -20 21 -22 23 -24 25 26 -27 -28 29 -30 31 -32 -33 34 35 36 -37 38 -39 40 -41 42 43 -44 45 46 47 -48 -49 50 0
uf50-0102 122989 1 -2 3 4 -5 6 7 -8 -9 10 11 12 -13 -14 15 -16 17 -18 -19 -20 21 -22 23 -24 25 26 -27 -28 29 -30 31 -32 -33 34 35 36 -37 38 -39 40 -41 42 43 -44 45 46 47 -48 -49 50 0
uf50-0102 122989 1 -2 3 4 -5 6 7 -8 -9 10 11 12 -13 -14 15 -16 17 -18 -19 -20 21 -22 23 -24 25 26 -27 -28 29 -30 31 -32 -33 34 35 36 -37 38 -39 40 -41 42 43 -44 45 46 47 -48 -49 50 0
uf50-0102 102705 1 -2 3 4 5 6 7 -8 -9 10 11 -12 -13 -14 15 -16 -17 -18 -19 -20 21 -22 23 -24 25 -26 -27 -28 29 -30 31 32 -33 34 -35 36 -37 -38 -39 40 -41 42 43 -44 45 46 47 -48 49 50 0
uf50-0102 124959 1 -2 3 4 -5 6 7 -8 -9 10 11 12 -13 -14 15 -16 17 -18 19 -20 21 -22 23 -24 25 26 -27 -28 29 -30 -31 -32 -33 34 35 36 -37 38 39 40 41 42 43 -44 45 46 47 -48 -49 50 0
uf50-0102 124959 1 -2 3 4 -5 6 7 -8 -9 10 11 12 -13 -14 15 -16 17 -18 19 -20 21 -22 23 -24 25 26 -27 -28 29 -30 -31 -32 -33 34 35 36 -37 38 39 40 41 42 43 -44 45 46 47 -48 -49 50 0
uf50-0102 124959 1 -2 3 4 -5 6 7 -8 -9 10 11 12 -13 -14 15 -16 17 -18 19 -20 21 -22 23 -24 25 26 -27 -28 29 -30 -31 -32 -33 34 35 36 -37 38 39 40 41 42 43 -44 45 46 47 -48 -49 50 0
uf50-0102 124959 1 -2 3 4 -5 6 7 -8 -9 10 11 12 -13 -14 15 -16 17 -18 19 -20 21 -22 23 -24 25 26 -27 -28 29 -30 -31 -32 -33 34 35 36 -37 38 39 40 41 42 43 -44 45 46 47 -48 -49 50 0
uf50-0102 124959 1 -2 3 4 -5 6 7 -8 -9 10 11 12 -13 -14 15 -16 17 -18 19 -20 21 -22 23 -24 25 26 -27 -28 29 -30 -31 -32 -33 34 35 36 -37 38 39 40 41 42 43 -44 45 46 47 -48 -49 50 0
uf50-0102 124959 1 -2 3 4 -5 6 7 -8 -9 10 11 12 -13 -14 15 -16 17 -18 19 -20 21 -22 23 -24 25 26 -27 -28 29 -30 -31 -32 -33 34 35 36 -37 38 39 40 41 42 43 -44 45 46 47 -48 -49 50 0
uf50-0102 122989 1 -2 3 4 -5 6 7 -8 -9 10 11 12 -13 -14 15 -16 17 -18 -19 -20 21 -22 23 -24 25 26 -27 -28 29 -30 31 -32 -33 34 35 36 -37 38 -39 40 -41 42 43 -44 45 46 47 -48 -49 50 0
uf50-0102 124959 1 -2 3 4 -5 6 7 -8 -9 10 11 12 -13 -14 15 -16 17 -18 19 -20 21 -22 23 -24 25 26 -27 -28 29 -30 -31 -32 -33 34 35 36 -37 38 39 40 41 42 43 -44 45 46 47 -48 -49 50 0
uf50-0102 122989 1 -2 3 4 -5 6 7 -8 -9 10 11 12 -13 -14 15 -16 17 -18 -19 -20 21 -22 23 -24 25 26 -27 -28 29 -30 31 -32 -33 34 35 36 -37 38 -39 40 -41 42 43 -44 45 46 47 -48 -49 50 0
uf50-0102 122989 1 -2 3 4 -5 6 7 -8 -9 10 11 12 -13 -14 15 -16 17 -18 -19 -20 21 -22 23 -24 25 26 -27 -28 29 -30 31 -32 -33 34 35 36 -37 38 -39 40 -41 42 43 -44 45 46 47 -48 -49 50 0
uf50-0102 122989 1 -2 3 4 -5 6 7 -8 -9 10 11 12 -13 -14 15 -16 17 -18 -19 -20 21 -22 23 -24 25 26 -27 -28 29 -30 31 -32 -33 34 35 36 -37 38 -39 40 -41 42 43 -44 45 46 47 -48 -49 50 0
uf50-0102 124959 1 -2 3 4 -5 6 7 -8 -9 10 11 12 -13 -14 15 -16 17 -18 19 -20 21 -22 23 -24 25 26 -27 -28 29 -30 -31 -32 -33 34 35 36 -37 38 39 40 41 42 43 -44 45 46 47 -48 -49 50 0
uf50-0102 124959 1 -2 3 4 -5 6 7 -8 -9 10 11 12 -13 -14 15 -16 17 -18 19 -20 21 -22 23 -24 25 26 -27 -28 29 -30 -31 -32 -33 34 35 36 -37 38 39 40 41 42 43 -44 45 46 47 -48 -49 50 0
uf50-0102 122989 1 -2 3 4 -5 6 7 -8 -9 10 11 12 -13 -14 15 -16 17 -18 -19 -20 21 -22 23 -24 25 26 -27 -28 29 -30 31 -32 -33 34 35 36 -37 38 -39 40 -41 42 43 -44 45 46 47 -48 -49 50 0
uf50-0102 124959 1 -2 3 4 -5 6 7 -8 -9 10 11 12 -13 -14 15 -16 17 -18 19 -20 21 -22 23 -24 25 26 -27 -28 29 -30 -31 -32 -33 34 35 36 -37 38 39 40 41 42 43 -44 45 46 47 -48 -49 50 0
uf50-0102 122989 1 -2 3 4 -5 6 7 -8 -9 10 11 12 -13 -14 15 -16 17 -18 -19 -20 21 -22 23 -24 25 26 -27 -28 29 -30 31 -32 -33 34 35 36 -37 38 -39 40 -41 42 43 -44 45 46 47 -48 -49 50 0
uf50-0102 122989 1 -2 3 4 -5 6 7 -8 -9 10 11 12 -13 -14 15 -16 17 -18 -19 -20 21 -22 23 -24 25 26 -27 -28 29 -30 31 -32 -33 34 35 36 -37 38 -39 40 -41 42 43 -44 45 46 47 -48 -49 50 0
uf50-0102 124959 1 -2 3 4 -5 6 7 -8 -9 10 11 12 -13 -14 15 -16 17 -18 19 -20 21 -22 23 -24 25 26 -27 -28 29 -30 -31 -32 -33 34 35 36 -37 38 39 40 41 42 43 -44 45 46 47 -48 -49 50 0
uf50-0102 124959 1 -2 3 4 -5 6 7 -8 -9 10 11 12 -13 -14 15 -16 17 -18 19 -20 21 -22 23 -24 25 26 -27 -28 29 -30 -31 -32 -33 34 35 36 -37 38 39 40 41 42 43 -44 45 46 47 -48 -49 50 0
uf50-0102 124959 1 -2 3 4 -5 6 7 -8 -9 10 11 12 -13 -14 15 -16 17 -18 19 -20 21 -22 23 -24 25 26 -27 -28 29 -30 -31 -32 -33 34 35 36 -37 38 39 40 41 42 43 -44 45 46 47 -48 -49 50 0
uf50-0102 124959 1 -2 3 4 -5 6 7 -8 -9 10 11 12 -13 -14 15 -16 17 -18 19 -20 21 -22 23 -24 25 26 -27 -28 29 -30 -31 -32 -33 34 35 36 -37 38 39 40 41 42 43 -44 45 46 47 -48 -49 50 0
uf50-0102 124959 1 -2 3 4 -5 6 7 -8 -9 10 11 12 -13 -14 15 -16 17 -18 19 -20 21 -22 23 -24 25 26 -27 -28 29 -30 -31 -32 -33 34 35 36 -37 38 39 40 41 42 43 -44 45 46 47 -48 -49 50 0
uf50-0102 124959 1 -2 3 4 -5 6 7 -8 -9 10 11 12 -13 -14 15 -16 17 -18 19 -20 21 -22 23 -24 25 26 -27 -28 29 -30 -31 -32 -33 34 35 36 -37 38 39 40 41 42 43 -44 45 46 47 -48 -49 50 0
uf50-0102 122989 1 -2 3 4 -5 6 7 -8 -9 10 11 12 -13 -14 15 -16 17 -18 -19 -20 21 -22 23 -24 25 26 -27 -28 29 -30 31 -32 -33 34 35 36 -37 38 -39 40 -41 42 43 -44 45 46 47 -48 -49 50 0
uf50-0102 122989 1 -2 3 4 -5 6 7 -8 -9 10 11 12 -13 -14 15 -16 17 -18 -19 -20 21 -22 23 -24 25 26 -27 -28 29 -30 31 -32 -33 34 35 36 -37 38 -39 40 -41 42 43 -44 45 46 47 -48 -49 50 0
uf50-0102 122989 1 -2 3 4 -5 6 7 -8 -9 10 11 12 -13 -14 15 -16 17 -18 -19 -20 21 -22 23 -24 25 26 -27 -28 29 -30 31 -32 -33 34 35 36 -37 38 -39 40 -41 42 43 -44 45 46 47 -48 -49 50 0
uf50-0102 122989 1 -2 3 4 -5 6 7 -8 -9 10 11 12 -13 -14 15 -16 17 -18 -19 -20 21 -22 23 -24 25 26 -27 -28 29 -30 31 -32 -33 34 35 36 -37 38 -39 40 -41 42 43 -44 45 46 47 -48 -49 50 0
uf50-0102 122989 1 -2 3 4 -5 6 7 -8 -9 10 11 12 -13 -14 15 -16 17 -18 -19 -20 21 -22 23 -24 25 26 -27 -28 29 -30 31 -32 -33 34 35 36 -37 38 -39 40 -41 42 43 -44 45 46 47 -48 -49 50 0
uf50-0102 124959 1 -2 3 4 -5 6 7 -8 -9 10 11 12 -13 -14 15 -16 17 -18 19 -20 21 -22 23 -24 25 26 -27 -28 29 -30 -31 -32 -33 34 35 36 -37 38 39 40 41 42 43 -44 45 46 47 -48 -49 50 0
uf50-0102 124959 1 -2 3 4 -5 6 7 -8 -9 10 11 12 -13 -14 15 -16 17 -18 19 -20 21 -22 23 -24 25 26 -27 -28 29 -30 -31 -32 -33 34 35 36 -37 38 39 40 41 42 43 -44 45 46 47 -48 -49 50 0
uf50-0102 122989 1 -2 3 4 -5 6 7 -8 -9 10 11 12 -13 -14 15 -16 17 -18 -19 -20 21 -22 23 -24 25 26 -27 -28 29 -30 31 -32 -33 34 35 36 -37 38 -39 40 -41 42 43 -44 45 46 47 -48 -49 50 0
uf50-0102 122989 1 -2 3 4 -5 6 7 -8 -9 10 11 12 -13 -14 15 -16 17 -18 -19 -20 21 -22 23 -24 25 26 -27 -28 29 -30 31 -32 -33 34 35 36 -37 38 -39 40 -41 42 43 -44 45 46 47 -48 -49 50 0
uf50-0102 124959 1 -2 3 4 -5 6 7 -8 -9 10 11 12 -13 -14 15 -16 17 -18 19 -20 21 -22 23 -24 25 26 -27 -28 29 -30 -31 -32 -33 34 35 36 -37 38 39 40 41 42 43 -44 45 46 47 -48 -49 50 0
uf50-0102 122989 1 -2 3 4 -5 6 7 -8 -9 10 11 12 -13 -14 15 -16 17 -18 -19 -20 21 -22 23 -24 25 26 -27 -28 29 -30 31 -32 -33 34 35 36 -37 38 -39 40 -41 42 43 -44 45 46 47 -48 -49 50 0
uf50-0102 124959 1 -2 3 4 -5 6 7 -8 -9 10 11 12 -13 -14 15 -16 17 -18 19 -20 21 -22 23 -24 25 26 -27 -28 29 -30 -31 -32 -33 34 35 36 -37 38 39 40 41 42 43 -44 45 46 47 -48 -49 50 0
uf50-0102 122989 1 -2 3 4 -5 6 7 -8 -9 10 11 12 -13 -14 15 -16 17 -18 -19 -20 21 -22 23 -24 25 26 -27 -28 29 -30 31 -32 -33 34 35 36 -37 38 -39 40 -41 42 43 -44 45 46 47 -48 -49 50 0
uf50-0102 122989 1 -2 3 4 -5 6 7 -8 -9 10 11 12 -13 -14 15 -16 17 -18 -19 -20 21 -22 23 -24 25 26 -27 -28 29 -30 31 -32 -33 34 35 36 -37 38 -39 40 -41 42 43 -44 45 46 47 -48 -49 50 0
uf50-0102 124959 1 -2 3 4 -5 6 7 -8 -9 10 11 12 -13 -14 15 -16 17 -18 19 -20 21 -22 23 -24 25 26 -27 -28 29 -30 -31 -32 -33 34 35 36 -37 38 39 40 41 42 43 -44 45 46 47 -48 -49 50 0
uf50-0102 122989 1 -2 3 4 -5 6 7 -8 -9 10 11 12 -13 -14 15 -16 17 -18 -19 -20 21 -22 23 -24 25 26 -27 -28 29 -30 31 -32 -33 34 35 36 -37 38 -39 40 -41 42 43 -44 45 46 47 -48 -49 50 0
uf50-0102 118656 1 -2 3 -4 -5 6 7 -8 -9 10 11 12 -13 -14 15 -16 17 -18 -19 -20 21 -22 23 -24 25 -26 -27 -28 29 -30 -31 -32 -33 34 35 36 -37 38 39 40 41 42 43 -44 45 46 47 -48 -49 50 0
uf50-0102 124959 1 -2 3 4 -5 6 7 -8 -9 10 11 12 -13 -14 15 -16 17 -18 19 -20 21 -22 23 -24 25 26 -27 -28 29 -30 -31 -32 -33 34 35 36 -37 38 39 40 41 42 43 -44 45 46 47 -48 -49 50 0
uf50-0102 122989 1 -2 3 4 -5 6 7 -8 -9 10 11 12 -13 -14 15 -16 17 -18 -19 -20 21 -22 23 -24 25 26 -27 -28 29 -30 31 -32 -33 34 35 36 -37 38 -39 40 -41 42 43 -44 45 46 47 -48 -49 50 0
uf50-0102 122989 1 -2 3 4 -5 6 7 -8 -9 10 11 12 -13 -14 15 -16 17 -18 -19 -20 21 -22 23 -24 25 26 -27 -28 29 -30 31 -32 -33 34 35 36 -37 38 -39 40 -41 42 43 -44 45 46 47 -48 -49 50 0
uf50-0102 122989 1 -2 3 4 -5 6 7 -8 -9 10 11 12 -13 -14 15 -16 17 -18 -19 -20 21 -22 23 -24 25 26 -27 -28 29 -30 31 -32 -33 34 35 36 -37 38 -39 40 -41 42 43 -44 45 46 47 -48 -49 50 0
uf50-0102 124959 1 -2 3 4 -5 6 7 -8 -9 10 11 12 -13 -14 15 -16 17 -18 19 -20 21 -22 23 -24 25 26 -27 -28 29 -30 -31 -32 -33 34 35 36 -37 38 39 40 41 42 43 -44 45 46 47 -48 -49 50 0
uf50-0102 124959 1 -2 3 4 -5 6 7 -8 -9 10 11 12 -13 -14 15 -16 17 -18 19 -20 21 -22 23 -24 25 26 -27 -28 29 -30 -31 -32 -33 34 35 36 -37 38 39 40 41 42 43 -44 45 46 47 -48 -49 50 0
uf50-0102 124959 1 -2 3 4 -5 6 7 -8 -9 10 11 12 -13 -14 15 -16 17 -18 19 -20 21 -22 23 -24 25 26 -27 -28 29 -30 -31 -32 -33 34 35 36 -37 38 39 40 41 42 43 -44 45 46 47 -48 -49 50 0
uf50-0102 124959 1 -2 3 4 -5 6 7 -8 -9 10 11 12 -13 -14 15 -16 17 -18 19 -20 21 -22 23 -24 25 26 -27 -28 29 -30 -31 -32 -33 34 35 36 -37 38 39 40 41 42 43 -44 45 46 47 -48 -49 50 0
uf50-0102 122989 1 -2 3 4 -5 6 7 -8 -9 10 11 12 -13 -14 15 -16 17 -18 -19 -20 21 -22 23 -24 25 26 -27 -28 29 -30 31 -32 -33 34 35 36 -37 38 -39 40 -41 42 43 -44 45 46 47 -48 -49 50 0
