uf50-0237 93348 1 -2 3 -4 5 -6 -7 8 9 10 -11 -12 -13 -14 15 -16 17 18 19 -20 21 -22 23 24 -25 26 -27 28 29 30 31 -32 -33 34 -35 36 -37 38 39 40 41 -42 -43 -44 -45 -46 -47 -48 49 -50 0
uf50-0237 93348 1 -2 3 -4 5 -6 -7 8 9 10 -11 -12 -13 -14 15 -16 17 18 19 -20 21 -22 23 24 -25 26 -27 28 29 30 31 -32 -33 34 -35 36 -37 38 39 40 41 -42 -43 -44 -45 -46 -47 -48 49 -50 0
uf50-0237 82285 1 -2 -3 -4 5 -6 7 8 9 -10 -11 -12 -13 14 15 -16 17 18 19 -20 21 -22 -23 24 -25 -26 27 28 29 30 -31 32 -33 34 -35 36 -37 38 -39 40 41 -42 -43 44 45 46 -47 -48 49 50 0
uf50-0237 82285 1 -2 -3 -4 5 -6 7 8 9 -10 -11 -12 -13 14 15 -16 17 18 19 -20 21 -22 -23 24 -25 -26 27 28 29 30 -31 32 -33 34 -35 36 -37 38 -39 40 41 -42 -43 44 45 46 -47 -48 49 50 0
uf50-0237 82285 1 -2 -3 -4 5 -6 7 8 9 -10 -11 -12 -13 14 15 -16 17 18 19 -20 21 -22 -23 24 -25 -26 27 28 29 30 -31 32 -33 34 -35 36 -37 38 -39 40 41 -42 -43 44 45 46 -47 -48 49 50 0
uf50-0237 93348 1 -2 3 -4 5 -6 -7 8 9 10 -11 -12 -13 -14 15 -16 17 18 19 -20 21 -22 23 24 -25 26 -27 28 29 30 31 -32 -33 34 -35 36 -37 38 39 40 41 -42 -43 -44 -45 -46 -47 -48 49 -50 0
uf50-0237 82285 1 -2 -3 -4 5 -6 7 8 9 -10 -11 -12 -13 14 15 -16 17 18 19 -20 21 -22 -23 24 -25 -26 27 28 29 30 -31 32 -33 34 -35 36 -37 38 -39 40 41 -42 -43 44 45 46 -47 -48 49 50 0
uf50-0237 82285 1 -2 -3 -4 5 -6 7 8 9 -10 -11 -12 -13 14 15 -16 17 18 19 -20 21 -22 -23 24 -25 -26 27 28 29 30 -31 32 -33 34 -35 36 -37 38 -39 40 41 -42 -43 44 45 46 -47 -48 49 50 0
uf50-0237 89184 1 -2 3 -4 5 -6 -7 -8 9 10 -11 -12 -13 -14 15 -16 17 18 19 -20 21 -22 23 24 -25 26 -27 28 29 -30 31 -32 -33 34 -35 36 -37 38 39 40 41 -42 -43 -44 -45 -46 -47 -48 49 50 0
uf50-0237 93348 1 -2 3 -4 5 -6 -7 8 9 10 -11 -12 -13 -14 15 -16 17 18 19 -20 21 -22 23 24 -25 26 -27 28 29 30 31 -32 -33 34 -35 36 -37 38 39 40 41 -42 -43 -44 -45 -46 -47 -48 49 -50 0
uf50-0237 82285 1 -2 -3 -4 5 -6 7 8 9 -10 -11 -12 -13 14 15 -16 17 18 19 -20 21 -22 -23 24 -25 -26 27 28 29 30 -31 32 -33 34 -35 36 -37 38 -39 40 41 -42 -43 44 45 46 -47 -48 49 50 0
uf50-0237 82285 1 -2 -3 -4 5 -6 7 8 9 -10 -11 -12 -13 14 15 -16 17 18 19 -20 21 -22 -23 24 -25 -26 27 28 29 30 -31 32 -33 34 -35 36 -37 38 -39 40 41 -42 -43 44 45 46 -47 -48 49 50 0
uf50-0237 82285 1 -2 -3 -4 5 -6 7 8 9 -10 -11 -12 -13 14 15 -16 17 18 19 -20 21 -22 -23 24 -25 -26 27 28 29 30 -31 32 -33 34 -35 36 -37 38 -39 40 41 -42 -43 44 45 46 -47 -48 49 50 0
uf50-0237 89184 1 -2 3 -4 5 -6 -7 -8 9 10 -11 -12 -13 -14 15 -16 17 18 19 -20 21 -22 23 24 -25 26 -27 28 29 -30 31 -32 -33 34 -35 36 -37 38 39 40 41 -42 -43 -44 -45 -46 -47 -48 49 50 0
uf50-0237 82285 1 -2 -3 -4 5 -6 7 8 9 -10 -11 -12 -13 14 15 -16 17 18 19 -20 21 -22 -23 24 -25 -26 27 28 29 30 -31 32 -33 34 -35 36 -37 38 -39 40 41 -42 -43 44 45 46 -47 -48 49 50 0
uf50-0237 90824 1 -2 3 -4 -5 -6 -7 8 9 10 -11 -12 -13 -14 15 -16 17 18 19 -20 21 -22 23 24 -25 26 -27 28 29 30 31 -32 -33 34 -35 36 -37 38 39 40 41 -42 -43 -44 -45 -46 -47 -48 49 -50 0
uf50-0237 93348 1 -2 3 -4 5 -6 -7 8 9 10 -11 -12 -13 -14 15 -16 17 18 19 -20 21 -22 23 24 -25 26 -27 28 29 30 31 -32 -33 34 -35 36 -37 38 39 40 41 -42 -43 -44 -45 -46 -47 -48 49 -50 0
uf50-0237 89184 1 -2 3 -4 5 -6 -7 -8 9 10 -11 -12 -13 -14 15 -16 17 18 19 -20 21 -22 23 24 -25 26 -27 28 29 -30 31 -32 -33 34 -35 36 -37 38 39 40 41 -42 -43 -44 -45 -46 -47 -48 49 50 0
uf50-0237 93348 1 -2 3 -4 5 -6 -7 8 9 10 -11 -12 -13 -14 15 -16 17 18 19 -20 21 -22 23 24 -25 26 -27 28 29 30 31 -32 -33 34 -35 36 -37 38 39 40 41 -42 -43 -44 -45 -46 -47 -48 49 -50 0
uf50-0237 89184 1 -2 3 -4 5 -6 -7 -8 9 10 -11 -12 -13 -14 15 -16 17 18 19 -20 21 -22 23 24 -25 26 -27 28 29 -30 31 -32 -33 34 -35 36 -37 38 39 40 41 -42 -43 -44 -45 -46 -47 -48 49 50 0
uf50-0237 93348 1 -2 3 -4 5 -6 -7 8 9 10 -11 -12 -13 -14 15 -16 17 18 19 -20 21 -22 23 24 -25 26 -27 28 29 30 31 -32 -33 34 -35 36 -37 38 39 40 41 -42 -43 -44 -45 -46 -47 -48 49 -50 0
uf50-0237 89184 1 -2 3 -4 5 -6 -7 -8 9 10 -11 -12 -13 -14 15 -16 17 18 19 -20 21 -22 23 24 -25 26 -27 28 29 -30 31 -32 -33 34 -35 36 -37 38 39 40 41 -42 -43 -44 -45 -46 -47 -48 49 50 0
uf50-0237 89184 1 -2 3 -4 5 -6 -7 -8 9 10 -11 -12 -13 -14 15 -16 17 18 19 -20 21 -22 23 24 -25 26 -27 28 29 -30 31 -32 -33 34 -35 36 -37 38 39 40 41 -42 -43 -44 -45 -46 -47 -48 49 50 0
uf50-0237 93348 1 -2 3 -4 5 -6 -7 8 9 10 -11 -12 -13 -14 15 -16 17 18 19 -20 21 -22 23 24 -25 26 -27 28 29 30 31 -32 -33 34 -35 36 -37 38 39 40 41 -42 -43 -44 -45 -46 -47 -48 49 -50 0
uf50-0237 82285 1 -2 -3 -4 5 -6 7 8 9 -10 -11 -12 -13 14 15 -16 17 18 19 -20 21 -22 -23 24 -25 -26 27 28 29 30 -31 32 -33 34 -35 36 -37 38 -39 40 41 -42 -43 44 45 46 -47 -48 49 50 0
uf50-0237 89184 1 -2 3 -4 5 -6 -7 -8 9 10 -11 -12 -13 -14 15 -16 17 18 19 -20 21 -22 23 24 -25 26 -27 28 29 -30 31 -32 -33 34 -35 36 -37 38 39 40 41 -42 -43 -44 -45 -46 -47 -48 49 50 0
uf50-0237 82285 1 -2 -3 -4 5 -6 7 8 9 -10 -11 -12 -13 14 15 -16 17 18 19 -20 21 -22 -23 24 -25 -26 27 28 29 30 -31 32 -33 34 -35 36 -37 38 -39 40 41 -42 -43 44 45 46 -47 -48 49 50 0
uf50-0237 89184 1 -2 3 -4 5 -6 -7 -8 9 10 -11 -12 -13 -14 15 -16 17 18 19 -20 21 -22 23 24 -25 26 -27 28 29 -30 31 -32 -33 34 -35 36 -37 38 39 40 41 -42 -43 -44 -45 -46 -47 -48 49 50 0
uf50-0237 82285 1 -2 -3 -4 5 -6 7 8 9 -10 -11 -12 -13 14 15 -16 17 18 19 -20 21 -22 -23 24 -25 -26 27 28 29 30 -31 32 -33 34 -35 36 -37 38 -39 40 41 -42 -43 44 45 46 -47 -48 49 50 0
uf50-0237 89184 1 -2 3 -4 5 -6 -7 -8 9 10 -11 -12 -13 -14 15 -16 17 18 19 -20 21 -22 23 24 -25 26 -27 28 29 -30 31 -32 -33 34 -35 36 -37 38 39 40 41 -42 -43 -44 -45 -46 -47 -48 49 50 0
uf50-0237 82285 1 -2 -3 -4 5 -6 7 8 9 -10 -11 -12 -13 14 15 -16 17 18 19 -20 21 -22 -23 24 -25 -26 27 28 29 30 -31 32 -33 34 -35 36 -37 38 -39 40 41 -42 -43 44 45 46 -47 -48 49 50 0
uf50-0237 89184 1 -2 3 -4 5 -6 -7 -8 9 10 -11 -12 -13 -14 15 -16 17 18 19 -20 21 -22 23 24 -25 26 -27 28 29 -30 31 -32 -33 34 -35 36 -37 38 39 40 41 -42 -43 -44 -45 -46 -47 -48 49 50 0
uf50-0237 91077 1 -2 3 -4 5 -6 -7 8 9 10 -11 -12 -13 -14 15 -16 17 18 -19 -20 21 -22 23 24 -25 26 -27 28 29 30 31 -32 -33 34 -35 36 -37 38 39 40 41 -42 -43 -44 -45 -46 -47 -48 49 -50 0
uf50-0237 82285 1 -2 -3 -4 5 -6 7 8 9 -10 -11 -12 -13 14 15 -16 17 18 19 -20 21 -22 -23 24 -25 -26 27 28 29 30 -31 32 -33 34 -35 36 -37 38 -39 40 41 -42 -43 44 45 46 -47 -48 49 50 0
uf50-0237 82285 1 -2 -3 -4 5 -6 7 8 9 -10 -11 -12 -13 14 15 -16 17 18 19 -20 21 -22 -23 24 -25 -26 27 28 29 30 -31 32 -33 34 -35 36 -37 38 -39 40 41 -42 -43 44 45 46 -47 -48 49 50 0
uf50-0237 82285 1 -2 -3 -4 5 -6 7 8 9 -10 -11 -12 -13 14 15 -16 17 18 19 -20 21 -22 -23 24 -25 -26 27 28 29 30 -31 32 -33 34 -35 36 -37 38 -39 40 41 -42 -43 44 45 46 -47 -48 49 50 0
uf50-0237 93348 1 -2 3 -4 5 -6 -7 8 9 10 -11 -12 -13 -14 15 -16 17 18 19 -20 21 -22 23 24 -25 26 -27 28 29 30 31 -32 -33 34 -35 36 -37 38 39 40 41 -42 -43 -44 -45 -46 -47 -48 49 -50 0
uf50-0237 93348 1 -2 3 -4 5 -6 -7 8 9 10 -11 -12 -13 -14 15 -16 17 18 19 -20 21 -22 23 24 -25 26 -27 28 29 30 31 -32 -33 34 -35 36 -37 38 39 40 41 -42 -43 -44 -45 -46 -47 -48 49 -50 0
uf50-0237 89184 1 -2 3 -4 5 -6 -7 -8 9 10 -11 -12 -13 -14 15 -16 17 18 19 -20 21 -22 23 24 -25 26 -27 28 29 -30 31 -32 -33 34 -35 36 -37 38 39 40 41 -42 -43 -44 -45 -46 -47 -48 49 50 0
uf50-0237 93348 1 -2 3 -4 5 -6 -7 8 9 10 -11 -12 -13 -14 15 -16 17 18 19 -20 21 -22 23 24 -25 26 -27 28 29 30 31 -32 -33 34 -35 36 -37 38 39 40 41 -42 -43 -44 -45 -46 -47 -48 49 -50 0
uf50-0237 93348 1 -2 3 -4 5 -6 -7 8 9 10 -11 -12 -13 -14 15 -16 17 18 19 -20 21 -22 23 24 -25 26 -27 28 29 30 31 -32 -33 34 -35 36 -37 38 39 40 41 -42 -43 -44 -45 -46 -47 -48 49 -50 0
uf50-0237 82285 1 -2 -3 -4 5 -6 7 8 9 -10 -11 -12 -13 14 15 -16 17 18 19 -20 21 -22 -23 24 -25 -26 27 28 29 30 -31 32 -33 34 -35 36 -37 38 -39 40 41 -42 -43 44 45 46 -47 -48 49 50 0
uf50-0237 93348 1 -2 3 -4 5 -6 -7 8 9 10 -11 -12 -13 -14 15 -16 17 18 19 -20 21 -22 23 24 -25 26 -27 28 29 30 31 -32 -33 34 -35 36 -37 38 39 40 41 -42 -43 -44 -45 -46 -47 -48 49 -50 0
uf50-0237 82285 1 -2 -3 -4 5 -6 7 8 9 -10 -11 -12 -13 14 15 -16 17 18 19 -20 21 -22 -23 24 -25 -26 27 28 29 30 -31 32 -33 34 -35 36 -37 38 -39 40 41 -42 -43 44 45 46 -47 -48 49 50 0
uf50-0237 93348 1 -2 3 -4 5 -6 -7 8 9 10 -11 -12 -13 -14 15 -16 17 18 19 -20 21 -22 23 24 -25 26 -27 28 29 30 31 -32 -33 34 -35 36 -37 38 39 40 41 -42 -43 -44 -45 -46 -47 -48 49 -50 0
uf50-0237 89184 1 -2 3 -4 5 -6 -7 -8 9 10 -11 -12 -13 -14 15 -16 17 18 19 -20 21 -22 23 24 -25 26 -27 28 29 -30 31 -32 -33 34 -35 36 -37 38 39 40 41 -42 -43 -44 -45 -46 -47 -48 49 50 0
uf50-0237 89184 1 -2 3 -4 5 -6 -7 -8 9 10 -11 -12 -13 -14 15 -16 17 18 19 -20 21 -22 23 24 -25 26 -27 28 29 -30 31 -32 -33 34 -35 36 -37 38 39 40 41 -42 -43 -44 -45 -46 -47 -48 49 50 0
uf50-0237 93348 1 -2 3 -4 5 -6 -7 8 9 10 -11 -12 -13 -14 15 -16 17 18 19 -20 21 -22 23 24 -25 26 -27 28 29 30 31 -32 -33 34 -35 36 -37 38 39 40 41 -42 -43 -44 -45 -46 -47 -48 49 -50 0
uf50-0237 82285 1 -2 -3 -4 5 -6 7 8 9 -10 -11 -12 -13 14 15 -16 17 18 19 -20 21 -22 -23 24 -25 -26 27 28 29 30 -31 32 -33 34 -35 36 -37 38 -39 40 41 -42 -43 44 45 46 -47 -48 49 50 0
uf50-0237 93348 1 -2 3 -4 5 -6 -7 8 9 10 -11 -12 -13 -14 15 -16 17 18 19 -20 21 -22 23 24 -25 26 -27 28 29 30 31 -32 -33 34 -35 36 -37 38 39 40 41 -42 -43 -44 -45 -46 -47 -48 49 -50 0
uf50-0237 82285 1 -2 -3 -4 5 -6 7 8 9 -10 -11 -12 -13 14 15 -16 17 18 19 -20 21 -22 -23 24 -25 -26 27 28 29 30 -31 32 -33 34 -35 36 -37 38 -39 40 41 -42 -43 44 45 46 -47 -48 49 50 0
uf50-0237 82285 1 -2 -3 -4 5 -6 7 8 9 -10 -11 -12 -13 14 15 -16 17 18 19 -20 21 -22 -23 24 -25 -26 27 28 29 30 -31 32 -33 34 -35 36 -37 38 -39 40 41 -42 -43 44 45 46 -47 -48 49 50 0
uf50-0237 93348 1 -2 3 -4 5 -6 -7 8 9 10 -11 -12 -13 -14 15 -16 17 18 19 -20 21 -22 23 24 -25 26 -27 28 29 30 31 -32 -33 34 -35 36 -37 38 39 40 41 -42 -43 -44 -45 -46 -47 -48 49 -50 0
uf50-0237 89184 1 -2 3 -4 5 -6 -7 -8 9 10 -11 -12 -13 -14 15 -16 17 18 19 -20 21 -22 23 24 -25 26 -27 28 29 -30 31 -32 -33 34 -35 36 -37 38 39 40 41 -42 -43 -44 -45 -46 -47 -48 49 50 0
uf50-0237 82285 1 -2 -3 -4 5 -6 7 8 9 -10 -11 -12 -13 14 15 -16 17 18 19 -20 21 -22 -23 24 -25 -26 27 28 29 30 -31 32 -33 34 -35 36 -37 38 -39 40 41 -42 -43 44 45 46 -47 -48 49 50 0
uf50-0237 93348 1 -2 3 -4 5 -6 -7 8 9 10 -11 -12 -13 -14 15 -16 17 18 19 -20 21 -22 23 24 -25 26 -27 28 29 30 31 -32 -33 34 -35 36 -37 38 39 40 41 -42 -43 -44 -45 -46 -47 -48 49 -50 0
uf50-0237 89184 1 -2 3 -4 5 -6 -7 -8 9 10 -11 -12 -13 -14 15 -16 17 18 19 -20 21 -22 23 24 -25 26 -27 28 29 -30 31 -32 -33 34 -35 36 -37 38 39 40 41 -42 -43 -44 -45 -46 -47 -48 49 50 0
uf50-0237 82285 1 -2 -3 -4 5 -6 7 8 9 -10 -11 -12 -13 14 15 -16 17 18 19 -20 21 -22 -23 24 -25 -26 27 28 29 30 -31 32 -33 34 -35 36 -37 38 -39 40 41 -42 -43 44 45 46 -47 -48 49 50 0
uf50-0237 93348 1 -2 3 -4 5 -6 -7 8 9 10 -11 -12 -13 -14 15 -16 17 18 19 -20 21 -22 23 24 -25 26 -27 28 29 30 31 -32 -33 34 -35 36 -37 38 39 40 41 -42 -43 -44 -45 -46 -47 -48 49 -50 0
uf50-0237 82285 1 -2 -3 -4 5 -6 7 8 9 -10 -11 -12 -13 14 15 -16 17 18 19 -20 21 -22 -23 24 -25 -26 27 28 29 30 -31 32 -33 34 -35 36 -37 38 -39 40 41 -42 -43 44 45 46 -47 -48 49 50 0
uf50-0237 82285 1 -2 -3 -4 5 -6 7 8 9 -10 -11 -12 -13 14 15 -16 17 18 19 -20 21 -22 -23 24 -25 -26 27 28 29 30 -31 32 -33 34 -35 36 -37 38 -39 40 41 -42 -43 44 45 46 -47 -48 49 50 0
uf50-0237 89184 1 -2 3 -4 5 -6 -7 -8 9 10 -11 -12 -13 -14 15 -16 17 18 19 -20 21 -22 23 24 -25 26 -27 28 29 -30 31 -32 -33 34 -35 36 -37 38 39 40 41 -42 -43 -44 -45 -46 -47 -48 49 50 0
uf50-0237 82285 1 -2 -3 -4 5 -6 7 8 9 -10 -11 -12 -13 14 15 -16 17 18 19 -20 21 -22 -23 24 -25 -26 27 28 29 30 -31 32 -33 34 -35 36 -37 38 -39 40 41 -42 -43 44 45 46 -47 -48 49 50 0
uf50-0237 89184 1 -2 3 -4 5 -6 -7 -8 9 10 -11 -12 -13 -14 15 -16 17 18 19 -20 21 -22 23 24 -25 26 -27 28 29 -30 31 -32 -33 34 -35 36 -37 38 39 40 41 -42 -43 -44 -45 -46 -47 -48 49 50 0
uf50-0237 93348 1 -2 3 -4 5 -6 -7 8 9 10 -11 -12 -13 -14 15 -16 17 18 19 -20 21 -22 23 24 -25 26 -27 28 29 30 31 -32 -33 34 -35 36 -37 38 39 40 41 -42 -43 -44 -45 -46 -47 -48 49 -50 0
uf50-0237 85865 1 -2 -3 -4 5 -6 -7 8 9 10 -11 -12 -13 -14 15 -16 17 18 19 -20 21 -22 23 24 -25 26 -27 28 29 30 31 -32 -33 -34 -35 36 -37 38 -39 40 41 -42 -43 -44 -45 -46 -47 -48 49 -50 0
uf50-0237 89184 1 -2 3 -4 5 -6 -7 -8 9 10 -11 -12 -13 -14 15 -16 17 18 19 -20 21 -22 23 24 -25 26 -27 28 29 -30 31 -32 -33 34 -35 36 -37 38 39 40 41 -42 -43 -44 -45 -46 -47 -48 49 50 0
uf50-0237 89184 1 -2 3 -4 5 -6 -7 -8 9 10 -11 -12 -13 -14 15 -16 17 18 19 -20 21 -22 23 24 -25 26 -27 28 29 -30 31 -32 -33 34 -35 36 -37 38 39 40 41 -42 -43 -44 -45 -46 -47 -48 49 50 0
uf50-0237 91909 1 -2 -3 -4 5 -6 -7 8 9 10 -11 -12 -13 -14 15 -16 17 18 19 -20 21 -22 23 24 -25 26 -27 28 29 30 31 -32 -33 34 -35 36 -37 38 39 40 41 -42 -43 -44 -45 -46 -47 -48 49 -50 0
uf50-0237 82285 1 -2 -3 -4 5 -6 7 8 9 -10 -11 -12 -13 14 15 -16 17 18 19 -20 21 -22 -23 24 -25 -26 27 28 29 30 -31 32 -33 34 -35 36 -37 38 -39 40 41 -42 -43 44 45 46 -47 -48 49 50 0
uf50-0237 82285 1 -2 -3 -4 5 -6 7 8 9 -10 -11 -12 -13 14 15 -16 17 18 19 -20 21 -22 -23 24 -25 -26 27 28 29 30 -31 32 -33 34 -35 36 -37 38 -39 40 41 -42 -43 44 45 46 -47 -48 49 50 0
uf50-0237 82285 1 -2 -3 -4 5 -6 7 8 9 -10 -11 -12 -13 14 15 -16 17 18 19 -20 21 -22 -23 24 -25 -26 27 28 29 30 -31 32 -33 34 -35 36 -37 38 -39 40 41 -42 -43 44 45 46 -47 -48 49 50 0
uf50-0237 93348 1 -2 3 -4 5 -6 -7 8 9 10 -11 -12 -13 -14 15 -16 17 18 19 -20 21 -22 23 24 -25 26 -27 28 29 30 31 -32 -33 34 -35 36 -37 38 39 40 41 -42 -43 -44 -45 -46 -47 -48 49 -50 0
uf50-0237 93348 1 -2 3 -4 5 -6 -7 8 9 10 -11 -12 -13 -14 15 -16 17 18 19 -20 21 -22 23 24 -25 26 -27 28 29 30 31 -32 -33 34 -35 36 -37 38 39 40 41 -42 -43 -44 -45 -46 -47 -48 49 -50 0
uf50-0237 93348 1 -2 3 -4 5 -6 -7 8 9 10 -11 -12 -13 -14 15 -16 17 18 19 -20 21 -22 23 24 -25 26 -27 28 29 30 31 -32 -33 34 -35 36 -37 38 39 40 41 -42 -43 -44 -45 -46 -47 -48 49 -50 0
uf50-0237 93348 1 -2 3 -4 5 -6 -7 8 9 10 -11 -12 -13 -14 15 -16 17 18 19 -20 21 -22 23 24 -25 26 -27 28 29 30 31 -32 -33 34 -35 36 -37 38 39 40 41 -42 -43 -44 -45 -46 -47 -48 49 -50 0
uf50-0237 93348 1 -2 3 -4 5 -6 -7 8 9 10 -11 -12 -13 -14 15 -16 17 18 19 -20 21 -22 23 24 -25 26 -27 28 29 30 31 -32 -33 34 -35 36 -37 38 39 40 41 -42 -43 -44 -45 -46 -47 -48 49 -50 0
uf50-0237 93348 1 -2 3 -4 5 -6 -7 8 9 10 -11 -12 -13 -14 15 -16 17 18 19 -20 21 -22 23 24 -25 26 -27 28 29 30 31 -32 -33 34 -35 36 -37 38 39 40 41 -42 -43 -44 -45 -46 -47 -48 49 -50 0
uf50-0237 82285 1 -2 -3 -4 5 -6 7 8 9 -10 -11 -12 -13 14 15 -16 17 18 19 -20 21 -22 -23 24 -25 -26 27 28 29 30 -31 32 -33 34 -35 36 -37 38 -39 40 41 -42 -43 44 45 46 -47 -48 49 50 0
uf50-0237 89184 1 -2 3 -4 5 -6 -7 -8 9 10 -11 -12 -13 -14 15 -16 17 18 19 -20 21 -22 23 24 -25 26 -27 28 29 -30 31 -32 -33 34 -35 36 -37 38 39 40 41 -42 -43 -44 -45 -46 -47 -48 49 50 0
uf50-0237 93348 1 -2 3 -4 5 -6 -7 8 9 10 -11 -12 -13 -14 15 -16 17 18 19 -20 21 -22 23 24 -25 26 -27 28 29 30 31 -32 -33 34 -35 36 -37 38 39 40 41 -42 -43 -44 -45 -46 -47 -48 49 -50 0
uf50-0237 93348 1 -2 3 -4 5 -6 -7 8 9 10 -11 -12 -13 -14 15 -16 17 18 19 -20 21 -22 23 24 -25 26 -27 28 29 30 31 -32 -33 34 -35 36 -37 38 39 40 41 -42 -43 -44 -45 -46 -47 -48 49 -50 0
uf50-0237 82285 1 -2 -3 -4 5 -6 7 8 9 -10 -11 -12 -13 14 15 -16 17 18 19 -20 21 -22 -23 24 -25 -26 27 28 29 30 -31 32 -33 34 -35 36 -37 38 -39 40 41 -42 -43 44 45 46 -47 -48 49 50 0
uf50-0237 89184 1 -2 3 -4 5 -6 -7 -8 9 10 -11 -12 -13 -14 15 -16 17 18 19 -20 21 -22 23 24 -25 26 -27 28 29 -30 31 -32 -33 34 -35 36 -37 38 39 40 41 -42 -43 -44 -45 -46 -47 -48 49 50 0
uf50-0237 89385 1 -2 -3 -4 -5 -6 -7 8 9 10 -11 -12 -13 -14 15 -16 17 18 19 -20 21 -22 23 24 -25 26 -27 28 29 30 31 -32 -33 34 -35 36 -37 38 39 40 41 -42 -43 -44 -45 -46 -47 -48 49 -50 0
uf50-0237 85827 1 -2 -3 -4 -5 -6 -7 8 9 10 -11 -12 -13 -14 15 -16 17 18 19 -20 21 -22 23 24 -25 26 -27 28 29 30 31 -32 -33 -34 -35 36 -37 38 39 40 41 -42 -43 -44 -45 -46 -47 -48 49 -50 0
uf50-0237 89184 1 -2 3 -4 5 -6 -7 -8 9 10 -11 -12 -13 -14 15 -16 17 18 19 -20 21 -22 23 24 -25 26 -27 28 29 -30 31 -32 -33 34 -35 36 -37 38 39 40 41 -42 -43 -44 -45 -46 -47 -48 49 50 0
uf50-0237 89184 1 -2 3 -4 5 -6 -7 -8 9 10 -11 -12 -13 -14 15 -16 17 18 19 -20 21 -22 23 24 -25 26 -27 28 29 -30 31 -32 -33 34 -35 36 -37 38 39 40 41 -42 -43 -44 -45 -46 -47 -48 49 50 0
uf50-0237 89184 1 -2 3 -4 5 -6 -7 -8 9 10 -11 -12 -13 -14 15 -16 17 18 19 -20 21 -22 23 24 -25 26 -27 28 29 -30 31 -32 -33 34 -35 36 -37 38 39 40 41 -42 -43 -44 -45 -46 -47 -48 49 50 0
uf50-0237 93348 1 -2 3 -4 5 -6 -7 8 9 10 -11 -12 -13 -14 15 -16 17 18 19 -20 21 -22 23 24 -25 26 -27 28 29 30 31 -32 -33 34 -35 36 -37 38 39 40 41 -42 -43 -44 -45 -46 -47 -48 49 -50 0
uf50-0237 82285 1 -2 -3 -4 5 -6 7 8 9 -10 -11 -12 -13 14 15 -16 17 18 19 -20 21 -22 -23 24 -25 -26 27 28 29 30 -31 32 -33 34 -35 36 -37 38 -39 40 41 -42 -43 44 45 46 -47 -48 49 50 0
uf50-0237 82285 1 -2 -3 -4 5 -6 7 8 9 -10 -11 -12 -13 14 15 -16 17 18 19 -20 21 -22 -23 24 -25 -26 27 28 29 30 -31 32 -33 34 -35 36 -37 38 -39 40 41 -42 -43 44 45 46 -47 -48 49 50 0
uf50-0237 82285 1 -2 -3 -4 5 -6 7 8 9 -10 -11 -12 -13 14 15 -16 17 18 19 -20 21 -22 -23 24 -25 -26 27 28 29 30 -31 32 -33 34 -35 36 -37 38 -39 40 41 -42 -43 44 45 46 -47 -48 49 50 0
uf50-0237 89184 1 -2 3 -4 5 -6 -7 -8 9 10 -11 -12 -13 -14 15 -16 17 18 19 -20 21 -22 23 24 -25 26 -27 28 29 -30 31 -32 -33 34 -35 36 -37 38 39 40 41 -42 -43 -44 -45 -46 -47 -48 49 50 0
uf50-0237 82285 1 -2 -3 -4 5 -6 7 8 9 -10 -11 -12 -13 14 15 -16 17 18 19 -20 21 -22 -23 24 -25 -26 27 28 29 30 -31 32 -33 34 -35 36 -37 38 -39 40 41 -42 -43 44 45 46 -47 -48 49 50 0
uf50-0237 89184 1 -2 3 -4 5 -6 -7 -8 9 10 -11 -12 -13 -14 15 -16 17 18 19 -20 21 -22 23 24 -25 26 -27 28 29 -30 31 -32 -33 34 -35 36 -37 38 39 40 41 -42 -43 -44 -45 -46 -47 -48 49 50 0
uf50-0237 82685 1 -2 3 -4 -5 -6 -7 -8 9 10 -11 -12 -13 -14 15 -16 17 18 19 -20 21 -22 23 24 -25 26 -27 28 29 -30 -31 -32 -33 34 -35 36 -37 38 -39 40 41 -42 -43 -44 -45 -46 -47 -48 49 50 0
uf50-0237 89184 1 -2 3 -4 5 -6 -7 -8 9 10 -11 -12 -13 -14 15 -16 17 18 19 -20 21 -22 23 24 -25 26 -27 28 29 -30 31 -32 -33 34 -35 36 -37 38 39 40 41 -42 -43 -44 -45 -46 -47 -48 49 50 0
uf50-0237 91304 1 -2 3 -4 5 -6 -7 8 9 10 -11 -12 -13 -14 15 -16 17 18 19 -20 21 -22 23 24 -25 26 -27 28 29 30 31 -32 -33 34 -35 36 -37 -38 39 40 41 -42 -43 -44 -45 -46 -47 -48 49 -50 0
uf50-0237 93348 1 -2 3 -4 5 -6 -7 8 9 10 -11 -12 -13 -14 15 -16 17 18 19 -20 21 -22 23 24 -25 26 -27 28 29 30 31 -32 -33 34 -35 36 -37 38 39 40 41 -42 -43 -44 -45 -46 -47 -48 49 -50 0
