uf50-098 216 0
uf50-098 216 0
uf50-098 214 0
uf50-098 214 0
uf50-098 213 0
uf50-098 215 0
uf50-098 216 0
uf50-098 216 0
uf50-098 214 0
uf50-098 213 0
uf50-098 216 0
uf50-098 217 0
uf50-098 217 0
uf50-098 214 0
uf50-098 214 0
uf50-098 215 0
uf50-098 6148 1 -2 -3 -4 -5 -6 -7 -8 -9 10 -11 12 -13 -14 15 -16 17 -18 19 -20 -21 22 -23 24 -25 26 -27 28 -29 30 -31 -32 33 34 35 36 -37 38 -39 40 41 42 -43 -44 45 -46 47 48 49 -50 0
uf50-098 215 0
uf50-098 214 0
uf50-098 217 0
uf50-098 215 0
uf50-098 217 0
uf50-098 216 0
uf50-098 214 0
uf50-098 216 0
uf50-098 215 0
uf50-098 214 0
uf50-098 215 0
uf50-098 216 0
uf50-098 217 0
uf50-098 214 0
uf50-098 215 0
uf50-098 4891 -1 -2 3 4 -5 -6 -7 8 -9 -10 -11 12 -13 -14 15 -16 -17 -18 19 -20 21 22 23 24 -25 26 -27 28 -29 30 -31 -32 -33 34 35 36 -37 38 -39 -40 -41 42 -43 44 45 46 47 48 49 -50 0
uf50-098 215 0
uf50-098 215 0
uf50-098 216 0
uf50-098 215 0
uf50-098 214 0
uf50-098 215 0
uf50-098 215 0
uf50-098 217 0
uf50-098 214 0
uf50-098 213 0
uf50-098 216 0
uf50-098 216 0
uf50-098 216 0
uf50-098 216 0
uf50-098 214 0
uf50-098 216 0
uf50-098 216 0
uf50-0537 217 0
uf50-0537 216 0
uf50-0537 215 0
uf50-0537 215 0
uf50-0537 217 0
uf50-0537 214 0
uf50-0537 2645 -1 2 3 -4 -5 6 7 -8 -9 10 11 12 -13 -14 15 16 17 18 19 -20 21 22 -23 24 -25 -26 27 28 -29 30 31 -32 -33 34 35 36 37 38 -39 40 -41 42 -43 44 -45 -46 47 -48 -49 -50 0
uf50-0537 217 0
uf50-0537 214 0
uf50-0537 217 0
uf50-0537 2762 -1 2 3 -4 -5 6 7 -8 -9 10 11 12 -13 -14 15 16 17 18 19 -20 21 22 -23 24 -25 -26 27 28 29 30 31 -32 -33 34 35 36 37 38 -39 40 -41 42 -43 44 -45 -46 47 -48 -49 -50 0
uf50-0537 217 0
uf50-0537 217 0
uf50-0537 216 0
uf50-0537 216 0
uf50-0537 216 0
uf50-0537 215 0
uf50-0537 215 0
uf50-0537 217 0
uf50-0537 217 0
uf50-0537 217 0
uf50-0537 217 0
uf50-0537 3526 -1 2 3 -4 5 6 7 8 -9 10 11 -12 -13 -14 15 16 17 18 19 -20 -21 22 -23 24 -25 26 27 -28 -29 -30 31 -32 -33 34 35 36 37 38 39 40 -41 42 -43 44 -45 -46 47 -48 49 -50 0
uf50-0537 216 0
uf50-0537 215 0
uf50-0537 216 0
uf50-0537 216 0
uf50-0537 216 0
uf50-0537 217 0
uf50-0537 217 0
uf50-0537 216 0
uf50-0537 217 0
uf50-0537 216 0
uf50-0537 217 0
uf50-0537 216 0
uf50-0537 216 0
uf50-0537 216 0
uf50-0537 214 0
uf50-0537 215 0
uf50-0537 2951 -1 2 3 -4 5 6 7 -8 -9 10 11 12 -13 -14 15 16 17 18 19 -20 -21 22 -23 24 -25 -26 27 28 29 30 31 -32 -33 34 35 36 37 38 -39 40 -41 42 -43 44 -45 -46 47 -48 -49 -50 0
uf50-0537 217 0
uf50-0537 217 0
uf50-0537 215 0
uf50-0537 215 0
uf50-0537 217 0
uf50-0537 217 0
uf50-0537 4769 -1 2 -3 -4 -5 6 7 8 -9 10 -11 -12 -13 -14 15 16 17 18 -19 -20 21 22 23 -24 -25 26 27 -28 -29 30 31 -32 33 34 35 36 37 38 39 40 41 42 43 44 -45 -46 47 -48 -49 -50 0
uf50-0537 217 0
uf50-0537 217 0
uf50-0537 217 0
uf50-0472 215 0
uf50-0472 214 0
uf50-0472 215 0
uf50-0472 216 0
uf50-0472 216 0
uf50-0472 217 0
uf50-0472 217 0
uf50-0472 217 0
uf50-0472 1856 1 2 -3 -4 5 -6 7 8 -9 10 11 12 -13 -14 15 -16 17 -18 -19 20 21 22 23 -24 25 -26 -27 28 29 -30 31 32 -33 -34 -35 -36 37 -38 -39 -40 41 42 43 44 45 -46 -47 -48 -49 -50 0
uf50-0472 3590 1 2 -3 4 5 -6 7 8 -9 10 -11 12 13 -14 15 -16 17 18 -19 -20 21 22 23 -24 25 -26 -27 28 29 30 31 32 -33 -34 -35 -36 37 -38 -39 -40 41 42 43 44 45 46 47 -48 49 -50 0
uf50-0472 217 0
uf50-0472 217 0
uf50-0472 215 0
uf50-0472 217 0
uf50-0472 216 0
uf50-0472 1414 1 -2 -3 -4 5 -6 7 8 -9 10 -11 12 -13 -14 15 -16 17 -18 -19 20 21 22 23 -24 -25 -26 -27 28 29 -30 31 32 -33 -34 -35 36 37 -38 -39 -40 41 42 43 44 45 -46 -47 -48 -49 -50 0
uf50-0472 216 0
uf50-0472 216 0
uf50-0472 216 0
uf50-0472 217 0
uf50-0472 215 0
uf50-0472 2503 1 -2 -3 -4 5 6 7 8 -9 10 -11 12 -13 -14 15 -16 17 -18 19 -20 21 -22 23 -24 25 -26 -27 28 29 -30 31 32 -33 -34 -35 -36 37 -38 39 -40 41 42 -43 44 45 46 47 48 -49 -50 0
uf50-0472 216 0
uf50-0472 216 0
uf50-0472 217 0
uf50-0472 215 0
uf50-0472 216 0
uf50-0472 215 0
uf50-0472 215 0
uf50-0472 216 0
uf50-0472 217 0
uf50-0472 217 0
uf50-0472 217 0
uf50-0472 216 0
uf50-0472 3372 1 2 -3 4 5 -6 7 8 -9 10 -11 12 13 -14 15 -16 17 18 -19 -20 21 -22 23 -24 25 -26 -27 28 29 30 31 32 -33 -34 -35 -36 37 -38 -39 -40 41 42 43 44 45 46 47 -48 49 -50 0
uf50-0472 217 0
uf50-0472 216 0
uf50-0472 216 0
uf50-0472 216 0
uf50-0472 214 0
uf50-0472 217 0
uf50-0472 215 0
uf50-0472 216 0
uf50-0472 216 0
uf50-0472 217 0
uf50-0472 217 0
uf50-0472 215 0
uf50-0472 217 0
uf50-0472 217 0
uf50-0472 216 0
uf50-0945 217 0
uf50-0945 217 0
uf50-0945 217 0
uf50-0945 217 0
uf50-0945 217 0
uf50-0945 216 0
uf50-0945 217 0
uf50-0945 214 0
uf50-0945 217 0
uf50-0945 217 0
uf50-0945 217 0
uf50-0945 215 0
uf50-0945 217 0
uf50-0945 216 0
uf50-0945 216 0
uf50-0945 215 0
uf50-0945 1117 -1 2 -3 4 5 6 -7 8 -9 -10 11 12 13 -14 15 16 17 -18 -19 20 -21 22 -23 24 -25 -26 -27 -28 29 -30 -31 -32 33 34 35 -36 -37 38 39 40 41 42 -43 44 -45 -46 47 48 49 50 0
uf50-0945 216 0
uf50-0945 214 0
uf50-0945 217 0
uf50-0945 217 0
uf50-0945 215 0
uf50-0945 217 0
uf50-0945 217 0
uf50-0945 217 0
uf50-0945 216 0
uf50-0945 217 0
uf50-0945 217 0
uf50-0945 216 0
uf50-0945 215 0
uf50-0945 216 0
uf50-0945 214 0
uf50-0945 215 0
uf50-0945 215 0
uf50-0945 216 0
uf50-0945 216 0
uf50-0945 214 0
uf50-0945 217 0
uf50-0945 216 0
uf50-0945 214 0
uf50-0945 216 0
uf50-0945 217 0
uf50-0945 216 0
uf50-0945 214 0
uf50-0945 217 0
uf50-0945 215 0
uf50-0945 216 0
uf50-0945 217 0
uf50-0945 216 0
uf50-0945 215 0
uf50-0822 217 0
uf50-0822 3044 1 -2 -3 -4 -5 -6 -7 -8 9 10 -11 12 13 -14 15 16 17 18 -19 20 -21 22 23 24 -25 26 27 -28 -29 30 31 -32 33 34 -35 36 -37 38 39 40 41 42 43 44 -45 46 -47 -48 49 50 0
uf50-0822 216 0
uf50-0822 216 0
uf50-0822 216 0
uf50-0822 216 0
uf50-0822 217 0
uf50-0822 217 0
uf50-0822 216 0
uf50-0822 3044 1 -2 -3 -4 -5 -6 -7 -8 9 10 -11 12 13 -14 15 16 17 18 -19 20 -21 22 23 24 -25 26 27 -28 -29 30 31 -32 33 34 -35 36 -37 38 39 40 41 42 43 44 -45 46 -47 -48 49 50 0
uf50-0822 3104 1 -2 -3 -4 -5 -6 -7 -8 9 10 -11 12 13 -14 15 16 17 18 -19 20 21 22 23 24 -25 26 -27 -28 -29 30 31 -32 33 34 -35 36 -37 38 39 40 41 42 43 44 -45 46 -47 48 49 50 0
uf50-0822 217 0
uf50-0822 217 0
uf50-0822 214 0
uf50-0822 213 0
uf50-0822 215 0
uf50-0822 217 0
uf50-0822 216 0
uf50-0822 4952 1 -2 -3 -4 5 -6 -7 -8 -9 10 -11 12 13 -14 15 16 17 -18 -19 20 -21 22 23 24 -25 26 27 28 -29 30 31 32 -33 34 -35 36 -37 38 39 -40 41 42 43 44 45 46 47 -48 49 50 0
uf50-0822 3425 1 -2 -3 -4 -5 6 -7 -8 9 10 -11 12 13 -14 15 16 17 18 -19 20 -21 22 23 24 -25 26 27 -28 -29 30 31 -32 33 34 -35 36 -37 38 39 40 41 42 43 44 -45 46 -47 48 49 50 0
uf50-0822 215 0
uf50-0822 217 0
uf50-0822 217 0
uf50-0822 3245 1 -2 -3 -4 -5 6 -7 -8 9 10 -11 12 13 -14 15 16 17 18 -19 20 -21 -22 23 24 -25 26 27 -28 -29 30 31 -32 33 34 -35 36 -37 38 39 40 41 42 43 44 -45 46 -47 48 49 50 0
uf50-0822 216 0
uf50-0822 217 0
uf50-0822 213 0
uf50-0822 215 0
uf50-0822 216 0
uf50-0822 3044 1 -2 -3 -4 -5 -6 -7 -8 9 10 -11 12 13 -14 15 16 17 18 -19 20 -21 22 23 24 -25 26 27 -28 -29 30 31 -32 33 34 -35 36 -37 38 39 40 41 42 43 44 -45 46 -47 -48 49 50 0
uf50-0822 3245 1 -2 -3 -4 -5 6 -7 -8 9 10 -11 12 13 -14 15 16 17 18 -19 20 -21 -22 23 24 -25 26 27 -28 -29 30 31 -32 33 34 -35 36 -37 38 39 40 41 42 43 44 -45 46 -47 48 49 50 0
uf50-0822 215 0
uf50-0822 217 0
uf50-0822 4552 1 2 3 -4 -5 -6 -7 8 9 -10 11 -12 13 14 -15 16 17 -18 -19 -20 -21 22 23 24 25 26 -27 -28 -29 30 31 -32 33 34 -35 36 -37 38 39 40 -41 42 43 -44 45 -46 -47 -48 49 50 0
uf50-0822 215 0
uf50-0822 217 0
uf50-0822 216 0
uf50-0822 217 0
uf50-0822 215 0
uf50-0822 216 0
uf50-0822 217 0
uf50-0822 214 0
uf50-0822 215 0
uf50-0822 2476 -1 2 -3 -4 -5 -6 -7 -8 9 10 -11 12 13 14 -15 16 17 18 -19 20 21 -22 23 24 -25 26 27 -28 -29 30 -31 -32 33 34 -35 36 -37 38 -39 40 41 42 43 44 -45 -46 -47 48 49 50 0
uf50-0822 3245 1 -2 -3 -4 -5 -6 -7 -8 9 10 -11 12 13 -14 15 16 17 18 -19 20 21 -22 23 24 -25 26 27 -28 -29 30 31 -32 33 34 -35 36 -37 38 39 40 41 42 43 44 -45 46 -47 48 49 50 0
uf50-0822 217 0
uf50-0822 217 0
uf50-0822 217 0
uf50-0822 217 0
uf50-0822 216 0
uf50-0746 217 0
uf50-0746 217 0
uf50-0746 5281 1 -2 3 -4 -5 6 7 8 9 10 11 -12 13 14 15 16 17 18 19 -20 21 22 23 24 25 -26 27 28 29 30 -31 32 -33 34 35 -36 -37 -38 -39 40 -41 42 -43 -44 45 -46 47 48 49 50 0
uf50-0746 217 0
uf50-0746 4981 1 -2 3 -4 -5 6 7 8 9 10 -11 -12 13 14 15 16 17 18 19 -20 21 -22 23 24 25 -26 27 28 29 30 -31 32 -33 34 35 -36 -37 -38 -39 40 -41 42 43 -44 45 -46 -47 48 49 50 0
uf50-0746 5110 1 -2 3 -4 -5 6 7 8 9 10 11 -12 13 14 15 16 17 18 19 -20 -21 22 23 24 -25 -26 27 28 29 30 -31 32 -33 34 35 36 -37 -38 -39 40 -41 42 43 -44 45 -46 47 48 49 50 0
uf50-0746 217 0
uf50-0746 4808 1 -2 3 -4 -5 6 7 -8 9 10 11 -12 13 14 15 16 17 18 19 -20 -21 22 23 24 -25 26 27 28 29 -30 -31 32 -33 34 35 -36 -37 -38 -39 40 -41 42 43 -44 45 -46 47 48 49 50 0
uf50-0746 217 0
uf50-0746 217 0
uf50-0746 217 0
uf50-0746 4774 1 -2 3 -4 -5 6 7 8 9 10 11 -12 13 14 15 16 17 18 19 -20 -21 22 23 24 -25 -26 27 28 29 30 -31 32 -33 34 35 -36 -37 -38 -39 40 -41 42 43 -44 45 -46 47 48 49 50 0
uf50-0746 216 0
uf50-0746 217 0
uf50-0746 217 0
uf50-0746 4499 1 2 3 -4 -5 6 7 8 9 10 11 -12 -13 14 -15 16 -17 -18 19 -20 21 22 23 24 -25 -26 27 -28 29 -30 31 32 -33 34 35 36 -37 38 -39 40 -41 42 -43 -44 45 -46 47 48 49 50 0
uf50-0746 4844 1 -2 3 -4 -5 6 7 8 9 10 -11 -12 13 14 15 16 17 18 19 -20 -21 22 23 24 -25 -26 27 28 29 30 -31 32 -33 34 35 -36 -37 -38 -39 40 -41 42 43 -44 45 46 -47 48 49 50 0
uf50-0746 216 0
uf50-0746 3499 -1 2 3 4 5 6 7 8 9 10 -11 -12 -13 14 15 16 -17 -18 19 -20 21 22 23 -24 -25 26 27 -28 -29 30 31 32 -33 34 35 -36 -37 38 39 -40 -41 42 -43 44 45 -46 47 48 -49 50 0
uf50-0746 217 0
uf50-0746 217 0
uf50-0746 217 0
uf50-0746 217 0
uf50-0746 217 0
uf50-0746 217 0
uf50-0746 217 0
uf50-0746 217 0
uf50-0746 4736 1 -2 3 -4 -5 6 7 8 9 10 11 -12 13 14 15 16 17 18 19 -20 -21 22 23 24 -25 -26 27 28 29 -30 -31 32 -33 34 35 -36 -37 -38 -39 40 -41 42 43 -44 45 -46 47 48 49 50 0
uf50-0746 5154 -1 2 3 4 5 6 7 8 9 10 -11 12 -13 14 15 -16 -17 -18 19 20 21 22 23 24 25 26 27 28 -29 30 31 32 -33 -34 35 -36 -37 38 39 -40 -41 42 -43 44 -45 46 47 48 49 50 0
uf50-0746 217 0
uf50-0746 217 0
uf50-0746 217 0
uf50-0746 5238 1 -2 3 -4 -5 6 7 8 9 10 -11 -12 13 14 15 16 17 18 19 -20 -21 22 23 24 25 -26 27 28 29 30 -31 32 -33 34 35 -36 -37 -38 -39 40 -41 42 43 -44 45 46 -47 48 49 50 0
uf50-0746 217 0
uf50-0746 5281 1 -2 3 -4 -5 6 7 8 9 10 11 -12 13 14 15 16 17 18 19 -20 21 22 23 24 25 -26 27 28 29 30 -31 32 -33 34 35 -36 -37 -38 -39 40 -41 42 -43 -44 45 -46 47 48 49 50 0
uf50-0746 3273 -1 2 3 4 5 6 7 8 9 10 -11 -12 -13 14 15 16 -17 -18 19 -20 21 22 23 -24 -25 26 27 -28 -29 30 31 32 -33 -34 35 -36 -37 38 39 -40 -41 42 -43 44 45 -46 -47 48 49 50 0
uf50-0746 217 0
uf50-0746 217 0
uf50-0746 3464 -1 2 3 4 5 6 7 8 9 10 11 -12 -13 -14 15 -16 -17 -18 19 -20 21 -22 23 24 -25 26 27 28 -29 30 31 32 -33 34 35 36 -37 -38 39 -40 -41 42 -43 44 -45 -46 47 48 49 50 0
uf50-0746 217 0
uf50-0746 217 0
uf50-0746 5230 1 -2 3 -4 -5 6 7 -8 9 10 11 -12 13 14 15 16 17 -18 19 -20 21 22 23 24 25 -26 27 28 29 -30 -31 32 -33 34 35 -36 -37 38 -39 40 -41 42 -43 -44 45 -46 47 48 49 50 0
uf50-0746 5617 1 -2 3 -4 -5 6 7 8 9 10 11 -12 13 14 15 16 17 18 19 -20 21 22 23 24 25 -26 27 28 29 30 -31 32 -33 34 35 36 -37 -38 -39 40 -41 42 -43 -44 45 -46 47 48 49 50 0
uf50-0746 217 0
uf50-0746 4887 1 -2 3 -4 -5 6 7 8 9 10 11 -12 13 14 15 16 17 18 19 -20 21 22 23 24 -25 -26 27 28 29 30 -31 32 -33 34 35 -36 -37 -38 -39 40 -41 42 -43 -44 45 -46 47 48 49 50 0
uf50-0746 5294 1 -2 3 -4 -5 6 7 -8 9 10 11 -12 13 14 15 16 17 18 19 -20 21 22 23 24 -25 -26 27 28 29 -30 -31 32 -33 34 -35 36 -37 38 -39 40 -41 42 -43 -44 45 -46 -47 48 49 50 0
uf50-0746 5056 -1 2 3 4 5 6 7 8 9 10 -11 12 -13 14 15 -16 -17 -18 19 20 21 22 23 24 25 -26 27 28 -29 30 31 32 -33 -34 35 -36 -37 38 39 -40 -41 42 -43 44 -45 46 47 48 49 50 0
uf50-0746 4894 1 -2 3 -4 -5 6 7 8 9 10 11 -12 13 14 15 16 17 18 19 -20 -21 22 23 24 -25 -26 27 28 29 30 -31 32 -33 34 35 36 -37 -38 -39 40 -41 42 43 -44 45 -46 -47 48 49 50 0
uf50-0746 4981 1 -2 3 -4 -5 6 7 8 9 10 -11 -12 13 14 15 16 17 18 19 -20 21 -22 23 24 25 -26 27 28 29 30 -31 32 -33 34 35 -36 -37 -38 -39 40 -41 42 43 -44 45 -46 -47 48 49 50 0
uf50-0746 217 0
uf50-0237 215 0
uf50-0237 216 0
uf50-0237 216 0
uf50-0237 214 0
uf50-0237 213 0
uf50-0237 213 0
uf50-0237 213 0
uf50-0237 213 0
uf50-0237 215 0
uf50-0237 214 0
uf50-0237 217 0
uf50-0237 213 0
uf50-0237 217 0
uf50-0237 214 0
uf50-0237 215 0
uf50-0237 213 0
uf50-0237 212 0
uf50-0237 215 0
uf50-0237 216 0
uf50-0237 215 0
uf50-0237 216 0
uf50-0237 213 0
uf50-0237 213 0
uf50-0237 214 0
uf50-0237 216 0
uf50-0237 214 0
uf50-0237 217 0
uf50-0237 216 0
uf50-0237 215 0
uf50-0237 212 0
uf50-0237 214 0
uf50-0237 213 0
uf50-0237 214 0
uf50-0237 212 0
uf50-0237 214 0
uf50-0237 214 0
uf50-0237 215 0
uf50-0237 215 0
uf50-0237 215 0
uf50-0237 214 0
uf50-0237 214 0
uf50-0237 215 0
uf50-0237 213 0
uf50-0237 212 0
uf50-0237 215 0
uf50-0237 214 0
uf50-0237 215 0
uf50-0237 216 0
uf50-0237 215 0
uf50-0237 216 0
uf50-0323 214 0
uf50-0323 214 0
uf50-0323 215 0
uf50-0323 215 0
uf50-0323 212 0
uf50-0323 212 0
uf50-0323 213 0
uf50-0323 216 0
uf50-0323 214 0
uf50-0323 214 0
uf50-0323 213 0
uf50-0323 213 0
uf50-0323 213 0
uf50-0323 215 0
uf50-0323 215 0
uf50-0323 215 0
uf50-0323 215 0
uf50-0323 214 0
uf50-0323 213 0
uf50-0323 215 0
uf50-0323 1175 -1 -2 3 -4 5 6 7 -8 -9 10 11 12 -13 -14 15 -16 17 18 19 20 21 -22 -23 24 -25 -26 -27 -28 29 30 -31 32 -33 34 -35 -36 -37 38 -39 -40 41 -42 -43 -44 45 -46 -47 48 49 50 0
uf50-0323 213 0
uf50-0323 212 0
uf50-0323 212 0
uf50-0323 213 0
uf50-0323 215 0
uf50-0323 213 0
uf50-0323 214 0
uf50-0323 214 0
uf50-0323 214 0
uf50-0323 214 0
uf50-0323 215 0
uf50-0323 212 0
uf50-0323 213 0
uf50-0323 215 0
uf50-0323 213 0
uf50-0323 217 0
uf50-0323 212 0
uf50-0323 215 0
uf50-0323 215 0
uf50-0323 213 0
uf50-0323 215 0
uf50-0323 216 0
uf50-0323 215 0
uf50-0323 214 0
uf50-0323 215 0
uf50-0323 212 0
uf50-0323 213 0
uf50-0323 214 0
uf50-0323 216 0
uf50-0652 216 0
uf50-0652 217 0
uf50-0652 216 0
uf50-0652 217 0
uf50-0652 216 0
uf50-0652 216 0
uf50-0652 217 0
uf50-0652 216 0
uf50-0652 217 0
uf50-0652 216 0
uf50-0652 216 0
uf50-0652 217 0
uf50-0652 217 0
uf50-0652 217 0
uf50-0652 217 0
uf50-0652 217 0
uf50-0652 216 0
uf50-0652 217 0
uf50-0652 217 0
uf50-0652 216 0
uf50-0652 215 0
uf50-0652 215 0
uf50-0652 215 0
uf50-0652 217 0
uf50-0652 216 0
uf50-0652 215 0
uf50-0652 216 0
uf50-0652 216 0
uf50-0652 216 0
uf50-0652 217 0
uf50-0652 216 0
uf50-0652 216 0
uf50-0652 215 0
uf50-0652 216 0
uf50-0652 217 0
uf50-0652 216 0
uf50-0652 215 0
uf50-0652 217 0
uf50-0652 217 0
uf50-0652 216 0
uf50-0652 216 0
uf50-0652 216 0
uf50-0652 216 0
uf50-0652 216 0
uf50-0652 216 0
uf50-0652 216 0
uf50-0652 215 0
uf50-0652 213 0
uf50-0652 216 0
uf50-0652 217 0
uf50-0151 213 0
uf50-0151 213 0
uf50-0151 215 0
uf50-0151 214 0
uf50-0151 213 0
uf50-0151 214 0
uf50-0151 216 0
uf50-0151 216 0
uf50-0151 213 0
uf50-0151 217 0
uf50-0151 214 0
uf50-0151 215 0
uf50-0151 216 0
uf50-0151 215 0
uf50-0151 213 0
uf50-0151 215 0
uf50-0151 214 0
uf50-0151 214 0
uf50-0151 215 0
uf50-0151 216 0
uf50-0151 215 0
uf50-0151 216 0
uf50-0151 215 0
uf50-0151 212 0
uf50-0151 214 0
uf50-0151 216 0
uf50-0151 215 0
uf50-0151 214 0
uf50-0151 215 0
uf50-0151 215 0
uf50-0151 215 0
uf50-0151 217 0
uf50-0151 216 0
uf50-0151 215 0
uf50-0151 216 0
uf50-0151 216 0
uf50-0151 215 0
uf50-0151 214 0
uf50-0151 216 0
uf50-0151 214 0
uf50-0151 216 0
uf50-0151 213 0
uf50-0151 212 0
uf50-0151 216 0
uf50-0151 213 0
uf50-0151 212 0
uf50-0151 215 0
uf50-0151 213 0
uf50-0151 215 0
uf50-0151 215 0
