uf50-0472 109643 1 2 -3 -4 5 -6 7 8 -9 10 11 12 -13 -14 15 -16 17 18 -19 20 21 22 23 -24 25 -26 -27 28 29 30 31 32 -33 -34 -35 -36 37 -38 -39 -40 41 42 43 44 -45 46 47 -48 -49 -50 0
uf50-0472 101405 1 2 -3 -4 5 6 7 8 -9 10 -11 12 -13 -14 15 -16 17 -18 19 -20 21 -22 23 -24 25 -26 -27 28 29 -30 31 32 -33 -34 -35 -36 37 -38 -39 40 41 42 -43 44 45 -46 47 48 -49 -50 0
uf50-0472 101658 1 -2 -3 -4 5 6 7 8 -9 10 -11 12 -13 -14 15 -16 17 18 -19 20 21 -22 23 -24 25 -26 -27 28 29 -30 31 32 -33 -34 -35 -36 37 -38 39 -40 41 42 -43 44 -45 -46 47 48 -49 -50 0
uf50-0472 217 0
uf50-0472 101692 1 -2 -3 -4 5 6 7 8 -9 10 -11 12 -13 -14 15 -16 17 -18 -19 20 21 -22 23 -24 25 -26 -27 28 29 -30 31 32 -33 -34 -35 -36 37 -38 -39 -40 41 42 43 44 -45 46 47 48 -49 -50 0
uf50-0472 107911 1 2 -3 -4 5 6 7 8 -9 10 -11 12 -13 -14 15 -16 17 18 -19 20 21 -22 23 -24 25 -26 -27 28 29 -30 31 32 -33 -34 -35 -36 37 -38 -39 -40 41 42 -43 44 45 46 47 48 -49 -50 0
uf50-0472 109874 1 2 -3 -4 5 6 7 8 -9 10 11 12 -13 -14 15 -16 17 18 -19 20 21 22 23 -24 25 -26 -27 28 29 -30 31 32 -33 -34 -35 -36 37 -38 39 -40 41 42 -43 44 -45 46 47 48 -49 -50 0
uf50-0472 107745 1 2 -3 -4 5 6 7 8 -9 10 -11 12 -13 -14 15 -16 17 18 -19 20 21 -22 23 -24 25 -26 -27 28 29 -30 31 32 -33 -34 -35 -36 37 -38 39 -40 41 42 -43 44 45 -46 47 48 -49 -50 0
uf50-0472 109874 1 2 -3 -4 5 6 7 8 -9 10 11 12 -13 -14 15 -16 17 18 -19 20 21 22 23 -24 25 -26 -27 28 29 -30 31 32 -33 -34 -35 -36 37 -38 39 -40 41 42 -43 44 -45 46 47 48 -49 -50 0
uf50-0472 217 0
uf50-0472 217 0
uf50-0472 98246 1 2 -3 -4 5 6 7 8 -9 10 -11 12 -13 -14 15 -16 17 -18 19 20 21 -22 -23 -24 -25 -26 -27 28 29 -30 -31 32 -33 -34 -35 -36 37 38 -39 40 41 42 43 44 45 -46 47 48 -49 -50 0
uf50-0472 217 0
uf50-0472 109022 1 2 -3 -4 5 -6 7 8 -9 10 -11 12 -13 -14 15 -16 17 18 -19 20 21 -22 23 -24 25 -26 -27 28 29 30 31 32 -33 -34 -35 -36 37 -38 39 -40 41 42 -43 44 45 46 47 -48 -49 -50 0
uf50-0472 111967 1 2 -3 -4 5 6 7 8 -9 10 -11 12 -13 -14 15 -16 17 18 -19 20 21 22 23 -24 25 -26 -27 28 29 -30 31 32 -33 -34 -35 -36 37 -38 39 -40 41 42 -43 44 45 46 47 48 -49 -50 0
uf50-0472 110821 1 2 -3 -4 5 6 7 8 -9 10 11 12 -13 -14 15 -16 17 -18 -19 20 21 22 23 -24 25 -26 -27 28 29 -30 31 32 -33 -34 -35 -36 37 -38 39 -40 41 42 -43 44 45 46 47 48 -49 -50 0
uf50-0472 106161 1 2 -3 -4 5 6 7 8 -9 10 -11 12 -13 -14 15 -16 17 18 -19 20 21 -22 23 -24 25 -26 -27 28 29 -30 31 32 -33 -34 -35 -36 37 -38 -39 -40 41 42 -43 44 45 -46 47 48 -49 -50 0
uf50-0472 112779 1 2 -3 -4 5 6 7 8 -9 10 11 12 -13 -14 15 -16 17 18 -19 20 21 22 23 -24 25 -26 -27 28 29 -30 31 32 -33 -34 -35 -36 37 -38 39 -40 41 42 -43 44 45 46 47 48 -49 -50 0
uf50-0472 110348 1 2 -3 -4 5 -6 7 8 -9 10 11 12 -13 -14 15 -16 17 -18 -19 20 21 22 23 -24 25 -26 -27 28 29 30 31 32 -33 -34 -35 -36 37 -38 39 -40 41 42 -43 44 45 46 47 -48 -49 -50 0
uf50-0472 108366 1 2 -3 -4 5 6 7 8 -9 10 11 12 -13 -14 15 -16 17 18 -19 20 21 22 23 -24 25 -26 -27 28 29 -30 31 32 -33 -34 -35 -36 37 -38 -39 -40 41 42 43 44 -45 -46 47 48 -49 -50 0
uf50-0472 110630 1 2 -3 -4 5 -6 7 8 -9 10 11 12 -13 -14 15 -16 17 18 -19 20 21 22 23 -24 -25 -26 -27 28 29 30 31 32 -33 -34 -35 -36 37 -38 39 -40 41 42 -43 44 45 46 47 -48 -49 -50 0
uf50-0472 217 0
uf50-0472 109264 1 2 -3 -4 5 -6 7 8 -9 10 -11 12 -13 -14 15 -16 17 18 -19 20 21 -22 23 -24 25 -26 -27 28 29 30 31 32 -33 -34 -35 -36 37 -38 -39 -40 41 42 43 44 45 46 47 -48 -49 -50 0
uf50-0472 101104 1 -2 -3 4 5 -6 7 8 -9 10 -11 12 13 -14 15 -16 17 -18 -19 -20 21 -22 23 -24 25 -26 -27 28 29 30 31 32 -33 -34 -35 -36 37 -38 -39 -40 41 42 43 44 45 46 47 -48 49 -50 0
uf50-0472 98199 1 -2 -3 4 5 -6 7 8 -9 10 -11 12 13 -14 15 -16 17 -18 -19 -20 21 -22 23 -24 25 -26 -27 28 29 30 31 32 -33 -34 -35 -36 37 -38 -39 -40 41 42 43 44 -45 46 47 -48 49 -50 0
uf50-0472 217 0
uf50-0472 108501 1 2 -3 -4 5 6 7 8 -9 10 -11 12 -13 -14 15 -16 17 -18 -19 20 21 22 23 -24 25 -26 -27 28 29 -30 31 32 -33 -34 -35 -36 37 -38 -39 -40 41 42 43 44 45 -46 47 48 -49 -50 0
uf50-0472 103650 1 -2 -3 -4 5 6 7 8 -9 10 -11 12 -13 -14 15 -16 17 18 -19 20 21 -22 23 -24 25 -26 -27 28 29 -30 31 32 -33 -34 -35 -36 37 -38 -39 -40 41 42 43 44 -45 46 47 48 -49 -50 0
uf50-0472 108366 1 2 -3 -4 5 6 7 8 -9 10 11 12 -13 -14 15 -16 17 18 -19 20 21 22 23 -24 25 -26 -27 28 29 -30 31 32 -33 -34 -35 -36 37 -38 -39 -40 41 42 43 44 -45 -46 47 48 -49 -50 0
uf50-0472 106240 1 2 -3 -4 5 6 7 8 -9 10 11 12 -13 -14 15 -16 17 -18 -19 20 21 22 23 -24 -25 -26 -27 28 29 -30 31 32 -33 -34 -35 -36 37 -38 39 -40 41 42 -43 44 -45 46 47 48 -49 -50 0
uf50-0472 94842 1 -2 -3 -4 5 6 7 8 -9 10 -11 12 -13 -14 15 -16 17 -18 19 -20 21 -22 -23 -24 25 -26 -27 28 29 -30 31 32 -33 -34 -35 -36 37 -38 39 -40 41 42 -43 44 -45 46 47 48 -49 -50 0
uf50-0472 104502 1 2 -3 -4 5 -6 7 8 -9 10 11 12 -13 -14 15 -16 17 18 -19 -20 21 22 23 -24 -25 -26 -27 28 29 30 31 32 -33 -34 -35 -36 37 -38 -39 -40 41 42 43 44 -45 46 47 -48 -49 -50 0
uf50-0472 101104 1 -2 -3 4 5 -6 7 8 -9 10 -11 12 13 -14 15 -16 17 -18 -19 -20 21 -22 23 -24 25 -26 -27 28 29 30 31 32 -33 -34 -35 -36 37 -38 -39 -40 41 42 43 44 45 46 47 -48 49 -50 0
uf50-0472 109835 1 2 -3 -4 5 -6 7 8 -9 10 11 12 -13 -14 15 -16 17 18 -19 20 21 22 23 -24 -25 -26 -27 28 29 -30 31 32 -33 -34 -35 -36 37 -38 39 -40 41 42 -43 44 45 46 47 48 -49 -50 0
uf50-0472 107487 1 2 -3 -4 5 6 7 8 -9 10 11 12 -13 -14 15 -16 17 -18 -19 20 21 22 23 -24 25 -26 -27 28 29 -30 31 32 -33 -34 -35 -36 37 -38 -39 -40 41 42 -43 44 45 -46 47 48 -49 -50 0
uf50-0472 110116 1 2 -3 -4 5 6 7 8 -9 10 11 12 -13 -14 15 -16 17 18 -19 20 21 22 23 -24 25 -26 -27 28 29 -30 31 32 -33 -34 -35 -36 37 -38 -39 -40 41 42 43 44 -45 46 47 48 -49 -50 0
uf50-0472 107523 1 2 -3 4 5 -6 7 8 -9 10 11 12 -13 -14 15 -16 17 -18 -19 -20 21 22 23 -24 25 -26 -27 28 29 30 31 32 -33 -34 -35 -36 37 -38 -39 -40 41 42 43 44 45 46 47 -48 49 -50 0
uf50-0472 95057 1 -2 -3 -4 5 6 7 8 -9 10 -11 12 -13 -14 15 -16 17 -18 19 -20 21 -22 -23 -24 25 -26 -27 28 29 -30 31 32 -33 -34 -35 -36 37 -38 39 40 41 42 -43 44 -45 46 47 48 -49 -50 0
uf50-0472 217 0
uf50-0472 100157 1 -2 -3 4 5 -6 7 8 -9 10 -11 12 13 -14 15 -16 17 18 -19 -20 21 -22 23 -24 25 -26 -27 28 29 30 31 32 -33 -34 -35 -36 37 -38 -39 -40 41 42 43 44 -45 46 47 -48 49 -50 0
uf50-0472 98199 1 -2 -3 4 5 -6 7 8 -9 10 -11 12 13 -14 15 -16 17 -18 -19 -20 21 -22 23 -24 25 -26 -27 28 29 30 31 32 -33 -34 -35 -36 37 -38 -39 -40 41 42 43 44 -45 46 47 -48 49 -50 0
uf50-0472 103087 1 -2 -3 -4 5 -6 7 8 -9 10 -11 12 -13 -14 15 -16 17 -18 -19 20 21 -22 23 -24 25 -26 -27 28 29 -30 31 32 -33 -34 -35 -36 37 -38 39 -40 41 42 -43 44 45 46 47 48 -49 -50 0
uf50-0472 108124 1 2 -3 -4 5 6 7 8 -9 10 11 12 -13 -14 15 -16 17 18 -19 20 21 22 23 -24 25 -26 -27 28 29 -30 31 32 -33 -34 -35 -36 37 -38 39 -40 41 42 -43 44 -45 -46 47 48 -49 -50 0
uf50-0472 108716 1 2 -3 4 5 -6 7 8 -9 10 -11 12 13 -14 15 -16 17 18 -19 -20 21 22 23 -24 25 -26 -27 28 29 30 31 32 -33 -34 -35 -36 37 -38 -39 -40 41 42 43 44 45 46 47 -48 49 -50 0
uf50-0472 217 0
uf50-0472 112306 1 2 -3 -4 5 -6 7 8 -9 10 11 12 -13 -14 15 -16 17 18 -19 20 21 22 23 -24 25 -26 -27 28 29 30 31 32 -33 -34 -35 -36 37 -38 39 -40 41 42 -43 44 45 46 47 -48 -49 -50 0
uf50-0472 217 0
uf50-0472 113021 1 2 -3 -4 5 6 7 8 -9 10 11 12 -13 -14 15 -16 17 18 -19 20 21 22 23 -24 25 -26 -27 28 29 -30 31 32 -33 -34 -35 -36 37 -38 -39 -40 41 42 43 44 45 46 47 48 -49 -50 0
uf50-0472 96268 1 2 -3 -4 5 6 -7 8 -9 10 -11 12 -13 -14 15 -16 17 -18 -19 20 21 -22 23 -24 -25 -26 -27 28 29 -30 -31 32 -33 -34 -35 -36 37 38 39 -40 41 42 -43 44 45 -46 47 48 -49 -50 0
uf50-0472 217 0
uf50-0799 217 0
uf50-0799 217 0
uf50-0799 217 0
uf50-0799 217 0
uf50-0799 216 0
uf50-0799 217 0
uf50-0799 217 0
uf50-0799 217 0
uf50-0799 216 0
uf50-0799 216 0
uf50-0799 217 0
uf50-0799 217 0
uf50-0799 216 0
uf50-0799 126135 -1 2 3 4 -5 6 -7 8 9 10 -11 -12 -13 14 15 16 -17 -18 19 -20 -21 22 23 24 25 26 27 -28 -29 30 -31 -32 -33 -34 35 36 -37 38 39 -40 41 42 -43 -44 45 -46 47 48 -49 -50 0
uf50-0799 217 0
uf50-0799 217 0
uf50-0799 216 0
uf50-0799 216 0
uf50-0799 216 0
uf50-0799 217 0
uf50-0799 217 0
uf50-0799 216 0
uf50-0799 217 0
uf50-0799 217 0
uf50-0799 216 0
uf50-0799 217 0
uf50-0799 217 0
uf50-0799 217 0
uf50-0799 217 0
uf50-0799 217 0
uf50-0799 217 0
uf50-0799 217 0
uf50-0799 216 0
uf50-0799 216 0
uf50-0799 217 0
uf50-0799 126135 -1 2 3 4 -5 6 -7 8 9 10 -11 -12 -13 14 15 16 -17 -18 19 -20 -21 22 23 24 25 26 27 -28 -29 30 -31 -32 -33 -34 35 36 -37 38 39 -40 41 42 -43 -44 45 -46 47 48 -49 -50 0
uf50-0799 217 0
uf50-0799 216 0
uf50-0799 217 0
uf50-0799 216 0
uf50-0799 217 0
uf50-0799 217 0
uf50-0799 217 0
uf50-0799 217 0
uf50-0799 216 0
uf50-0799 216 0
uf50-0799 216 0
uf50-0799 217 0
uf50-0799 217 0
uf50-0799 217 0
uf50-0863 217 0
uf50-0863 216 0
uf50-0863 217 0
uf50-0863 216 0
uf50-0863 217 0
uf50-0863 217 0
uf50-0863 216 0
uf50-0863 217 0
uf50-0863 217 0
uf50-0863 216 0
uf50-0863 217 0
uf50-0863 217 0
uf50-0863 216 0
uf50-0863 217 0
uf50-0863 217 0
uf50-0863 216 0
uf50-0863 217 0
uf50-0863 216 0
uf50-0863 216 0
uf50-0863 216 0
uf50-0863 216 0
uf50-0863 217 0
uf50-0863 216 0
uf50-0863 216 0
uf50-0863 216 0
uf50-0863 216 0
uf50-0863 217 0
uf50-0863 217 0
uf50-0863 217 0
uf50-0863 217 0
uf50-0863 217 0
uf50-0863 216 0
uf50-0863 216 0
uf50-0863 217 0
uf50-0863 216 0
uf50-0863 217 0
uf50-0863 217 0
uf50-0863 216 0
uf50-0863 215 0
uf50-0863 216 0
uf50-0863 217 0
uf50-0863 216 0
uf50-0863 216 0
uf50-0863 217 0
uf50-0863 109539 -1 -2 -3 -4 -5 6 7 -8 9 -10 11 12 13 -14 15 -16 -17 -18 19 -20 -21 22 -23 -24 25 26 27 28 29 30 -31 32 33 -34 -35 -36 -37 -38 39 40 -41 42 43 44 -45 -46 47 -48 -49 -50 0
uf50-0863 217 0
uf50-0863 217 0
uf50-0863 215 0
uf50-0863 217 0
uf50-0863 216 0
uf50-0549 123218 1 2 3 4 5 6 7 8 9 -10 -11 12 -13 -14 15 -16 -17 18 -19 20 21 -22 -23 -24 25 -26 -27 28 -29 -30 31 32 33 34 35 36 37 38 -39 -40 41 42 43 -44 45 46 -47 48 49 50 0
uf50-0549 125257 1 2 3 4 5 6 7 -8 9 10 -11 12 13 -14 15 -16 -17 18 19 -20 21 -22 -23 -24 25 -26 -27 28 -29 -30 31 32 33 34 35 36 37 38 -39 -40 41 42 43 44 45 46 -47 -48 49 -50 0
uf50-0549 121640 1 2 3 4 -5 6 7 8 9 -10 -11 12 -13 -14 15 -16 -17 18 -19 20 21 -22 -23 -24 25 -26 -27 28 -29 -30 31 32 33 34 35 36 37 38 -39 -40 41 42 43 -44 45 46 47 48 49 50 0
uf50-0549 124061 1 2 3 4 5 6 7 -8 9 -10 -11 12 13 -14 15 -16 -17 18 -19 20 21 -22 -23 -24 25 -26 -27 28 -29 -30 31 32 33 34 35 36 37 38 -39 -40 41 42 43 -44 45 46 -47 48 49 50 0
uf50-0549 125257 1 2 3 4 5 6 7 -8 9 10 -11 12 13 -14 15 -16 -17 18 19 -20 21 -22 -23 -24 25 -26 -27 28 -29 -30 31 32 33 34 35 36 37 38 -39 -40 41 42 43 44 45 46 -47 -48 49 -50 0
uf50-0549 119802 1 2 3 4 5 6 7 -8 9 -10 -11 12 13 -14 15 -16 -17 18 -19 20 21 -22 -23 -24 25 -26 -27 28 -29 -30 31 32 33 34 35 36 37 38 -39 -40 41 42 -43 -44 45 46 -47 48 49 50 0
uf50-0549 123679 1 2 3 4 -5 6 7 -8 9 10 -11 12 13 -14 15 -16 -17 18 19 -20 21 -22 -23 -24 25 -26 -27 28 -29 -30 31 32 33 34 35 36 37 38 -39 -40 41 42 43 44 45 46 47 -48 49 -50 0
uf50-0549 124061 1 2 3 4 5 6 7 -8 9 -10 -11 12 13 -14 15 -16 -17 18 -19 20 21 -22 -23 -24 25 -26 -27 28 -29 -30 31 32 33 34 35 36 37 38 -39 -40 41 42 43 -44 45 46 -47 48 49 50 0
uf50-0549 114073 1 2 3 4 5 6 7 -8 9 10 -11 12 -13 -14 -15 -16 -17 18 -19 -20 21 -22 23 -24 25 -26 -27 28 -29 -30 -31 32 33 34 35 36 -37 38 -39 -40 41 42 43 -44 45 46 -47 -48 49 -50 0
uf50-0549 123326 -1 2 3 4 5 6 7 -8 9 10 -11 12 13 -14 15 -16 -17 18 19 -20 21 -22 -23 -24 25 -26 -27 28 -29 -30 31 32 33 34 35 36 37 38 -39 -40 41 42 43 44 45 46 47 -48 49 -50 0
uf50-0549 120960 1 2 3 4 5 6 7 -8 9 -10 -11 12 13 -14 15 -16 -17 18 -19 20 21 -22 -23 -24 25 -26 -27 28 -29 -30 31 32 33 34 35 36 -37 38 -39 -40 41 42 43 -44 45 46 -47 48 49 -50 0
uf50-0549 122759 1 2 3 4 5 6 7 -8 9 10 -11 12 13 -14 15 -16 -17 18 19 -20 21 -22 -23 -24 25 -26 -27 28 -29 -30 31 32 33 34 35 36 -37 38 -39 -40 41 42 43 44 45 46 -47 -48 49 -50 0
uf50-0549 120803 1 2 3 4 5 6 7 8 9 -10 -11 12 13 -14 15 -16 -17 18 -19 20 21 -22 -23 -24 25 -26 -27 28 -29 -30 31 32 33 34 35 36 -37 38 -39 -40 41 42 43 -44 45 46 -47 -48 49 -50 0
uf50-0549 123326 -1 2 3 4 5 6 7 -8 9 10 -11 12 13 -14 15 -16 -17 18 19 -20 21 -22 -23 -24 25 -26 -27 28 -29 -30 31 32 33 34 35 36 37 38 -39 -40 41 42 43 44 45 46 47 -48 49 -50 0
uf50-0549 122759 1 2 3 4 5 6 7 -8 9 -10 -11 12 13 -14 15 -16 -17 18 19 -20 21 -22 -23 -24 25 -26 -27 28 -29 -30 31 32 33 34 35 36 37 38 -39 -40 41 42 43 44 45 46 -47 -48 49 -50 0
uf50-0549 123243 1 2 3 4 5 6 7 -8 9 10 -11 12 13 -14 15 -16 -17 18 -19 -20 21 -22 -23 -24 25 -26 -27 28 -29 -30 31 32 33 34 35 36 37 38 -39 -40 41 42 43 -44 45 46 -47 -48 49 -50 0
uf50-0549 122291 1 2 3 4 5 6 7 -8 9 -10 -11 12 -13 -14 15 -16 -17 18 -19 20 21 -22 -23 -24 25 -26 -27 28 -29 -30 31 32 33 34 35 36 37 38 -39 -40 41 42 43 -44 45 46 -47 48 49 50 0
uf50-0549 120828 -1 2 3 4 5 6 7 -8 9 10 -11 12 13 -14 15 -16 -17 18 19 -20 21 -22 -23 -24 25 -26 -27 28 -29 -30 31 32 33 34 35 36 -37 38 -39 -40 41 42 43 44 45 46 47 -48 49 -50 0
uf50-0549 125257 1 2 3 4 5 6 7 -8 9 10 -11 12 13 -14 15 -16 -17 18 19 -20 21 -22 -23 -24 25 -26 -27 28 -29 -30 31 32 33 34 35 36 37 38 -39 -40 41 42 43 44 45 46 -47 -48 49 -50 0
uf50-0549 122759 1 2 3 4 5 6 7 -8 9 10 -11 12 13 -14 15 -16 -17 18 19 -20 21 -22 -23 -24 25 -26 -27 28 -29 -30 31 32 33 34 35 36 -37 38 -39 -40 41 42 43 44 45 46 -47 -48 49 -50 0
uf50-0549 121640 1 2 3 4 -5 6 7 8 9 -10 -11 12 -13 -14 15 -16 -17 18 -19 20 21 -22 -23 -24 25 -26 -27 28 -29 -30 31 32 33 34 35 36 37 38 -39 -40 41 42 43 -44 45 46 47 48 49 50 0
uf50-0549 123337 1 2 3 4 5 6 7 -8 9 10 -11 12 13 -14 15 -16 -17 18 19 -20 21 -22 23 -24 25 -26 -27 28 -29 -30 -31 32 33 34 35 36 37 38 -39 -40 41 42 43 44 45 46 -47 -48 49 -50 0
uf50-0549 123301 1 2 3 4 5 6 7 8 9 -10 -11 12 13 -14 15 -16 -17 18 -19 20 21 -22 -23 -24 25 -26 -27 28 -29 -30 31 32 33 34 35 36 37 38 -39 -40 41 42 43 -44 45 46 -47 -48 49 -50 0
uf50-0549 120916 1 2 3 4 5 6 7 -8 9 10 -11 12 13 -14 15 -16 -17 18 19 -20 21 -22 23 -24 25 -26 -27 28 -29 -30 -31 32 33 34 35 36 37 -38 -39 -40 41 42 43 44 45 46 -47 -48 49 -50 0
uf50-0549 122380 1 2 3 4 -5 6 7 -8 9 10 -11 12 13 -14 15 -16 -17 18 19 -20 21 -22 -23 -24 25 -26 -27 28 -29 -30 31 32 33 34 35 36 37 38 -39 -40 41 42 43 44 45 46 -47 -48 49 -50 0
uf50-0549 125257 1 2 3 4 5 6 7 -8 9 10 -11 12 13 -14 15 -16 -17 18 19 -20 21 -22 -23 -24 25 -26 -27 28 -29 -30 31 32 33 34 35 36 37 38 -39 -40 41 42 43 44 45 46 -47 -48 49 -50 0
uf50-0549 121880 1 2 3 4 -5 6 7 -8 9 -10 -11 12 13 -14 15 -16 -17 18 -19 20 21 -22 -23 -24 25 -26 -27 28 -29 -30 31 32 33 34 35 36 37 38 -39 -40 41 42 43 -44 45 46 47 48 49 -50 0
uf50-0549 121073 1 2 3 4 5 6 7 -8 9 10 -11 12 13 -14 15 -16 -17 18 19 -20 21 -22 -23 -24 25 -26 -27 28 -29 -30 31 -32 33 34 35 36 37 38 -39 -40 41 42 43 44 45 46 -47 -48 49 -50 0
uf50-0549 120916 1 2 3 4 5 6 7 -8 9 10 -11 12 13 -14 15 -16 -17 18 19 -20 21 -22 23 -24 25 -26 -27 28 -29 -30 -31 32 33 34 35 36 37 -38 -39 -40 41 42 43 44 45 46 -47 -48 49 -50 0
uf50-0549 125257 1 2 3 4 5 6 7 -8 9 10 -11 12 13 -14 15 -16 -17 18 19 -20 21 -22 -23 -24 25 -26 -27 28 -29 -30 31 32 33 34 35 36 37 38 -39 -40 41 42 43 44 45 46 -47 -48 49 -50 0
uf50-0549 123243 1 2 3 4 5 6 7 -8 9 10 -11 12 13 -14 15 -16 -17 18 -19 -20 21 -22 -23 -24 25 -26 -27 28 -29 -30 31 32 33 34 35 36 37 38 -39 -40 41 42 43 -44 45 46 -47 -48 49 -50 0
uf50-0549 121563 1 2 3 4 5 6 7 -8 9 -10 -11 12 13 -14 15 -16 -17 18 -19 20 21 -22 -23 -24 25 -26 -27 28 -29 -30 31 32 33 34 35 36 -37 38 -39 -40 41 42 43 -44 45 46 -47 48 49 50 0
uf50-0549 121563 1 2 3 4 5 6 7 -8 9 -10 -11 12 13 -14 15 -16 -17 18 -19 20 21 -22 -23 -24 25 -26 -27 28 -29 -30 31 32 33 34 35 36 -37 38 -39 -40 41 42 43 -44 45 46 -47 48 49 50 0
uf50-0549 122759 1 2 3 4 5 6 7 -8 9 10 -11 12 13 -14 15 -16 -17 18 19 -20 21 -22 -23 -24 25 -26 -27 28 -29 -30 31 32 33 34 35 36 -37 38 -39 -40 41 42 43 44 45 46 -47 -48 49 -50 0
uf50-0549 121713 1 2 3 4 -5 6 7 -8 9 10 -11 12 13 -14 15 -16 -17 18 -19 -20 21 -22 -23 -24 25 -26 -27 28 -29 -30 31 32 33 34 35 36 37 38 -39 -40 41 42 43 44 45 46 -47 -48 49 -50 0
uf50-0549 123218 1 2 3 4 5 6 7 8 9 -10 -11 12 -13 -14 15 -16 -17 18 -19 20 21 -22 -23 -24 25 -26 -27 28 -29 -30 31 32 33 34 35 36 37 38 -39 -40 41 42 43 -44 45 46 -47 48 49 50 0
uf50-0549 124590 1 2 3 4 5 6 7 -8 9 10 -11 12 13 -14 15 -16 -17 18 -19 -20 21 -22 -23 -24 25 -26 -27 28 -29 -30 31 32 33 34 35 36 37 38 -39 -40 41 42 43 44 45 46 -47 -48 49 -50 0
uf50-0549 124590 1 2 3 4 5 6 7 -8 9 10 -11 12 13 -14 15 -16 -17 18 -19 -20 21 -22 -23 -24 25 -26 -27 28 -29 -30 31 32 33 34 35 36 37 38 -39 -40 41 42 43 44 45 46 -47 -48 49 -50 0
uf50-0549 120261 1 2 3 4 5 6 7 -8 9 -10 -11 12 13 -14 15 -16 -17 18 19 -20 21 -22 -23 -24 25 -26 -27 28 -29 -30 31 32 33 34 35 36 -37 38 -39 -40 41 42 43 44 45 46 -47 -48 49 -50 0
uf50-0549 122374 1 2 3 4 5 6 7 -8 9 -10 -11 12 13 -14 15 -16 -17 18 -19 20 21 -22 -23 -24 25 -26 -27 28 -29 -30 31 32 33 34 35 36 37 38 -39 -40 41 42 43 -44 45 46 -47 -48 49 -50 0
uf50-0549 121037 1 2 3 4 -5 6 7 8 9 -10 -11 12 -13 -14 15 -16 -17 18 -19 20 21 -22 -23 -24 25 -26 -27 28 -29 -30 31 32 33 34 35 36 37 38 -39 -40 41 42 43 -44 45 46 47 48 49 -50 0
uf50-0549 121640 1 2 3 4 5 6 7 -8 9 -10 -11 12 13 -14 15 -16 -17 18 -19 20 21 -22 -23 -24 25 -26 -27 28 -29 -30 31 32 33 34 35 36 37 -38 -39 -40 41 42 43 -44 45 46 -47 48 49 50 0
uf50-0549 122659 -1 2 3 4 5 6 7 -8 9 10 -11 12 13 -14 15 -16 -17 18 -19 -20 21 -22 -23 -24 25 -26 -27 28 -29 -30 31 32 33 34 35 36 37 38 -39 -40 41 42 43 44 45 46 47 -48 49 -50 0
uf50-0549 124061 1 2 3 4 5 6 7 -8 9 -10 -11 12 13 -14 15 -16 -17 18 -19 20 21 -22 -23 -24 25 -26 -27 28 -29 -30 31 32 33 34 35 36 37 38 -39 -40 41 42 43 -44 45 46 -47 48 49 50 0
uf50-0549 122483 1 2 3 4 -5 6 7 -8 9 -10 -11 12 13 -14 15 -16 -17 18 -19 20 21 -22 -23 -24 25 -26 -27 28 -29 -30 31 32 33 34 35 36 37 38 -39 -40 41 42 43 -44 45 46 47 48 49 50 0
uf50-0549 123337 1 2 3 4 5 6 7 -8 9 10 -11 12 13 -14 15 -16 -17 18 19 -20 21 -22 23 -24 25 -26 -27 28 -29 -30 -31 32 33 34 35 36 37 38 -39 -40 41 42 43 44 45 46 -47 -48 49 -50 0
uf50-0549 121909 1 2 3 4 -5 6 7 -8 9 10 -11 12 -13 -14 15 -16 -17 18 19 -20 21 -22 -23 -24 25 -26 -27 28 -29 -30 31 32 33 34 35 36 37 38 -39 -40 41 42 43 44 45 46 47 -48 49 -50 0
uf50-0549 124061 1 2 3 4 5 6 7 -8 9 -10 -11 12 13 -14 15 -16 -17 18 -19 20 21 -22 -23 -24 25 -26 -27 28 -29 -30 31 32 33 34 35 36 37 38 -39 -40 41 42 43 -44 45 46 -47 48 49 50 0
uf50-0549 120839 1 2 3 4 5 6 7 -8 9 10 -11 12 13 -14 15 -16 -17 18 19 -20 21 -22 23 -24 25 -26 -27 28 -29 -30 -31 32 33 34 35 36 -37 38 -39 -40 41 42 43 44 45 46 -47 -48 49 -50 0
uf50-0549 122380 1 2 3 4 -5 6 7 -8 9 10 -11 12 13 -14 15 -16 -17 18 19 -20 21 -22 -23 -24 25 -26 -27 28 -29 -30 31 32 33 34 35 36 37 38 -39 -40 41 42 43 44 45 46 -47 -48 49 -50 0
uf50-0242 107762 1 2 3 -4 -5 -6 -7 -8 -9 -10 -11 -12 -13 14 15 16 17 18 19 20 21 22 23 24 -25 26 27 28 -29 -30 -31 -32 33 34 35 36 -37 38 39 -40 -41 42 43 44 45 -46 47 -48 -49 50 0
uf50-0242 110717 1 -2 3 4 -5 -6 -7 -8 9 -10 -11 -12 -13 14 15 16 17 18 19 20 21 22 23 -24 -25 26 27 28 -29 -30 31 -32 33 34 35 36 -37 38 -39 -40 -41 42 -43 44 45 46 47 -48 -49 50 0
uf50-0242 117440 1 -2 3 4 -5 -6 7 -8 9 -10 11 -12 -13 14 15 -16 17 18 19 20 21 22 23 -24 -25 26 27 28 -29 -30 31 -32 33 34 35 36 -37 38 -39 -40 -41 42 43 44 45 46 47 -48 -49 50 0
uf50-0242 217 0
uf50-0242 112365 1 -2 3 4 -5 -6 -7 -8 -9 -10 -11 -12 -13 14 15 16 17 18 19 20 21 22 23 24 -25 26 27 28 -29 -30 31 -32 33 34 35 36 -37 38 -39 -40 -41 42 43 44 45 46 -47 -48 -49 50 0
uf50-0242 107249 -1 2 3 4 5 -6 7 -8 -9 10 11 -12 13 -14 15 -16 17 18 -19 20 21 22 23 24 -25 26 -27 28 -29 -30 31 -32 33 34 -35 36 -37 38 -39 40 -41 42 43 44 45 46 47 -48 49 -50 0
uf50-0242 114407 1 -2 3 4 -5 -6 7 -8 -9 -10 11 -12 -13 14 15 -16 17 18 19 20 21 22 23 24 -25 -26 27 28 -29 -30 31 -32 33 34 35 36 -37 38 39 -40 -41 42 43 44 45 46 47 -48 -49 50 0
uf50-0242 119794 1 -2 3 4 -5 -6 7 -8 9 -10 11 -12 -13 14 15 -16 17 18 19 20 21 22 23 24 -25 26 27 28 -29 -30 31 -32 33 34 35 36 -37 38 -39 -40 -41 42 43 44 45 46 47 -48 -49 50 0
uf50-0242 97753 -1 2 3 -4 5 -6 7 -8 -9 -10 11 -12 13 -14 15 -16 17 18 -19 20 21 22 23 24 -25 26 -27 28 -29 -30 31 -32 -33 34 -35 36 -37 38 -39 40 -41 -42 43 44 45 46 47 -48 49 -50 0
uf50-0242 102147 1 -2 3 -4 -5 -6 -7 -8 9 -10 -11 12 -13 14 15 16 17 18 19 20 21 -22 -23 -24 -25 26 27 28 -29 -30 31 -32 33 34 35 36 -37 38 -39 -40 -41 -42 43 44 45 46 -47 -48 -49 50 0
uf50-0242 96849 1 2 3 -4 5 -6 7 -8 -9 10 11 -12 13 -14 -15 -16 17 18 19 20 -21 22 23 -24 -25 26 -27 28 29 -30 31 -32 33 34 -35 36 -37 38 39 40 41 -42 43 -44 45 46 47 -48 -49 -50 0
uf50-0242 115063 1 -2 3 4 -5 -6 7 -8 -9 -10 11 -12 -13 14 15 -16 17 18 19 20 21 22 23 24 -25 26 27 28 -29 30 31 -32 33 34 35 36 -37 38 -39 -40 -41 42 43 44 45 46 -47 -48 -49 50 0
uf50-0242 114407 1 -2 3 4 -5 -6 7 -8 -9 -10 11 -12 -13 14 15 -16 17 18 19 20 21 22 23 24 -25 -26 27 28 -29 -30 31 -32 33 34 35 36 -37 38 39 -40 -41 42 43 44 45 46 47 -48 -49 50 0
uf50-0242 217 0
uf50-0242 102171 -1 2 3 -4 5 -6 7 -8 -9 10 11 -12 13 -14 15 -16 17 -18 -19 20 21 22 23 24 -25 26 -27 28 -29 -30 31 -32 33 34 -35 36 -37 38 39 40 -41 42 43 44 45 46 47 -48 49 -50 0
uf50-0242 217 0
uf50-0242 110020 1 -2 3 4 -5 -6 -7 -8 -9 -10 -11 -12 -13 14 15 16 17 18 19 20 21 22 23 24 -25 -26 27 28 -29 -30 31 -32 33 34 35 36 -37 38 39 -40 -41 -42 43 44 45 46 47 -48 -49 50 0
uf50-0242 111826 1 -2 3 4 -5 -6 7 -8 9 -10 -11 -12 -13 14 15 -16 17 18 19 20 21 -22 23 -24 -25 26 27 28 -29 -30 31 -32 33 34 35 36 -37 38 -39 -40 -41 42 43 44 45 46 47 -48 -49 50 0
uf50-0242 117348 1 -2 3 4 -5 -6 7 -8 -9 -10 11 -12 -13 14 15 -16 17 18 19 20 21 22 23 24 -25 26 27 28 -29 -30 31 -32 33 34 35 36 -37 38 -39 -40 -41 42 43 44 45 46 47 -48 -49 50 0
uf50-0242 99577 -1 2 3 -4 5 -6 7 -8 -9 10 11 -12 13 -14 15 -16 17 -18 -19 20 21 22 23 24 -25 26 -27 28 -29 -30 31 -32 33 34 -35 36 -37 38 39 40 -41 42 43 44 45 46 -47 -48 49 -50 0
uf50-0242 104363 1 -2 3 -4 -5 -6 -7 -8 9 -10 -11 12 -13 14 15 16 17 18 19 20 21 22 23 -24 -25 26 27 28 -29 -30 -31 -32 -33 34 35 36 -37 38 -39 -40 -41 -42 43 44 45 46 47 -48 -49 50 0
uf50-0242 117796 1 -2 3 4 -5 -6 7 -8 9 -10 11 -12 -13 14 15 -16 17 18 19 20 21 22 23 24 -25 26 27 28 -29 -30 31 -32 33 34 35 36 -37 38 -39 -40 -41 -42 43 44 45 46 47 -48 -49 50 0
uf50-0242 112566 1 -2 3 4 -5 -6 7 -8 9 -10 -11 -12 -13 14 15 -16 17 18 19 20 21 22 23 24 -25 -26 27 28 -29 -30 31 -32 33 34 35 36 -37 38 39 -40 -41 -42 43 44 45 46 47 -48 -49 50 0
uf50-0242 109928 1 -2 3 4 -5 6 7 -8 9 -10 11 -12 13 14 15 -16 17 18 19 20 21 -22 -23 -24 -25 26 27 28 -29 -30 31 -32 33 34 -35 36 -37 38 -39 40 -41 -42 43 44 45 46 47 -48 -49 50 0
uf50-0242 106394 1 2 3 -4 -5 -6 -7 -8 -9 -10 -11 -12 -13 14 15 16 17 18 19 20 21 22 23 24 -25 26 27 28 -29 -30 -31 -32 33 34 35 36 -37 38 -39 -40 -41 -42 43 44 45 46 -47 -48 -49 50 0
uf50-0242 94221 -1 2 3 4 5 -6 7 -8 -9 10 11 -12 13 14 -15 16 17 18 19 -20 -21 22 23 -24 -25 26 -27 28 29 -30 31 -32 -33 34 -35 36 -37 38 39 40 -41 -42 43 -44 45 46 47 -48 -49 -50 0
uf50-0242 109524 1 -2 3 4 -5 -6 7 -8 -9 -10 -11 -12 -13 14 15 -16 17 18 19 20 21 22 23 24 -25 -26 27 28 -29 -30 31 -32 33 34 35 36 -37 38 39 -40 -41 42 43 44 45 46 -47 -48 -49 50 0
uf50-0242 87589 -1 2 3 -4 5 -6 7 -8 -9 10 11 -12 13 14 -15 16 -17 18 19 -20 -21 22 23 -24 -25 26 -27 28 29 -30 31 -32 -33 34 -35 36 -37 38 39 40 41 -42 43 -44 45 46 47 -48 -49 -50 0
uf50-0242 119794 1 -2 3 4 -5 -6 7 -8 9 -10 11 -12 -13 14 15 -16 17 18 19 20 21 22 23 24 -25 26 27 28 -29 -30 31 -32 33 34 35 36 -37 38 -39 -40 -41 42 43 44 45 46 47 -48 -49 50 0
uf50-0242 112409 1 -2 3 4 -5 -6 7 -8 -9 -10 11 -12 -13 14 15 -16 17 18 19 20 21 22 23 24 -25 -26 27 28 -29 -30 31 -32 33 34 35 36 -37 38 39 -40 -41 -42 43 44 45 46 47 -48 -49 50 0
uf50-0242 114911 1 -2 3 4 -5 -6 7 -8 9 -10 -11 -12 -13 14 15 -16 17 18 19 20 21 22 23 24 -25 26 27 28 -29 -30 31 -32 33 34 35 36 -37 38 -39 -40 -41 42 43 44 45 46 -47 -48 -49 50 0
uf50-0242 217 0
uf50-0242 115059 1 -2 3 4 -5 -6 7 -8 -9 -10 -11 -12 -13 14 15 -16 17 18 19 20 21 22 23 24 -25 26 27 28 -29 -30 31 -32 33 34 35 36 -37 38 -39 -40 -41 42 43 44 45 46 47 -48 -49 50 0
uf50-0242 98354 -1 2 3 -4 5 -6 7 -8 -9 -10 11 -12 13 -14 15 -16 17 18 -19 20 21 22 23 24 -25 26 -27 28 -29 -30 31 -32 33 34 -35 36 -37 38 39 40 -41 -42 43 44 -45 46 47 -48 49 -50 0
uf50-0242 113423 1 2 3 4 -5 -6 -7 -8 -9 -10 -11 -12 -13 14 15 16 17 18 19 20 21 22 23 24 -25 26 27 28 -29 -30 -31 -32 33 34 35 36 -37 38 -39 -40 -41 42 43 44 45 46 47 -48 -49 50 0
uf50-0242 100242 -1 2 3 -4 5 -6 7 -8 -9 -10 11 -12 13 -14 -15 -16 17 18 19 20 21 22 23 24 -25 26 -27 28 29 -30 31 -32 33 34 -35 36 -37 38 39 40 41 -42 43 44 45 46 -47 -48 -49 -50 0
uf50-0242 107249 -1 2 3 4 5 -6 7 -8 -9 10 11 -12 13 -14 15 -16 17 18 -19 20 21 22 23 24 -25 26 -27 28 -29 -30 31 -32 33 34 -35 36 -37 38 -39 40 -41 42 43 44 45 46 47 -48 49 -50 0
uf50-0242 114855 1 -2 3 4 -5 -6 7 -8 9 -10 11 -12 -13 14 15 -16 17 18 19 20 21 22 23 24 -25 -26 27 28 -29 -30 31 -32 33 34 35 36 -37 38 39 -40 -41 -42 43 44 45 46 47 -48 -49 50 0
uf50-0242 117200 1 -2 3 4 -5 -6 7 -8 9 -10 11 -12 -13 14 15 -16 17 18 19 20 21 22 23 24 -25 26 27 28 -29 -30 31 -32 33 34 35 36 -37 38 -39 -40 -41 42 43 44 45 46 -47 -48 -49 50 0
uf50-0242 119794 1 -2 3 4 -5 -6 7 -8 9 -10 11 -12 -13 14 15 -16 17 18 19 20 21 22 23 24 -25 26 27 28 -29 -30 31 -32 33 34 35 36 -37 38 -39 -40 -41 42 43 44 45 46 47 -48 -49 50 0
uf50-0242 115063 1 -2 3 4 -5 -6 7 -8 -9 -10 11 -12 -13 14 15 -16 17 18 19 20 21 22 23 24 -25 26 27 28 -29 30 31 -32 33 34 35 36 -37 38 -39 -40 -41 42 43 44 45 46 -47 -48 -49 50 0
uf50-0242 109754 1 -2 3 4 -5 6 7 -8 9 -10 11 -12 -13 14 15 -16 17 18 19 20 21 -22 23 -24 -25 26 27 28 -29 -30 31 -32 33 34 35 36 -37 38 -39 -40 -41 -42 43 44 45 46 47 -48 -49 -50 0
uf50-0242 115442 1 -2 3 4 -5 -6 7 -8 9 -10 11 -12 -13 14 15 -16 17 18 19 20 21 22 23 -24 -25 26 27 28 -29 -30 31 -32 33 34 35 36 -37 38 -39 -40 -41 -42 43 44 45 46 47 -48 -49 50 0
uf50-0242 88707 -1 2 3 -4 5 -6 7 8 -9 10 -11 -12 13 14 -15 16 -17 18 19 -20 -21 22 23 24 -25 26 -27 28 29 -30 31 -32 33 34 -35 36 -37 38 39 40 41 -42 43 -44 45 46 -47 -48 -49 -50 0
uf50-0242 102384 1 2 3 -4 5 -6 7 -8 -9 10 11 -12 -13 -14 -15 -16 17 18 19 20 -21 22 23 -24 -25 26 27 28 29 -30 31 -32 33 34 -35 36 -37 38 39 40 41 -42 43 44 45 46 47 -48 -49 -50 0
uf50-0242 98402 -1 2 3 -4 5 -6 7 -8 -9 -10 11 -12 13 -14 -15 -16 17 18 19 20 21 22 23 24 -25 26 -27 28 29 -30 31 -32 33 34 -35 36 -37 38 39 40 41 -42 43 44 -45 46 47 -48 -49 -50 0
uf50-0242 117505 1 -2 3 4 -5 -6 7 -8 9 -10 -11 -12 -13 14 15 -16 17 18 19 20 21 22 23 24 -25 26 27 28 -29 -30 31 -32 33 34 35 36 -37 38 -39 -40 -41 42 43 44 45 46 47 -48 -49 50 0
uf50-0242 115460 1 -2 3 4 -5 -6 7 -8 9 -10 11 -12 -13 14 15 -16 17 18 19 20 21 22 23 24 -25 26 27 28 -29 -30 31 -32 33 34 35 36 -37 38 -39 -40 -41 42 -43 44 45 46 47 -48 -49 50 0
uf50-0242 103650 -1 2 3 -4 5 -6 7 -8 -9 10 11 -12 13 -14 15 -16 17 18 -19 20 21 22 23 24 -25 26 -27 28 -29 -30 31 -32 33 34 -35 36 -37 38 39 40 -41 42 43 44 45 46 -47 -48 49 -50 0
uf50-0242 108681 -1 2 3 4 5 -6 7 -8 -9 10 11 -12 13 -14 15 -16 17 18 -19 20 21 22 23 24 -25 26 -27 28 -29 -30 31 -32 33 34 -35 36 -37 38 39 40 -41 42 43 44 45 46 47 -48 49 -50 0
uf50-0690 217 0
uf50-0690 215 0
uf50-0690 215 0
uf50-0690 215 0
uf50-0690 215 0
uf50-0690 216 0
uf50-0690 215 0
uf50-0690 215 0
uf50-0690 215 0
uf50-0690 216 0
uf50-0690 215 0
uf50-0690 215 0
uf50-0690 216 0
uf50-0690 216 0
uf50-0690 216 0
uf50-0690 217 0
uf50-0690 215 0
uf50-0690 217 0
uf50-0690 215 0
uf50-0690 215 0
uf50-0690 215 0
uf50-0690 215 0
uf50-0690 216 0
uf50-0690 215 0
uf50-0690 214 0
uf50-0690 215 0
uf50-0690 216 0
uf50-0690 214 0
uf50-0690 215 0
uf50-0690 216 0
uf50-0690 216 0
uf50-0690 216 0
uf50-0690 215 0
uf50-0690 215 0
uf50-0690 214 0
uf50-0690 215 0
uf50-0690 216 0
uf50-0690 215 0
uf50-0690 216 0
uf50-0690 215 0
uf50-0690 216 0
uf50-0690 216 0
uf50-0690 216 0
uf50-0690 216 0
uf50-0690 216 0
uf50-0690 215 0
uf50-0690 214 0
uf50-0690 216 0
uf50-0690 216 0
uf50-0690 216 0
uf50-063 216 0
uf50-063 214 0
uf50-063 215 0
uf50-063 215 0
uf50-063 215 0
uf50-063 214 0
uf50-063 216 0
uf50-063 215 0
uf50-063 214 0
uf50-063 216 0
uf50-063 215 0
uf50-063 216 0
uf50-063 215 0
uf50-063 215 0
uf50-063 215 0
uf50-063 216 0
uf50-063 214 0
uf50-063 217 0
uf50-063 215 0
uf50-063 214 0
uf50-063 216 0
uf50-063 215 0
uf50-063 214 0
uf50-063 214 0
uf50-063 215 0
uf50-063 216 0
uf50-063 217 0
uf50-063 214 0
uf50-063 214 0
uf50-063 215 0
uf50-063 215 0
uf50-063 215 0
uf50-063 214 0
uf50-063 215 0
uf50-063 215 0
uf50-063 215 0
uf50-063 215 0
uf50-063 215 0
uf50-063 215 0
uf50-063 215 0
uf50-063 216 0
uf50-063 215 0
uf50-063 214 0
uf50-063 214 0
uf50-063 215 0
uf50-063 215 0
uf50-063 216 0
uf50-063 216 0
uf50-063 215 0
uf50-063 215 0
uf50-0971 133113 1 -2 3 4 5 6 7 8 9 10 11 12 13 -14 15 -16 17 -18 -19 20 -21 22 -23 -24 -25 26 27 -28 -29 30 31 -32 33 -34 35 36 37 -38 39 40 -41 -42 43 -44 45 46 -47 48 -49 50 0
uf50-0971 136949 -1 -2 3 4 5 6 7 8 9 10 11 12 13 -14 15 -16 17 -18 -19 20 -21 22 -23 -24 -25 26 27 28 -29 30 31 -32 33 -34 35 36 37 -38 39 40 -41 -42 43 -44 45 46 -47 48 49 50 0
uf50-0971 129793 1 -2 3 -4 5 6 7 -8 9 10 11 12 13 -14 15 -16 17 -18 -19 20 -21 22 -23 -24 25 26 27 -28 -29 30 31 -32 33 -34 35 36 37 -38 39 40 -41 -42 43 -44 45 46 -47 48 -49 50 0
uf50-0971 136949 -1 -2 3 4 5 6 7 8 9 10 11 12 13 -14 15 -16 17 -18 -19 20 -21 22 -23 -24 -25 26 27 28 -29 30 31 -32 33 -34 35 36 37 -38 39 40 -41 -42 43 -44 45 46 -47 48 49 50 0
uf50-0971 127304 1 -2 3 -4 5 -6 7 8 9 10 11 12 13 -14 15 -16 17 -18 -19 20 -21 22 -23 -24 -25 26 27 -28 -29 30 31 -32 33 -34 35 36 37 -38 39 40 -41 -42 43 -44 45 46 -47 48 -49 50 0
uf50-0971 217 0
uf50-0971 136949 -1 -2 3 4 5 6 7 8 9 10 11 12 13 -14 15 -16 17 -18 -19 20 -21 22 -23 -24 -25 26 27 28 -29 30 31 -32 33 -34 35 36 37 -38 39 40 -41 -42 43 -44 45 46 -47 48 49 50 0
uf50-0971 127774 1 -2 3 4 5 -6 7 -8 9 10 11 12 13 -14 15 -16 17 -18 -19 20 -21 22 -23 -24 25 26 27 -28 -29 30 31 -32 33 -34 35 36 37 -38 39 40 -41 -42 43 -44 45 46 -47 48 -49 50 0
uf50-0971 132957 1 -2 3 -4 5 6 7 8 -9 10 11 12 13 -14 15 -16 17 18 -19 20 -21 22 -23 -24 -25 26 27 -28 29 30 31 -32 33 -34 35 36 37 -38 39 40 -41 -42 43 -44 45 46 -47 48 49 50 0
uf50-0971 217 0
uf50-0971 122670 1 -2 3 -4 5 6 7 8 -9 10 11 12 13 -14 15 -16 17 -18 -19 20 -21 22 -23 -24 -25 26 27 28 -29 30 31 -32 33 -34 35 36 37 -38 -39 40 -41 -42 43 -44 -45 46 -47 48 -49 50 0
uf50-0971 131860 1 -2 3 4 5 6 7 -8 -9 10 11 12 13 -14 15 -16 17 -18 -19 20 -21 22 -23 -24 25 26 27 28 -29 30 31 -32 33 -34 35 36 37 -38 39 40 -41 -42 43 -44 45 46 -47 48 -49 50 0
uf50-0971 121700 -1 -2 3 4 -5 6 7 -8 9 10 11 -12 13 -14 15 -16 17 -18 -19 20 -21 22 -23 -24 -25 26 27 -28 -29 30 31 -32 -33 -34 35 36 37 -38 39 40 -41 -42 43 -44 45 46 -47 48 49 50 0
uf50-0971 133363 -1 -2 3 4 5 6 7 -8 -9 10 11 12 13 -14 15 -16 17 -18 -19 20 -21 22 -23 -24 25 26 27 28 -29 30 31 -32 33 -34 35 36 37 -38 39 40 -41 -42 43 -44 45 46 -47 48 49 50 0
uf50-0971 217 0
uf50-0971 128041 -1 -2 3 4 -5 6 7 8 9 10 11 12 13 -14 15 -16 17 -18 -19 20 -21 22 -23 -24 -25 26 27 -28 -29 30 31 -32 -33 -34 35 36 37 -38 39 40 -41 -42 43 -44 45 46 -47 48 49 50 0
uf50-0971 217 0
uf50-0971 127304 1 -2 3 -4 5 -6 7 8 9 10 11 12 13 -14 15 -16 17 -18 -19 20 -21 22 -23 -24 -25 26 27 -28 -29 30 31 -32 33 -34 35 36 37 -38 39 40 -41 -42 43 -44 45 46 -47 48 -49 50 0
uf50-0971 134021 1 -2 3 4 5 6 7 -8 9 10 11 12 13 -14 15 -16 17 -18 -19 20 -21 22 -23 -24 25 26 27 28 -29 30 31 -32 33 -34 35 36 37 -38 39 40 -41 -42 43 -44 45 46 -47 48 -49 50 0
uf50-0971 119649 1 -2 3 -4 5 6 7 8 -9 10 11 12 13 -14 15 -16 17 18 -19 20 -21 22 23 -24 -25 26 27 -28 29 30 31 32 33 34 35 36 -37 -38 39 40 -41 -42 -43 -44 45 46 47 -48 49 50 0
uf50-0971 217 0
uf50-0971 133113 1 -2 3 4 5 6 7 8 9 10 11 12 13 -14 15 -16 17 -18 -19 20 -21 22 -23 -24 -25 26 27 -28 -29 30 31 -32 33 -34 35 36 37 -38 39 40 -41 -42 43 -44 45 46 -47 48 -49 50 0
uf50-0971 217 0
uf50-0971 132455 -1 -2 3 4 5 6 7 8 -9 10 11 12 13 -14 15 -16 17 -18 -19 20 -21 22 -23 -24 -25 26 27 -28 -29 30 31 -32 33 -34 35 36 37 -38 39 40 -41 -42 43 -44 45 46 -47 48 49 50 0
uf50-0971 128618 -1 -2 3 -4 5 6 7 -8 -9 10 11 12 13 -14 15 -16 17 -18 -19 20 -21 22 -23 -24 25 26 27 28 -29 30 31 -32 33 -34 35 36 37 -38 39 40 -41 -42 43 -44 45 46 -47 48 -49 50 0
uf50-0971 133191 -1 -2 3 4 5 6 7 -8 9 10 11 12 13 -14 15 -16 17 -18 -19 20 -21 22 -23 -24 25 26 27 -28 -29 30 31 -32 33 -34 35 36 37 -38 39 40 -41 -42 43 -44 45 46 -47 48 49 50 0
uf50-0971 133363 -1 -2 3 4 5 6 7 -8 -9 10 11 12 13 -14 15 -16 17 -18 -19 20 -21 22 -23 -24 25 26 27 28 -29 30 31 -32 33 -34 35 36 37 -38 39 40 -41 -42 43 -44 45 46 -47 48 49 50 0
uf50-0971 128619 1 -2 3 4 5 6 7 -8 -9 10 11 12 13 -14 15 -16 17 -18 -19 20 -21 22 -23 -24 -25 26 27 -28 -29 30 31 -32 33 -34 35 36 37 -38 39 40 -41 -42 43 -44 45 46 -47 48 -49 50 0
uf50-0971 132957 1 -2 3 -4 5 6 7 8 -9 10 11 12 13 -14 15 -16 17 18 -19 20 -21 22 -23 -24 -25 26 27 -28 29 30 31 -32 33 -34 35 36 37 -38 39 40 -41 -42 43 -44 45 46 -47 48 49 50 0
uf50-0971 131296 -1 -2 3 -4 5 6 7 -8 9 10 11 12 13 -14 15 -16 17 -18 -19 20 -21 22 -23 -24 25 26 27 -28 -29 30 31 -32 33 -34 35 36 37 -38 39 40 -41 -42 43 -44 45 46 -47 48 49 50 0
uf50-0971 134021 1 -2 3 4 5 6 7 -8 9 10 11 12 13 -14 15 -16 17 -18 -19 20 -21 22 -23 -24 25 26 27 28 -29 30 31 -32 33 -34 35 36 37 -38 39 40 -41 -42 43 -44 45 46 -47 48 -49 50 0
uf50-0971 126146 -1 -2 3 -4 -5 6 7 -8 9 10 11 12 13 -14 15 -16 17 -18 -19 20 -21 22 -23 -24 -25 26 27 28 -29 30 31 -32 -33 -34 35 36 37 -38 39 40 -41 -42 43 -44 45 46 -47 48 49 50 0
uf50-0971 120087 -1 -2 3 -4 -5 6 7 -8 9 10 11 -12 13 -14 15 -16 17 -18 19 20 -21 22 -23 -24 -25 26 27 -28 -29 30 31 -32 -33 -34 35 36 37 -38 39 40 -41 -42 43 -44 45 46 -47 48 49 50 0
uf50-0971 133504 -1 -2 3 -4 5 6 7 8 -9 10 11 12 13 -14 15 -16 17 -18 -19 20 -21 22 -23 -24 -25 26 27 28 29 30 31 -32 33 -34 35 36 37 -38 39 40 -41 -42 43 -44 45 46 -47 48 49 50 0
uf50-0971 128149 -1 -2 3 -4 5 6 7 8 -9 10 11 12 13 -14 15 -16 17 18 -19 20 -21 22 -23 -24 -25 26 27 -28 -29 30 31 -32 33 -34 35 36 37 -38 39 40 -41 -42 43 -44 45 46 -47 48 -49 50 0
uf50-0971 131296 -1 -2 3 -4 5 6 7 -8 9 10 11 12 13 -14 15 -16 17 -18 -19 20 -21 22 -23 -24 25 26 27 -28 -29 30 31 -32 33 -34 35 36 37 -38 39 40 -41 -42 43 -44 45 46 -47 48 49 50 0
uf50-0971 217 0
uf50-0971 217 0
uf50-0971 129496 1 -2 3 -4 5 6 7 8 -9 10 11 12 13 -14 15 -16 17 18 -19 20 -21 22 -23 -24 -25 26 27 -28 -29 30 31 -32 33 -34 35 36 37 -38 39 40 -41 -42 43 -44 45 46 -47 48 -49 50 0
uf50-0971 129746 -1 -2 3 -4 5 6 7 -8 -9 10 11 12 13 -14 15 -16 17 -18 -19 20 -21 22 -23 -24 25 26 27 -28 29 30 31 -32 33 -34 35 36 37 -38 39 40 -41 -42 43 -44 45 46 -47 48 49 50 0
uf50-0971 114796 1 -2 3 -4 5 6 7 8 -9 10 11 12 13 -14 15 -16 17 18 -19 20 -21 22 23 -24 -25 26 27 -28 29 30 31 32 33 34 35 36 -37 -38 39 40 -41 -42 -43 -44 45 -46 47 -48 49 50 0
uf50-0971 132957 1 -2 3 -4 5 6 7 8 -9 10 11 12 13 -14 15 -16 17 18 -19 20 -21 22 -23 -24 -25 26 27 -28 29 30 31 -32 33 -34 35 36 37 -38 39 40 -41 -42 43 -44 45 46 -47 48 49 50 0
uf50-0971 217 0
uf50-0971 217 0
uf50-0971 217 0
uf50-0971 217 0
uf50-0971 128838 -1 -2 3 -4 5 6 7 -8 -9 10 11 12 13 -14 15 -16 17 -18 -19 20 -21 22 -23 -24 -25 26 27 -28 29 30 31 -32 33 -34 35 36 37 -38 39 40 -41 -42 43 -44 45 46 -47 48 49 50 0
uf50-0971 115563 1 -2 3 -4 5 6 7 8 -9 10 11 12 13 -14 15 -16 17 18 -19 20 -21 22 23 -24 -25 -26 27 -28 29 30 31 32 33 34 35 36 -37 -38 39 40 -41 -42 -43 -44 45 46 47 -48 49 50 0
uf50-0971 217 0
uf50-0971 130513 -1 -2 3 4 5 6 7 -8 -9 10 11 12 13 -14 15 -16 17 -18 -19 20 -21 22 -23 -24 25 26 27 28 -29 30 31 -32 33 -34 35 36 37 -38 39 40 -41 -42 43 -44 45 46 -47 48 -49 50 0
uf50-0151 216 0
uf50-0151 216 0
uf50-0151 216 0
uf50-0151 216 0
uf50-0151 216 0
uf50-0151 216 0
uf50-0151 216 0
uf50-0151 217 0
uf50-0151 217 0
uf50-0151 216 0
uf50-0151 216 0
uf50-0151 216 0
uf50-0151 216 0
uf50-0151 216 0
uf50-0151 216 0
uf50-0151 216 0
uf50-0151 216 0
uf50-0151 216 0
uf50-0151 216 0
uf50-0151 216 0
uf50-0151 216 0
uf50-0151 216 0
uf50-0151 216 0
uf50-0151 216 0
uf50-0151 216 0
uf50-0151 217 0
uf50-0151 217 0
uf50-0151 216 0
uf50-0151 216 0
uf50-0151 216 0
uf50-0151 217 0
uf50-0151 216 0
uf50-0151 216 0
uf50-0151 216 0
uf50-0151 216 0
uf50-0151 215 0
uf50-0151 217 0
uf50-0151 216 0
uf50-0151 216 0
uf50-0151 217 0
uf50-0151 216 0
uf50-0151 217 0
uf50-0151 217 0
uf50-0151 216 0
uf50-0151 216 0
uf50-0151 216 0
uf50-0151 216 0
uf50-0151 216 0
uf50-0151 128061 -1 2 -3 4 -5 -6 -7 -8 -9 -10 -11 -12 13 -14 15 16 17 18 19 20 -21 22 -23 -24 25 26 -27 28 29 30 31 32 -33 34 -35 36 37 -38 39 -40 41 -42 -43 -44 45 46 47 -48 49 50 0
uf50-0151 217 0
uf50-0355 217 0
uf50-0355 215 0
uf50-0355 216 0
uf50-0355 215 0
uf50-0355 215 0
uf50-0355 215 0
uf50-0355 215 0
uf50-0355 214 0
uf50-0355 214 0
uf50-0355 215 0
uf50-0355 215 0
uf50-0355 215 0
uf50-0355 217 0
uf50-0355 216 0
uf50-0355 215 0
uf50-0355 215 0
uf50-0355 109229 -1 2 -3 -4 -5 6 -7 -8 -9 10 11 12 13 14 -15 -16 -17 -18 -19 20 -21 -22 -23 24 25 26 27 -28 -29 -30 -31 32 -33 34 35 36 -37 -38 -39 40 -41 42 43 -44 45 46 47 -48 -49 50 0
uf50-0355 215 0
uf50-0355 215 0
uf50-0355 214 0
uf50-0355 215 0
uf50-0355 216 0
uf50-0355 214 0
uf50-0355 215 0
uf50-0355 215 0
uf50-0355 214 0
uf50-0355 214 0
uf50-0355 216 0
uf50-0355 215 0
uf50-0355 216 0
uf50-0355 214 0
uf50-0355 215 0
uf50-0355 217 0
uf50-0355 111740 -1 2 -3 -4 -5 6 -7 -8 -9 10 11 12 13 14 -15 -16 -17 -18 -19 20 21 -22 -23 24 25 26 27 -28 -29 -30 -31 32 -33 34 35 36 -37 -38 -39 40 -41 42 43 -44 45 46 47 -48 -49 50 0
uf50-0355 214 0
uf50-0355 214 0
uf50-0355 217 0
uf50-0355 215 0
uf50-0355 214 0
uf50-0355 214 0
uf50-0355 215 0
uf50-0355 213 0
uf50-0355 214 0
uf50-0355 216 0
uf50-0355 214 0
uf50-0355 216 0
uf50-0355 214 0
uf50-0355 217 0
uf50-0355 216 0
uf50-0355 215 0
