uf50-0537 3403 -1 2 3 -4 -5 6 7 8 -9 10 11 -12 -13 -14 15 16 17 18 19 -20 21 22 -23 -24 -25 26 27 -28 -29 30 31 -32 -33 34 35 36 37 38 39 40 -41 42 -43 44 -45 -46 47 -48 -49 -50 0
uf50-0537 3654 -1 2 3 -4 5 6 7 8 -9 10 11 -12 -13 -14 15 16 17 18 19 -20 -21 22 -23 24 -25 26 27 -28 -29 -30 31 -32 -33 34 35 36 37 38 39 40 -41 42 -43 44 45 -46 47 -48 -49 -50 0
uf50-0537 217 0
uf50-0537 3270 -1 2 3 -4 5 6 7 8 -9 10 11 -12 -13 -14 15 16 17 18 19 -20 -21 22 -23 24 -25 26 27 -28 -29 -30 31 -32 -33 34 35 36 37 38 39 40 -41 42 -43 44 -45 -46 47 -48 -49 -50 0
uf50-0537 217 0
uf50-0537 2645 -1 2 3 -4 -5 6 7 -8 -9 10 11 12 -13 -14 15 16 17 18 19 -20 21 22 -23 24 -25 -26 27 28 -29 30 31 -32 -33 34 35 36 37 38 -39 40 -41 42 -43 44 -45 -46 47 -48 -49 -50 0
uf50-0537 2951 -1 2 3 -4 5 6 7 -8 -9 10 11 12 -13 -14 15 16 17 18 19 -20 -21 22 -23 24 -25 -26 27 28 29 30 31 -32 -33 34 35 36 37 38 -39 40 -41 42 -43 44 -45 -46 47 -48 -49 -50 0
uf50-0537 217 0
uf50-0537 2935 -1 2 3 -4 -5 6 7 8 -9 10 11 12 -13 -14 15 16 17 18 19 -20 21 22 -23 24 -25 -26 27 28 -29 30 31 -32 -33 34 35 36 37 38 -39 40 -41 42 -43 44 -45 -46 47 -48 -49 -50 0
uf50-0537 2951 -1 2 3 -4 5 6 7 -8 -9 10 11 12 -13 -14 15 16 17 18 19 -20 -21 22 -23 24 -25 -26 27 28 29 30 31 -32 -33 34 35 36 37 38 -39 40 -41 42 -43 44 -45 -46 47 -48 -49 -50 0
uf50-0537 2935 -1 2 3 -4 -5 6 7 8 -9 10 11 12 -13 -14 15 16 17 18 19 -20 21 22 -23 24 -25 -26 27 28 -29 30 31 -32 -33 34 35 36 37 38 -39 40 -41 42 -43 44 -45 -46 47 -48 -49 -50 0
uf50-0537 217 0
uf50-0537 2834 -1 2 3 -4 5 6 7 -8 -9 10 11 12 -13 -14 15 16 17 18 19 -20 -21 22 -23 24 -25 -26 27 28 -29 30 31 -32 -33 34 35 36 37 38 -39 40 -41 42 -43 44 -45 -46 47 -48 -49 -50 0
uf50-0537 217 0
uf50-0537 2935 -1 2 3 -4 -5 6 7 8 -9 10 11 12 -13 -14 15 16 17 18 19 -20 21 22 -23 24 -25 -26 27 28 -29 30 31 -32 -33 34 35 36 37 38 -39 40 -41 42 -43 44 -45 -46 47 -48 -49 -50 0
uf50-0537 3437 -1 2 3 -4 -5 6 7 8 -9 10 11 -12 -13 -14 15 16 17 18 19 -20 21 22 -23 24 -25 26 27 -28 -29 30 31 -32 -33 34 35 36 37 38 39 40 -41 42 -43 44 -45 -46 47 -48 -49 -50 0
uf50-0537 2444 -1 2 3 -4 -5 6 7 -8 -9 10 11 12 -13 -14 15 16 17 18 19 -20 -21 22 -23 24 -25 -26 27 28 -29 30 31 -32 -33 34 35 36 37 38 -39 40 -41 42 -43 44 -45 -46 47 -48 -49 -50 0
uf50-0537 3303 -1 2 3 -4 -5 6 7 8 -9 10 11 -12 -13 -14 15 16 17 18 19 -20 21 22 -23 -24 -25 26 27 -28 -29 -30 31 -32 -33 34 35 36 37 38 39 40 -41 42 -43 44 -45 -46 47 -48 49 -50 0
uf50-0537 2951 -1 2 3 -4 5 6 7 -8 -9 10 11 12 -13 -14 15 16 17 18 19 -20 -21 22 -23 24 -25 -26 27 28 29 30 31 -32 -33 34 35 36 37 38 -39 40 -41 42 -43 44 -45 -46 47 -48 -49 -50 0
uf50-0537 3264 -1 2 3 -4 -5 6 7 8 -9 10 11 -12 -13 -14 15 16 17 18 19 -20 -21 22 -23 24 -25 26 27 -28 -29 -30 31 -32 -33 34 35 36 37 38 39 40 -41 42 -43 44 45 -46 47 -48 -49 -50 0
uf50-0537 3303 -1 2 3 -4 -5 6 7 8 -9 10 11 -12 -13 -14 15 16 17 18 19 -20 21 22 -23 -24 -25 26 27 -28 -29 -30 31 -32 -33 34 35 36 37 38 39 40 -41 42 -43 44 -45 -46 47 -48 49 -50 0
uf50-0537 3337 -1 2 3 -4 -5 6 7 8 -9 10 11 -12 -13 -14 15 16 17 18 19 -20 21 22 -23 24 -25 26 27 -28 -29 -30 31 -32 -33 34 35 36 37 38 39 40 -41 42 -43 44 -45 -46 47 -48 49 -50 0
uf50-0537 2951 -1 2 3 -4 5 6 7 -8 -9 10 11 12 -13 -14 15 16 17 18 19 -20 -21 22 -23 24 -25 -26 27 28 29 30 31 -32 -33 34 35 36 37 38 -39 40 -41 42 -43 44 -45 -46 47 -48 -49 -50 0
uf50-0537 217 0
uf50-0537 2951 -1 2 3 -4 5 6 7 -8 -9 10 11 12 -13 -14 15 16 17 18 19 -20 -21 22 -23 24 -25 -26 27 28 29 30 31 -32 -33 34 35 36 37 38 -39 40 -41 42 -43 44 -45 -46 47 -48 -49 -50 0
uf50-0537 3337 -1 2 3 -4 -5 6 7 8 -9 10 11 -12 -13 -14 15 16 17 18 19 -20 21 22 -23 24 -25 26 27 -28 -29 -30 31 -32 -33 34 35 36 37 38 39 40 -41 42 -43 44 -45 -46 47 -48 49 -50 0
uf50-0537 2951 -1 2 3 -4 5 6 7 -8 -9 10 11 12 -13 -14 15 16 17 18 19 -20 -21 22 -23 24 -25 -26 27 28 29 30 31 -32 -33 34 35 36 37 38 -39 40 -41 42 -43 44 -45 -46 47 -48 -49 -50 0
uf50-0537 217 0
uf50-0537 2951 -1 2 3 -4 5 6 7 -8 -9 10 11 12 -13 -14 15 16 17 18 19 -20 -21 22 -23 24 -25 -26 27 28 29 30 31 -32 -33 34 35 36 37 38 -39 40 -41 42 -43 44 -45 -46 47 -48 -49 -50 0
uf50-0537 217 0
uf50-0537 2951 -1 2 3 -4 5 6 7 -8 -9 10 11 12 -13 -14 15 16 17 18 19 -20 -21 22 -23 24 -25 -26 27 28 29 30 31 -32 -33 34 35 36 37 38 -39 40 -41 42 -43 44 -45 -46 47 -48 -49 -50 0
uf50-0537 3337 -1 2 3 -4 -5 6 7 8 -9 10 11 -12 -13 -14 15 16 17 18 19 -20 21 22 -23 24 -25 26 27 -28 -29 -30 31 -32 -33 34 35 36 37 38 39 40 -41 42 -43 44 -45 -46 47 -48 49 -50 0
uf50-0537 4769 -1 2 -3 -4 -5 6 7 8 -9 10 -11 -12 -13 -14 15 16 17 18 -19 -20 21 22 23 -24 -25 26 27 -28 -29 30 31 -32 33 34 35 36 37 38 39 40 41 42 43 44 -45 -46 47 -48 -49 -50 0
uf50-0537 3465 -1 2 3 -4 -5 6 7 8 -9 10 11 -12 -13 -14 15 16 17 18 19 -20 21 22 -23 24 -25 26 27 -28 -29 -30 31 -32 -33 34 35 36 37 38 39 40 -41 42 -43 44 45 -46 47 -48 -49 -50 0
uf50-0537 217 0
uf50-0537 3654 -1 2 3 -4 5 6 7 8 -9 10 11 -12 -13 -14 15 16 17 18 19 -20 -21 22 -23 24 -25 26 27 -28 -29 -30 31 -32 -33 34 35 36 37 38 39 40 -41 42 -43 44 45 -46 47 -48 -49 -50 0
uf50-0537 3270 -1 2 3 -4 5 6 7 8 -9 10 11 -12 -13 -14 15 16 17 18 19 -20 -21 22 -23 24 -25 26 27 -28 -29 -30 31 -32 -33 34 35 36 37 38 39 40 -41 42 -43 44 -45 -46 47 -48 -49 -50 0
uf50-0537 2951 -1 2 3 -4 5 6 7 -8 -9 10 11 12 -13 -14 15 16 17 18 19 -20 -21 22 -23 24 -25 -26 27 28 29 30 31 -32 -33 34 35 36 37 38 -39 40 -41 42 -43 44 -45 -46 47 -48 -49 -50 0
uf50-0537 2935 -1 2 3 -4 -5 6 7 8 -9 10 11 12 -13 -14 15 16 17 18 19 -20 21 22 -23 24 -25 -26 27 28 -29 30 31 -32 -33 34 35 36 37 38 -39 40 -41 42 -43 44 -45 -46 47 -48 -49 -50 0
uf50-0537 1508 -1 2 3 4 -5 6 7 -8 9 -10 11 12 -13 14 15 16 17 18 19 -20 -21 22 -23 24 -25 -26 27 28 29 -30 31 -32 -33 -34 35 36 -37 -38 -39 -40 -41 42 43 44 -45 -46 47 -48 -49 -50 0
uf50-0537 4769 -1 2 -3 -4 -5 6 7 8 -9 10 -11 -12 -13 -14 15 16 17 18 -19 -20 21 22 23 -24 -25 26 27 -28 -29 30 31 -32 33 34 35 36 37 38 39 40 41 42 43 44 -45 -46 47 -48 -49 -50 0
uf50-0537 3465 -1 2 3 -4 -5 6 7 8 -9 10 11 -12 -13 -14 15 16 17 18 19 -20 21 22 -23 24 -25 26 27 -28 -29 -30 31 -32 -33 34 35 36 37 38 39 40 -41 42 -43 44 45 -46 47 -48 -49 -50 0
uf50-0537 2951 -1 2 3 -4 5 6 7 -8 -9 10 11 12 -13 -14 15 16 17 18 19 -20 -21 22 -23 24 -25 -26 27 28 29 30 31 -32 -33 34 35 36 37 38 -39 40 -41 42 -43 44 -45 -46 47 -48 -49 -50 0
uf50-0537 3437 -1 2 3 -4 -5 6 7 8 -9 10 11 -12 -13 -14 15 16 17 18 19 -20 21 22 -23 24 -25 26 27 -28 -29 30 31 -32 -33 34 35 36 37 38 39 40 -41 42 -43 44 -45 -46 47 -48 -49 -50 0
uf50-0537 4769 -1 2 -3 -4 -5 6 7 8 -9 10 -11 -12 -13 -14 15 16 17 18 -19 -20 21 22 23 -24 -25 26 27 -28 -29 30 31 -32 33 34 35 36 37 38 39 40 41 42 43 44 -45 -46 47 -48 -49 -50 0
uf50-0537 2762 -1 2 3 -4 -5 6 7 -8 -9 10 11 12 -13 -14 15 16 17 18 19 -20 21 22 -23 24 -25 -26 27 28 29 30 31 -32 -33 34 35 36 37 38 -39 40 -41 42 -43 44 -45 -46 47 -48 -49 -50 0
uf50-0537 2951 -1 2 3 -4 5 6 7 -8 -9 10 11 12 -13 -14 15 16 17 18 19 -20 -21 22 -23 24 -25 -26 27 28 29 30 31 -32 -33 34 35 36 37 38 -39 40 -41 42 -43 44 -45 -46 47 -48 -49 -50 0
uf50-0537 2951 -1 2 3 -4 5 6 7 -8 -9 10 11 12 -13 -14 15 16 17 18 19 -20 -21 22 -23 24 -25 -26 27 28 29 30 31 -32 -33 34 35 36 37 38 -39 40 -41 42 -43 44 -45 -46 47 -48 -49 -50 0
uf50-0537 2935 -1 2 3 -4 -5 6 7 8 -9 10 11 12 -13 -14 15 16 17 18 19 -20 21 22 -23 24 -25 -26 27 28 -29 30 31 -32 -33 34 35 36 37 38 -39 40 -41 42 -43 44 -45 -46 47 -48 -49 -50 0
uf50-0537 2762 -1 2 3 -4 -5 6 7 -8 -9 10 11 12 -13 -14 15 16 17 18 19 -20 21 22 -23 24 -25 -26 27 28 29 30 31 -32 -33 34 35 36 37 38 -39 40 -41 42 -43 44 -45 -46 47 -48 -49 -50 0
