uf50-0472 3102 1 2 -3 4 5 -6 7 8 -9 10 11 12 -13 -14 15 -16 17 18 -19 -20 21 22 23 -24 25 -26 -27 28 29 30 31 32 -33 -34 -35 -36 37 -38 -39 -40 41 42 43 44 45 46 47 -48 -49 -50 0
uf50-0472 3165 1 2 -3 4 5 -6 7 8 -9 10 -11 12 -13 -14 15 -16 17 18 -19 -20 21 22 23 -24 25 -26 -27 28 29 30 31 32 -33 -34 -35 -36 37 -38 -39 -40 41 42 43 44 45 46 47 -48 49 -50 0
uf50-0472 217 0
uf50-0472 217 0
uf50-0472 1871 1 2 -3 -4 5 6 7 8 -9 10 -11 12 -13 -14 15 -16 17 -18 -19 20 21 -22 23 -24 -25 -26 -27 28 29 -30 31 32 -33 -34 -35 -36 37 38 -39 -40 41 42 -43 44 45 -46 47 48 -49 -50 0
uf50-0472 3110 1 2 -3 4 5 -6 7 8 -9 10 -11 12 13 -14 15 -16 17 -18 -19 -20 21 -22 23 -24 25 -26 -27 28 29 30 31 32 -33 -34 -35 -36 37 -38 -39 -40 41 42 43 44 45 46 47 -48 49 -50 0
uf50-0472 2083 1 2 -3 -4 5 -6 7 8 -9 10 -11 12 -13 -14 15 -16 17 -18 -19 20 21 -22 23 -24 25 -26 -27 28 29 -30 31 32 -33 -34 -35 -36 37 -38 39 -40 41 42 -43 44 45 46 47 48 -49 -50 0
uf50-0472 3639 1 -2 3 -4 -5 6 7 8 -9 10 -11 12 13 -14 15 -16 17 18 19 -20 -21 -22 23 -24 25 -26 -27 28 -29 -30 31 -32 -33 -34 -35 -36 37 -38 39 -40 41 42 43 -44 -45 -46 -47 48 49 -50 0
uf50-0472 1605 1 -2 -3 -4 5 -6 7 8 -9 10 -11 12 -13 -14 15 -16 17 -18 -19 20 21 -22 23 -24 25 -26 -27 28 29 -30 31 32 -33 -34 -35 -36 37 -38 -39 -40 41 42 43 44 45 46 47 -48 -49 -50 0
uf50-0472 3242 1 2 -3 -4 5 6 7 8 -9 10 11 12 -13 -14 15 -16 17 18 -19 20 21 22 23 -24 25 -26 -27 28 29 -30 31 32 -33 -34 -35 -36 37 -38 39 -40 41 42 -43 44 45 46 47 48 -49 -50 0
uf50-0472 217 0
uf50-0472 3409 1 2 -3 4 5 -6 7 8 -9 10 -11 12 13 -14 15 -16 17 18 -19 -20 21 22 23 -24 25 -26 -27 28 29 30 31 32 -33 -34 -35 -36 37 -38 -39 -40 41 42 43 44 -45 46 47 -48 49 -50 0
uf50-0472 2772 1 -2 -3 4 5 -6 7 8 -9 10 -11 12 13 -14 15 -16 17 -18 -19 -20 21 -22 23 -24 25 -26 -27 28 29 30 31 32 -33 -34 -35 -36 37 -38 -39 -40 41 42 43 44 -45 46 47 -48 49 -50 0
uf50-0472 217 0
uf50-0472 3034 1 -2 -3 4 5 -6 7 8 -9 10 -11 12 13 -14 15 -16 17 18 -19 -20 21 -22 23 -24 25 -26 -27 28 29 30 31 32 -33 -34 -35 -36 37 -38 -39 -40 41 42 43 44 -45 46 47 -48 49 -50 0
uf50-0472 217 0
uf50-0472 3409 1 2 -3 4 5 -6 7 8 -9 10 -11 12 13 -14 15 -16 17 18 -19 -20 21 22 23 -24 25 -26 -27 28 29 30 31 32 -33 -34 -35 -36 37 -38 -39 -40 41 42 43 44 -45 46 47 -48 49 -50 0
uf50-0472 3081 1 2 -3 4 5 -6 7 8 -9 10 11 12 -13 -14 15 -16 17 -18 -19 -20 21 22 23 -24 25 -26 -27 28 29 30 31 32 -33 -34 -35 -36 37 -38 -39 -40 41 42 43 44 -45 46 47 -48 49 -50 0
uf50-0472 3343 1 2 -3 4 5 -6 7 8 -9 10 11 12 -13 -14 15 -16 17 18 -19 -20 21 22 23 -24 25 -26 -27 28 29 30 31 32 -33 -34 -35 -36 37 -38 -39 -40 41 42 43 44 -45 46 47 -48 49 -50 0
uf50-0472 2420 1 2 -3 -4 5 6 7 8 -9 10 -11 12 -13 -14 15 -16 17 -18 -19 20 21 22 23 -24 25 -26 -27 28 29 -30 31 32 -33 -34 -35 -36 37 -38 -39 -40 41 42 43 44 -45 46 47 48 -49 -50 0
uf50-0472 2947 1 2 -3 4 5 -6 7 8 -9 10 -11 12 -13 -14 15 -16 17 18 -19 -20 21 -22 23 -24 25 -26 -27 28 29 30 31 32 -33 -34 -35 -36 37 -38 -39 -40 41 42 43 44 45 46 47 -48 49 -50 0
uf50-0472 3165 1 2 -3 4 5 -6 7 8 -9 10 -11 12 -13 -14 15 -16 17 18 -19 -20 21 22 23 -24 25 -26 -27 28 29 30 31 32 -33 -34 -35 -36 37 -38 -39 -40 41 42 43 44 45 46 47 -48 49 -50 0
uf50-0472 2721 1 2 -3 -4 5 -6 7 8 -9 10 11 12 -13 -14 15 -16 17 18 -19 20 21 22 23 -24 25 -26 -27 28 29 -30 31 32 -33 -34 -35 -36 37 -38 -39 -40 41 42 43 44 -45 46 47 48 -49 -50 0
uf50-0472 2791 1 -2 -3 -4 5 6 7 8 -9 10 -11 12 -13 -14 15 -16 17 -18 19 -20 21 -22 -23 -24 25 -26 -27 28 29 -30 31 32 -33 -34 -35 -36 37 -38 39 40 41 42 -43 44 45 46 47 48 -49 -50 0
uf50-0472 2657 1 2 -3 -4 5 6 7 8 -9 10 11 12 -13 -14 15 -16 17 18 -19 20 21 22 23 -24 -25 -26 -27 28 29 -30 31 32 -33 -34 -35 -36 37 -38 -39 -40 41 42 43 44 45 -46 47 48 -49 -50 0
uf50-0472 3640 1 -2 3 -4 5 6 7 8 -9 10 -11 12 13 -14 15 -16 17 18 19 -20 -21 -22 23 -24 25 -26 -27 28 -29 -30 31 -32 -33 -34 -35 -36 37 -38 39 -40 41 42 43 -44 -45 -46 -47 48 49 -50 0
uf50-0472 4067 1 -2 3 -4 -5 6 7 8 -9 10 -11 12 13 -14 15 -16 17 18 19 -20 -21 -22 23 -24 25 -26 -27 28 -29 -30 31 -32 -33 -34 -35 -36 37 -38 39 -40 41 42 43 -44 -45 -46 -47 48 49 50 0
uf50-0472 2508 1 -2 -3 -4 5 6 7 8 -9 10 -11 12 -13 -14 15 -16 17 18 -19 20 21 -22 23 -24 25 -26 -27 28 29 -30 31 32 -33 -34 -35 -36 37 -38 39 -40 41 42 -43 44 45 46 47 48 -49 -50 0
uf50-0472 4067 1 -2 3 -4 -5 6 7 8 -9 10 -11 12 13 -14 15 -16 17 18 19 -20 -21 -22 23 -24 25 -26 -27 28 -29 -30 31 -32 -33 -34 -35 -36 37 -38 39 -40 41 42 43 -44 -45 -46 -47 48 49 50 0
uf50-0472 2741 1 2 -3 -4 5 6 7 8 -9 10 11 12 -13 -14 15 -16 17 -18 -19 20 21 22 23 -24 -25 -26 -27 28 29 -30 31 32 -33 -34 -35 -36 37 38 39 -40 41 42 -43 44 45 -46 47 48 -49 -50 0
uf50-0472 217 0
uf50-0472 2483 1 -2 -3 -4 5 6 7 8 -9 10 -11 12 -13 -14 15 -16 17 -18 19 20 21 -22 -23 -24 -25 -26 -27 28 29 -30 31 32 33 -34 -35 -36 37 38 -39 -40 41 42 43 44 -45 -46 47 48 -49 -50 0
uf50-0472 2433 1 -2 -3 -4 5 6 7 8 -9 10 -11 12 -13 -14 15 -16 17 -18 19 -20 21 -22 23 -24 25 -26 -27 28 29 -30 31 32 -33 -34 -35 -36 37 -38 -39 40 41 42 43 44 -45 -46 47 48 -49 -50 0
uf50-0472 217 0
uf50-0472 3147 1 2 -3 4 5 -6 7 8 -9 10 -11 12 13 -14 15 -16 17 -18 -19 -20 21 22 23 -24 25 -26 -27 28 29 30 31 32 -33 -34 -35 -36 37 -38 -39 -40 41 42 43 44 -45 46 47 -48 49 -50 0
uf50-0472 4067 1 -2 3 -4 -5 6 7 8 -9 10 -11 12 13 -14 15 -16 17 18 19 -20 -21 -22 23 -24 25 -26 -27 28 -29 -30 31 -32 -33 -34 -35 -36 37 -38 39 -40 41 42 43 -44 -45 -46 -47 48 49 50 0
uf50-0472 2960 1 2 -3 -4 5 6 7 8 -9 10 11 12 -13 -14 15 -16 17 -18 -19 20 21 22 23 -24 25 -26 -27 28 29 -30 31 32 -33 -34 -35 -36 37 -38 -39 -40 41 42 43 44 45 46 47 48 -49 -50 0
uf50-0472 2423 1 2 -3 -4 5 6 7 8 -9 10 -11 12 -13 -14 15 -16 17 18 -19 20 21 22 23 -24 25 -26 -27 28 29 -30 31 32 -33 -34 -35 -36 37 -38 39 -40 41 42 -43 44 -45 -46 47 48 -49 -50 0
uf50-0472 2503 1 -2 -3 -4 5 6 7 8 -9 10 -11 12 -13 -14 15 -16 17 -18 19 -20 21 -22 23 -24 25 -26 -27 28 29 -30 31 32 -33 -34 -35 -36 37 -38 39 -40 41 42 -43 44 45 46 47 48 -49 -50 0
uf50-0472 3524 1 2 -3 4 5 -6 7 8 -9 10 11 12 -13 -14 15 -16 17 18 -19 -20 21 22 23 -24 25 -26 -27 28 29 30 31 32 -33 -34 -35 -36 37 -38 -39 -40 41 42 43 44 45 46 47 -48 49 -50 0
uf50-0472 1234 1 -2 -3 -4 5 -6 7 8 -9 10 -11 12 -13 -14 15 -16 17 -18 -19 20 21 -22 23 -24 -25 -26 -27 28 29 30 31 32 -33 -34 -35 -36 37 38 39 -40 41 42 -43 44 -45 -46 -47 -48 -49 -50 0
uf50-0472 217 0
uf50-0472 2015 1 2 -3 -4 5 -6 7 8 -9 10 -11 12 -13 -14 15 -16 17 -18 -19 20 21 -22 23 -24 25 -26 -27 28 29 30 31 32 -33 -34 -35 -36 37 -38 39 -40 41 42 -43 44 45 46 47 -48 -49 -50 0
uf50-0472 2702 1 2 -3 -4 5 6 7 8 -9 10 -11 12 -13 -14 15 -16 17 18 -19 20 21 22 23 -24 25 -26 -27 28 29 -30 31 32 -33 -34 -35 -36 37 -38 39 -40 41 42 -43 44 -45 46 47 48 -49 -50 0
uf50-0472 4067 1 -2 3 -4 -5 6 7 8 -9 10 -11 12 13 -14 15 -16 17 18 19 -20 -21 -22 23 -24 25 -26 -27 28 -29 -30 31 -32 -33 -34 -35 -36 37 -38 39 -40 41 42 43 -44 -45 -46 -47 48 49 50 0
uf50-0472 1659 1 -2 -3 4 5 -6 7 8 -9 10 -11 12 -13 -14 15 -16 17 -18 -19 -20 21 -22 23 -24 -25 -26 -27 28 29 30 31 32 -33 -34 -35 -36 37 -38 39 -40 41 42 -43 44 -45 46 47 -48 -49 -50 0
uf50-0472 2821 1 2 -3 -4 5 6 7 8 -9 10 -11 12 -13 -14 15 -16 17 -18 19 20 21 -22 -23 -24 -25 -26 -27 28 29 -30 31 32 33 -34 -35 -36 37 38 -39 -40 41 42 43 44 45 -46 47 48 -49 -50 0
uf50-0472 217 0
uf50-0472 2285 1 -2 -3 -4 5 6 7 8 -9 10 -11 12 -13 -14 15 -16 17 18 19 -20 21 -22 23 -24 25 -26 -27 28 29 -30 31 32 -33 -34 -35 -36 37 -38 -39 -40 41 42 43 44 -45 -46 47 48 -49 -50 0
uf50-0472 217 0
