uf50-0237 4560 1 -2 -3 -4 5 -6 7 8 9 -10 -11 -12 -13 14 15 -16 17 18 19 -20 21 -22 -23 24 -25 -26 27 28 29 30 -31 32 -33 34 -35 36 -37 38 -39 40 41 -42 -43 44 45 46 -47 -48 49 50 0
uf50-0237 217 0
uf50-0237 217 0
uf50-0237 3506 1 -2 3 -4 5 -6 -7 -8 9 10 -11 -12 -13 -14 15 -16 17 18 -19 -20 21 -22 23 24 -25 -26 27 28 29 -30 31 -32 -33 34 35 36 -37 38 39 40 41 -42 -43 -44 -45 -46 -47 48 49 50 0
uf50-0237 217 0
uf50-0237 217 0
uf50-0237 2243 1 -2 -3 -4 -5 -6 -7 8 9 10 -11 -12 -13 -14 15 -16 17 18 19 -20 21 -22 23 24 -25 26 -27 28 29 30 31 -32 -33 34 -35 36 -37 38 39 40 41 -42 -43 -44 -45 -46 -47 -48 49 -50 0
uf50-0237 217 0
uf50-0237 217 0
uf50-0237 4560 1 -2 -3 -4 5 -6 7 8 9 -10 -11 -12 -13 14 15 -16 17 18 19 -20 21 -22 -23 24 -25 -26 27 28 29 30 -31 32 -33 34 -35 36 -37 38 -39 40 41 -42 -43 44 45 46 -47 -48 49 50 0
uf50-0237 217 0
uf50-0237 2573 1 -2 3 -4 5 -6 -7 -8 9 10 -11 -12 -13 -14 -15 -16 17 18 -19 -20 21 -22 23 24 -25 -26 27 28 29 -30 31 -32 -33 34 -35 36 -37 38 39 40 41 -42 -43 -44 -45 -46 -47 -48 49 50 0
uf50-0237 217 0
uf50-0237 217 0
uf50-0237 217 0
uf50-0237 2383 1 -2 -3 -4 5 -6 -7 -8 9 10 -11 -12 -13 -14 15 -16 17 18 19 -20 21 -22 23 24 -25 26 -27 28 29 -30 31 -32 -33 34 -35 36 -37 38 39 40 41 -42 -43 -44 -45 -46 -47 -48 49 50 0
uf50-0237 4325 1 -2 -3 -4 5 -6 7 8 9 -10 -11 -12 -13 14 15 -16 17 18 -19 -20 21 -22 -23 24 -25 -26 27 28 29 30 -31 32 -33 34 -35 36 -37 38 -39 40 41 -42 -43 44 45 46 -47 -48 49 50 0
uf50-0237 4325 1 -2 -3 -4 5 -6 7 8 9 -10 -11 -12 -13 14 15 -16 17 18 -19 -20 21 -22 -23 24 -25 -26 27 28 29 30 -31 32 -33 34 -35 36 -37 38 -39 40 41 -42 -43 44 45 46 -47 -48 49 50 0
uf50-0237 2541 1 -2 3 -4 5 -6 -7 8 9 10 -11 -12 -13 -14 15 -16 17 18 19 -20 21 -22 -23 24 -25 26 -27 28 29 30 -31 -32 -33 34 -35 36 -37 38 39 40 -41 -42 -43 -44 45 -46 -47 -48 49 -50 0
uf50-0237 217 0
uf50-0237 217 0
uf50-0237 2118 1 -2 -3 -4 -5 -6 -7 8 9 10 -11 -12 -13 -14 15 -16 17 18 19 -20 21 -22 23 24 -25 26 -27 28 29 30 31 -32 -33 -34 -35 36 -37 38 39 40 41 -42 -43 -44 -45 -46 -47 -48 49 -50 0
uf50-0237 3506 1 -2 3 -4 5 -6 -7 -8 9 10 -11 -12 -13 -14 15 -16 17 18 -19 -20 21 -22 23 24 -25 -26 27 28 29 -30 31 -32 -33 34 35 36 -37 38 39 40 41 -42 -43 -44 -45 -46 -47 48 49 50 0
uf50-0237 217 0
uf50-0237 3080 1 -2 3 -4 5 -6 -7 -8 9 10 -11 -12 -13 -14 15 -16 17 18 -19 -20 21 -22 23 24 -25 -26 27 28 29 -30 31 -32 -33 34 -35 36 -37 38 39 40 41 -42 -43 -44 -45 -46 -47 48 49 50 0
uf50-0237 2502 1 -2 -3 -4 5 -6 -7 -8 9 10 -11 -12 -13 -14 -15 -16 17 18 19 -20 21 -22 23 24 -25 -26 27 28 29 -30 31 -32 -33 34 -35 36 -37 38 39 40 41 -42 -43 -44 -45 -46 -47 -48 49 50 0
uf50-0237 217 0
uf50-0237 217 0
uf50-0237 217 0
uf50-0237 2029 1 -2 -3 -4 5 -6 -7 8 9 10 -11 -12 -13 -14 15 -16 17 18 19 -20 21 -22 23 24 -25 26 -27 28 29 30 -31 -32 -33 -34 -35 36 -37 38 39 40 41 -42 -43 -44 -45 -46 -47 -48 49 -50 0
uf50-0237 4153 1 -2 -3 -4 5 -6 7 8 9 -10 -11 -12 -13 14 15 -16 17 18 19 -20 21 -22 -23 24 -25 -26 -27 28 29 30 -31 32 -33 34 -35 36 -37 38 -39 40 41 -42 -43 44 45 46 -47 -48 49 50 0
uf50-0237 2762 1 -2 3 -4 5 -6 -7 8 9 10 -11 -12 -13 -14 15 -16 17 18 19 -20 21 -22 23 24 -25 26 -27 28 29 30 31 -32 -33 34 -35 36 -37 38 39 40 41 -42 -43 -44 -45 -46 -47 -48 49 -50 0
uf50-0237 2200 1 -2 3 -4 5 -6 -7 8 9 -10 -11 -12 -13 -14 15 -16 17 18 19 -20 21 -22 -23 24 -25 26 -27 28 29 30 -31 -32 -33 34 -35 36 -37 -38 39 40 -41 -42 -43 -44 45 -46 -47 -48 49 -50 0
uf50-0237 217 0
uf50-0237 217 0
uf50-0237 3423 1 -2 3 -4 5 -6 -7 -8 9 10 -11 -12 -13 -14 -15 -16 17 18 -19 -20 21 -22 23 24 -25 -26 27 28 29 -30 31 -32 -33 34 35 36 -37 38 39 40 41 -42 -43 -44 -45 -46 -47 48 49 50 0
uf50-0237 217 0
uf50-0237 2585 1 -2 -3 -4 5 -6 -7 -8 9 10 -11 -12 -13 -14 15 -16 17 18 19 -20 21 -22 23 24 -25 -26 27 28 29 -30 31 -32 -33 34 -35 36 -37 38 39 40 41 -42 -43 -44 -45 -46 -47 -48 49 50 0
uf50-0237 217 0
uf50-0237 2243 1 -2 -3 -4 -5 -6 -7 8 9 10 -11 -12 -13 -14 15 -16 17 18 19 -20 21 -22 23 24 -25 26 -27 28 29 30 31 -32 -33 34 -35 36 -37 38 39 40 41 -42 -43 -44 -45 -46 -47 -48 49 -50 0
uf50-0237 2472 1 -2 3 -4 5 -6 -7 -8 9 10 -11 -12 -13 -14 15 -16 17 18 19 -20 21 -22 23 24 -25 26 -27 28 29 -30 31 -32 -33 34 -35 36 -37 38 -39 40 41 -42 -43 -44 -45 -46 -47 -48 49 50 0
uf50-0237 217 0
uf50-0237 217 0
uf50-0237 217 0
uf50-0237 217 0
uf50-0237 217 0
uf50-0237 1485 1 -2 3 -4 -5 -6 -7 -8 9 10 -11 -12 -13 -14 15 -16 17 18 19 -20 21 -22 -23 24 -25 26 -27 28 29 -30 -31 -32 -33 34 -35 36 -37 -38 -39 40 41 -42 -43 -44 -45 -46 -47 -48 49 50 0
uf50-0237 217 0
uf50-0237 217 0
uf50-0237 217 0
