uf50-0188 88277 -1 2 3 -4 -5 6 7 -8 9 -10 11 -12 13 14 -15 16 -17 -18 19 -20 21 22 -23 -24 25 26 -27 28 29 -30 31 32 33 34 35 -36 -37 -38 -39 40 41 -42 43 44 45 -46 47 -48 -49 -50 0
uf50-0188 85600 -1 -2 3 4 -5 -6 7 -8 -9 10 -11 12 -13 -14 15 -16 -17 -18 19 20 21 -22 -23 -24 25 26 27 28 29 30 31 32 -33 34 -35 36 -37 -38 39 40 41 42 43 -44 -45 -46 -47 -48 49 50 0
uf50-0188 81786 1 -2 3 4 5 -6 -7 -8 -9 10 -11 12 -13 -14 15 -16 17 -18 19 20 21 -22 -23 -24 25 26 27 28 29 30 31 -32 -33 34 -35 36 37 -38 39 40 -41 42 43 -44 -45 46 -47 -48 49 50 0
uf50-0188 86350 -1 -2 3 4 -5 -6 7 -8 -9 10 -11 12 -13 -14 15 -16 -17 -18 19 20 21 -22 -23 -24 25 26 27 28 29 30 31 32 -33 34 -35 36 -37 -38 39 40 41 42 43 -44 -45 -46 -47 48 49 50 0
uf50-0188 88277 -1 2 3 -4 -5 6 7 -8 9 -10 11 -12 13 14 -15 16 -17 -18 19 -20 21 22 -23 -24 25 26 -27 28 29 -30 31 32 33 34 35 -36 -37 -38 -39 40 41 -42 43 44 45 -46 47 -48 -49 -50 0
uf50-0188 86350 -1 -2 3 4 -5 -6 7 -8 -9 10 -11 12 -13 -14 15 -16 -17 -18 19 20 21 -22 -23 -24 25 26 27 28 29 30 31 32 -33 34 -35 36 -37 -38 39 40 41 42 43 -44 -45 -46 -47 48 49 50 0
uf50-0188 81786 1 -2 3 4 5 -6 -7 -8 -9 10 -11 12 -13 -14 15 -16 17 -18 19 20 21 -22 -23 -24 25 26 27 28 29 30 31 -32 -33 34 -35 36 37 -38 39 40 -41 42 43 -44 -45 46 -47 -48 49 50 0
uf50-0188 81786 1 -2 3 4 5 -6 -7 -8 -9 10 -11 12 -13 -14 15 -16 17 -18 19 20 21 -22 -23 -24 25 26 27 28 29 30 31 -32 -33 34 -35 36 37 -38 39 40 -41 42 43 -44 -45 46 -47 -48 49 50 0
uf50-0188 81786 1 -2 3 4 5 -6 -7 -8 -9 10 -11 12 -13 -14 15 -16 17 -18 19 20 21 -22 -23 -24 25 26 27 28 29 30 31 -32 -33 34 -35 36 37 -38 39 40 -41 42 43 -44 -45 46 -47 -48 49 50 0
uf50-0188 81786 1 -2 3 4 5 -6 -7 -8 -9 10 -11 12 -13 -14 15 -16 17 -18 19 20 21 -22 -23 -24 25 26 27 28 29 30 31 -32 -33 34 -35 36 37 -38 39 40 -41 42 43 -44 -45 46 -47 -48 49 50 0
uf50-0188 86350 -1 -2 3 4 -5 -6 7 -8 -9 10 -11 12 -13 -14 15 -16 -17 -18 19 20 21 -22 -23 -24 25 26 27 28 29 30 31 32 -33 34 -35 36 -37 -38 39 40 41 42 43 -44 -45 -46 -47 48 49 50 0
uf50-0188 88277 -1 2 3 -4 -5 6 7 -8 9 -10 11 -12 13 14 -15 16 -17 -18 19 -20 21 22 -23 -24 25 26 -27 28 29 -30 31 32 33 34 35 -36 -37 -38 -39 40 41 -42 43 44 45 -46 47 -48 -49 -50 0
uf50-0188 88277 -1 2 3 -4 -5 6 7 -8 9 -10 11 -12 13 14 -15 16 -17 -18 19 -20 21 22 -23 -24 25 26 -27 28 29 -30 31 32 33 34 35 -36 -37 -38 -39 40 41 -42 43 44 45 -46 47 -48 -49 -50 0
uf50-0188 81786 1 -2 3 4 5 -6 -7 -8 -9 10 -11 12 -13 -14 15 -16 17 -18 19 20 21 -22 -23 -24 25 26 27 28 29 30 31 -32 -33 34 -35 36 37 -38 39 40 -41 42 43 -44 -45 46 -47 -48 49 50 0
uf50-0188 81786 1 -2 3 4 5 -6 -7 -8 -9 10 -11 12 -13 -14 15 -16 17 -18 19 20 21 -22 -23 -24 25 26 27 28 29 30 31 -32 -33 34 -35 36 37 -38 39 40 -41 42 43 -44 -45 46 -47 -48 49 50 0
uf50-0188 81786 1 -2 3 4 5 -6 -7 -8 -9 10 -11 12 -13 -14 15 -16 17 -18 19 20 21 -22 -23 -24 25 26 27 28 29 30 31 -32 -33 34 -35 36 37 -38 39 40 -41 42 43 -44 -45 46 -47 -48 49 50 0
uf50-0188 81786 1 -2 3 4 5 -6 -7 -8 -9 10 -11 12 -13 -14 15 -16 17 -18 19 20 21 -22 -23 -24 25 26 27 28 29 30 31 -32 -33 34 -35 36 37 -38 39 40 -41 42 43 -44 -45 46 -47 -48 49 50 0
uf50-0188 86350 -1 -2 3 4 -5 -6 7 -8 -9 10 -11 12 -13 -14 15 -16 -17 -18 19 20 21 -22 -23 -24 25 26 27 28 29 30 31 32 -33 34 -35 36 -37 -38 39 40 41 42 43 -44 -45 -46 -47 48 49 50 0
uf50-0188 85406 1 -2 3 -4 -5 6 7 -8 9 -10 11 -12 -13 14 -15 16 -17 -18 19 -20 21 22 -23 -24 25 26 -27 28 29 -30 31 32 33 34 35 -36 -37 -38 -39 40 41 -42 43 44 -45 -46 47 -48 -49 -50 0
uf50-0188 81786 1 -2 3 4 5 -6 -7 -8 -9 10 -11 12 -13 -14 15 -16 17 -18 19 20 21 -22 -23 -24 25 26 27 28 29 30 31 -32 -33 34 -35 36 37 -38 39 40 -41 42 43 -44 -45 46 -47 -48 49 50 0
uf50-0188 81786 1 -2 3 4 5 -6 -7 -8 -9 10 -11 12 -13 -14 15 -16 17 -18 19 20 21 -22 -23 -24 25 26 27 28 29 30 31 -32 -33 34 -35 36 37 -38 39 40 -41 42 43 -44 -45 46 -47 -48 49 50 0
uf50-0188 81821 -1 2 -3 -4 -5 6 7 -8 9 -10 11 -12 13 14 -15 16 -17 -18 19 -20 21 22 -23 -24 25 26 -27 28 29 -30 31 32 33 34 35 -36 -37 38 -39 40 -41 -42 43 44 45 -46 47 -48 -49 -50 0
uf50-0188 86350 -1 -2 3 4 -5 -6 7 -8 -9 10 -11 12 -13 -14 15 -16 -17 -18 19 20 21 -22 -23 -24 25 26 27 28 29 30 31 32 -33 34 -35 36 -37 -38 39 40 41 42 43 -44 -45 -46 -47 48 49 50 0
uf50-0188 87363 1 2 3 -4 -5 6 7 -8 9 -10 11 -12 -13 14 -15 16 -17 -18 19 -20 21 22 -23 -24 25 26 -27 28 29 -30 31 32 33 34 35 -36 -37 -38 -39 40 41 -42 43 44 -45 -46 47 -48 -49 -50 0
uf50-0188 86350 -1 -2 3 4 -5 -6 7 -8 -9 10 -11 12 -13 -14 15 -16 -17 -18 19 20 21 -22 -23 -24 25 26 27 28 29 30 31 32 -33 34 -35 36 -37 -38 39 40 41 42 43 -44 -45 -46 -47 48 49 50 0
uf50-0188 86350 -1 -2 3 4 -5 -6 7 -8 -9 10 -11 12 -13 -14 15 -16 -17 -18 19 20 21 -22 -23 -24 25 26 27 28 29 30 31 32 -33 34 -35 36 -37 -38 39 40 41 42 43 -44 -45 -46 -47 48 49 50 0
uf50-0188 86350 -1 -2 3 4 -5 -6 7 -8 -9 10 -11 12 -13 -14 15 -16 -17 -18 19 20 21 -22 -23 -24 25 26 27 28 29 30 31 32 -33 34 -35 36 -37 -38 39 40 41 42 43 -44 -45 -46 -47 48 49 50 0
uf50-0188 81786 1 -2 3 4 5 -6 -7 -8 -9 10 -11 12 -13 -14 15 -16 17 -18 19 20 21 -22 -23 -24 25 26 27 28 29 30 31 -32 -33 34 -35 36 37 -38 39 40 -41 42 43 -44 -45 46 -47 -48 49 50 0
uf50-0188 83415 -1 -2 3 4 -5 -6 7 -8 -9 10 -11 12 -13 -14 15 -16 -17 -18 19 20 21 -22 -23 -24 25 26 27 28 29 30 31 -32 -33 34 -35 36 -37 -38 39 40 41 42 43 -44 -45 -46 -47 48 49 50 0
uf50-0188 85600 -1 -2 3 4 -5 -6 7 -8 -9 10 -11 12 -13 -14 15 -16 -17 -18 19 20 21 -22 -23 -24 25 26 27 28 29 30 31 32 -33 34 -35 36 -37 -38 39 40 41 42 43 -44 -45 -46 -47 -48 49 50 0
uf50-0188 81786 1 -2 3 4 5 -6 -7 -8 -9 10 -11 12 -13 -14 15 -16 17 -18 19 20 21 -22 -23 -24 25 26 27 28 29 30 31 -32 -33 34 -35 36 37 -38 39 40 -41 42 43 -44 -45 46 -47 -48 49 50 0
uf50-0188 86350 -1 -2 3 4 -5 -6 7 -8 -9 10 -11 12 -13 -14 15 -16 -17 -18 19 20 21 -22 -23 -24 25 26 27 28 29 30 31 32 -33 34 -35 36 -37 -38 39 40 41 42 43 -44 -45 -46 -47 48 49 50 0
uf50-0188 81786 1 -2 3 4 5 -6 -7 -8 -9 10 -11 12 -13 -14 15 -16 17 -18 19 20 21 -22 -23 -24 25 26 27 28 29 30 31 -32 -33 34 -35 36 37 -38 39 40 -41 42 43 -44 -45 46 -47 -48 49 50 0
uf50-0188 86350 -1 -2 3 4 -5 -6 7 -8 -9 10 -11 12 -13 -14 15 -16 -17 -18 19 20 21 -22 -23 -24 25 26 27 28 29 30 31 32 -33 34 -35 36 -37 -38 39 40 41 42 43 -44 -45 -46 -47 48 49 50 0
uf50-0188 84265 1 2 3 -4 -5 6 7 -8 9 -10 11 -12 -13 14 -15 16 -17 -18 19 -20 -21 22 -23 -24 25 26 -27 28 29 -30 31 32 33 34 35 -36 -37 -38 -39 40 41 -42 43 44 -45 -46 47 -48 -49 -50 0
uf50-0188 86350 -1 -2 3 4 -5 -6 7 -8 -9 10 -11 12 -13 -14 15 -16 -17 -18 19 20 21 -22 -23 -24 25 26 27 28 29 30 31 32 -33 34 -35 36 -37 -38 39 40 41 42 43 -44 -45 -46 -47 48 49 50 0
uf50-0188 81786 1 -2 3 4 5 -6 -7 -8 -9 10 -11 12 -13 -14 15 -16 17 -18 19 20 21 -22 -23 -24 25 26 27 28 29 30 31 -32 -33 34 -35 36 37 -38 39 40 -41 42 43 -44 -45 46 -47 -48 49 50 0
uf50-0188 86350 -1 -2 3 4 -5 -6 7 -8 -9 10 -11 12 -13 -14 15 -16 -17 -18 19 20 21 -22 -23 -24 25 26 27 28 29 30 31 32 -33 34 -35 36 -37 -38 39 40 41 42 43 -44 -45 -46 -47 48 49 50 0
uf50-0188 81786 1 -2 3 4 5 -6 -7 -8 -9 10 -11 12 -13 -14 15 -16 17 -18 19 20 21 -22 -23 -24 25 26 27 28 29 30 31 -32 -33 34 -35 36 37 -38 39 40 -41 42 43 -44 -45 46 -47 -48 49 50 0
uf50-0188 86350 -1 -2 3 4 -5 -6 7 -8 -9 10 -11 12 -13 -14 15 -16 -17 -18 19 20 21 -22 -23 -24 25 26 27 28 29 30 31 32 -33 34 -35 36 -37 -38 39 40 41 42 43 -44 -45 -46 -47 48 49 50 0
uf50-0188 83842 -1 2 3 -4 -5 6 7 -8 9 -10 11 -12 13 14 -15 16 -17 -18 19 -20 21 22 -23 -24 25 26 -27 28 -29 -30 31 32 33 34 35 -36 -37 -38 -39 40 41 -42 43 44 45 -46 47 -48 -49 -50 0
uf50-0188 81786 1 -2 3 4 5 -6 -7 -8 -9 10 -11 12 -13 -14 15 -16 17 -18 19 20 21 -22 -23 -24 25 26 27 28 29 30 31 -32 -33 34 -35 36 37 -38 39 40 -41 42 43 -44 -45 46 -47 -48 49 50 0
uf50-0188 83842 -1 2 3 -4 -5 6 7 -8 9 -10 11 -12 13 14 -15 16 -17 -18 19 -20 21 22 -23 -24 25 26 -27 28 -29 -30 31 32 33 34 35 -36 -37 -38 -39 40 41 -42 43 44 45 -46 47 -48 -49 -50 0
uf50-0188 81786 1 -2 3 4 5 -6 -7 -8 -9 10 -11 12 -13 -14 15 -16 17 -18 19 20 21 -22 -23 -24 25 26 27 28 29 30 31 -32 -33 34 -35 36 37 -38 39 40 -41 42 43 -44 -45 46 -47 -48 49 50 0
uf50-0188 87363 1 2 3 -4 -5 6 7 -8 9 -10 11 -12 -13 14 -15 16 -17 -18 19 -20 21 22 -23 -24 25 26 -27 28 29 -30 31 32 33 34 35 -36 -37 -38 -39 40 41 -42 43 44 -45 -46 47 -48 -49 -50 0
uf50-0188 81786 1 -2 3 4 5 -6 -7 -8 -9 10 -11 12 -13 -14 15 -16 17 -18 19 20 21 -22 -23 -24 25 26 27 28 29 30 31 -32 -33 34 -35 36 37 -38 39 40 -41 42 43 -44 -45 46 -47 -48 49 50 0
uf50-0188 87363 1 2 3 -4 -5 6 7 -8 9 -10 11 -12 -13 14 -15 16 -17 -18 19 -20 21 22 -23 -24 25 26 -27 28 29 -30 31 32 33 34 35 -36 -37 -38 -39 40 41 -42 43 44 -45 -46 47 -48 -49 -50 0
uf50-0188 87363 1 2 3 -4 -5 6 7 -8 9 -10 11 -12 -13 14 -15 16 -17 -18 19 -20 21 22 -23 -24 25 26 -27 28 29 -30 31 32 33 34 35 -36 -37 -38 -39 40 41 -42 43 44 -45 -46 47 -48 -49 -50 0
uf50-0188 82308 1 -2 3 -4 -5 6 7 -8 9 -10 11 -12 -13 14 -15 16 -17 -18 19 -20 -21 22 -23 -24 25 26 -27 28 29 -30 31 32 33 34 35 -36 -37 -38 -39 40 41 -42 43 44 -45 -46 47 -48 -49 -50 0
uf50-0188 81786 1 -2 3 4 5 -6 -7 -8 -9 10 -11 12 -13 -14 15 -16 17 -18 19 20 21 -22 -23 -24 25 26 27 28 29 30 31 -32 -33 34 -35 36 37 -38 39 40 -41 42 43 -44 -45 46 -47 -48 49 50 0
uf50-0188 88277 -1 2 3 -4 -5 6 7 -8 9 -10 11 -12 13 14 -15 16 -17 -18 19 -20 21 22 -23 -24 25 26 -27 28 29 -30 31 32 33 34 35 -36 -37 -38 -39 40 41 -42 43 44 45 -46 47 -48 -49 -50 0
uf50-0188 86350 -1 -2 3 4 -5 -6 7 -8 -9 10 -11 12 -13 -14 15 -16 -17 -18 19 20 21 -22 -23 -24 25 26 27 28 29 30 31 32 -33 34 -35 36 -37 -38 39 40 41 42 43 -44 -45 -46 -47 48 49 50 0
uf50-0188 81786 1 -2 3 4 5 -6 -7 -8 -9 10 -11 12 -13 -14 15 -16 17 -18 19 20 21 -22 -23 -24 25 26 27 28 29 30 31 -32 -33 34 -35 36 37 -38 39 40 -41 42 43 -44 -45 46 -47 -48 49 50 0
uf50-0188 81786 1 -2 3 4 5 -6 -7 -8 -9 10 -11 12 -13 -14 15 -16 17 -18 19 20 21 -22 -23 -24 25 26 27 28 29 30 31 -32 -33 34 -35 36 37 -38 39 40 -41 42 43 -44 -45 46 -47 -48 49 50 0
uf50-0188 81786 1 -2 3 4 5 -6 -7 -8 -9 10 -11 12 -13 -14 15 -16 17 -18 19 20 21 -22 -23 -24 25 26 27 28 29 30 31 -32 -33 34 -35 36 37 -38 39 40 -41 42 43 -44 -45 46 -47 -48 49 50 0
uf50-0188 88277 -1 2 3 -4 -5 6 7 -8 9 -10 11 -12 13 14 -15 16 -17 -18 19 -20 21 22 -23 -24 25 26 -27 28 29 -30 31 32 33 34 35 -36 -37 -38 -39 40 41 -42 43 44 45 -46 47 -48 -49 -50 0
uf50-0188 86350 -1 -2 3 4 -5 -6 7 -8 -9 10 -11 12 -13 -14 15 -16 -17 -18 19 20 21 -22 -23 -24 25 26 27 28 29 30 31 32 -33 34 -35 36 -37 -38 39 40 41 42 43 -44 -45 -46 -47 48 49 50 0
uf50-0188 81786 1 -2 3 4 5 -6 -7 -8 -9 10 -11 12 -13 -14 15 -16 17 -18 19 20 21 -22 -23 -24 25 26 27 28 29 30 31 -32 -33 34 -35 36 37 -38 39 40 -41 42 43 -44 -45 46 -47 -48 49 50 0
uf50-0188 81786 1 -2 3 4 5 -6 -7 -8 -9 10 -11 12 -13 -14 15 -16 17 -18 19 20 21 -22 -23 -24 25 26 27 28 29 30 31 -32 -33 34 -35 36 37 -38 39 40 -41 42 43 -44 -45 46 -47 -48 49 50 0
uf50-0188 86350 -1 -2 3 4 -5 -6 7 -8 -9 10 -11 12 -13 -14 15 -16 -17 -18 19 20 21 -22 -23 -24 25 26 27 28 29 30 31 32 -33 34 -35 36 -37 -38 39 40 41 42 43 -44 -45 -46 -47 48 49 50 0
uf50-0188 81786 1 -2 3 4 5 -6 -7 -8 -9 10 -11 12 -13 -14 15 -16 17 -18 19 20 21 -22 -23 -24 25 26 27 28 29 30 31 -32 -33 34 -35 36 37 -38 39 40 -41 42 43 -44 -45 46 -47 -48 49 50 0
uf50-0188 86350 -1 -2 3 4 -5 -6 7 -8 -9 10 -11 12 -13 -14 15 -16 -17 -18 19 20 21 -22 -23 -24 25 26 27 28 29 30 31 32 -33 34 -35 36 -37 -38 39 40 41 42 43 -44 -45 -46 -47 48 49 50 0
uf50-0188 81786 1 -2 3 4 5 -6 -7 -8 -9 10 -11 12 -13 -14 15 -16 17 -18 19 20 21 -22 -23 -24 25 26 27 28 29 30 31 -32 -33 34 -35 36 37 -38 39 40 -41 42 43 -44 -45 46 -47 -48 49 50 0
uf50-0188 81786 1 -2 3 4 5 -6 -7 -8 -9 10 -11 12 -13 -14 15 -16 17 -18 19 20 21 -22 -23 -24 25 26 27 28 29 30 31 -32 -33 34 -35 36 37 -38 39 40 -41 42 43 -44 -45 46 -47 -48 49 50 0
uf50-0188 87363 1 2 3 -4 -5 6 7 -8 9 -10 11 -12 -13 14 -15 16 -17 -18 19 -20 21 22 -23 -24 25 26 -27 28 29 -30 31 32 33 34 35 -36 -37 -38 -39 40 41 -42 43 44 -45 -46 47 -48 -49 -50 0
uf50-0188 81786 1 -2 3 4 5 -6 -7 -8 -9 10 -11 12 -13 -14 15 -16 17 -18 19 20 21 -22 -23 -24 25 26 27 28 29 30 31 -32 -33 34 -35 36 37 -38 39 40 -41 42 43 -44 -45 46 -47 -48 49 50 0
uf50-0188 81786 1 -2 3 4 5 -6 -7 -8 -9 10 -11 12 -13 -14 15 -16 17 -18 19 20 21 -22 -23 -24 25 26 27 28 29 30 31 -32 -33 34 -35 36 37 -38 39 40 -41 42 43 -44 -45 46 -47 -48 49 50 0
uf50-0188 81786 1 -2 3 4 5 -6 -7 -8 -9 10 -11 12 -13 -14 15 -16 17 -18 19 20 21 -22 -23 -24 25 26 27 28 29 30 31 -32 -33 34 -35 36 37 -38 39 40 -41 42 43 -44 -45 46 -47 -48 49 50 0
uf50-0188 88277 -1 2 3 -4 -5 6 7 -8 9 -10 11 -12 13 14 -15 16 -17 -18 19 -20 21 22 -23 -24 25 26 -27 28 29 -30 31 32 33 34 35 -36 -37 -38 -39 40 41 -42 43 44 45 -46 47 -48 -49 -50 0
uf50-0188 88277 -1 2 3 -4 -5 6 7 -8 9 -10 11 -12 13 14 -15 16 -17 -18 19 -20 21 22 -23 -24 25 26 -27 28 29 -30 31 32 33 34 35 -36 -37 -38 -39 40 41 -42 43 44 45 -46 47 -48 -49 -50 0
uf50-0188 86350 -1 -2 3 4 -5 -6 7 -8 -9 10 -11 12 -13 -14 15 -16 -17 -18 19 20 21 -22 -23 -24 25 26 27 28 29 30 31 32 -33 34 -35 36 -37 -38 39 40 41 42 43 -44 -45 -46 -47 48 49 50 0
uf50-0188 81786 1 -2 3 4 5 -6 -7 -8 -9 10 -11 12 -13 -14 15 -16 17 -18 19 20 21 -22 -23 -24 25 26 27 28 29 30 31 -32 -33 34 -35 36 37 -38 39 40 -41 42 43 -44 -45 46 -47 -48 49 50 0
uf50-0188 86350 -1 -2 3 4 -5 -6 7 -8 -9 10 -11 12 -13 -14 15 -16 -17 -18 19 20 21 -22 -23 -24 25 26 27 28 29 30 31 32 -33 34 -35 36 -37 -38 39 40 41 42 43 -44 -45 -46 -47 48 49 50 0
uf50-0188 86350 -1 -2 3 4 -5 -6 7 -8 -9 10 -11 12 -13 -14 15 -16 -17 -18 19 20 21 -22 -23 -24 25 26 27 28 29 30 31 32 -33 34 -35 36 -37 -38 39 40 41 42 43 -44 -45 -46 -47 48 49 50 0
uf50-0188 81786 1 -2 3 4 5 -6 -7 -8 -9 10 -11 12 -13 -14 15 -16 17 -18 19 20 21 -22 -23 -24 25 26 27 28 29 30 31 -32 -33 34 -35 36 37 -38 39 40 -41 42 43 -44 -45 46 -47 -48 49 50 0
uf50-0188 81786 1 -2 3 4 5 -6 -7 -8 -9 10 -11 12 -13 -14 15 -16 17 -18 19 20 21 -22 -23 -24 25 26 27 28 29 30 31 -32 -33 34 -35 36 37 -38 39 40 -41 42 43 -44 -45 46 -47 -48 49 50 0
uf50-0188 81786 1 -2 3 4 5 -6 -7 -8 -9 10 -11 12 -13 -14 15 -16 17 -18 19 20 21 -22 -23 -24 25 26 27 28 29 30 31 -32 -33 34 -35 36 37 -38 39 40 -41 42 43 -44 -45 46 -47 -48 49 50 0
uf50-0188 81786 1 -2 3 4 5 -6 -7 -8 -9 10 -11 12 -13 -14 15 -16 17 -18 19 20 21 -22 -23 -24 25 26 27 28 29 30 31 -32 -33 34 -35 36 37 -38 39 40 -41 42 43 -44 -45 46 -47 -48 49 50 0
uf50-0188 87363 1 2 3 -4 -5 6 7 -8 9 -10 11 -12 -13 14 -15 16 -17 -18 19 -20 21 22 -23 -24 25 26 -27 28 29 -30 31 32 33 34 35 -36 -37 -38 -39 40 41 -42 43 44 -45 -46 47 -48 -49 -50 0
uf50-0188 81786 1 -2 3 4 5 -6 -7 -8 -9 10 -11 12 -13 -14 15 -16 17 -18 19 20 21 -22 -23 -24 25 26 27 28 29 30 31 -32 -33 34 -35 36 37 -38 39 40 -41 42 43 -44 -45 46 -47 -48 49 50 0
uf50-0188 86350 -1 -2 3 4 -5 -6 7 -8 -9 10 -11 12 -13 -14 15 -16 -17 -18 19 20 21 -22 -23 -24 25 26 27 28 29 30 31 32 -33 34 -35 36 -37 -38 39 40 41 42 43 -44 -45 -46 -47 48 49 50 0
uf50-0188 86350 -1 -2 3 4 -5 -6 7 -8 -9 10 -11 12 -13 -14 15 -16 -17 -18 19 20 21 -22 -23 -24 25 26 27 28 29 30 31 32 -33 34 -35 36 -37 -38 39 40 41 42 43 -44 -45 -46 -47 48 49 50 0
uf50-0188 86350 -1 -2 3 4 -5 -6 7 -8 -9 10 -11 12 -13 -14 15 -16 -17 -18 19 20 21 -22 -23 -24 25 26 27 28 29 30 31 32 -33 34 -35 36 -37 -38 39 40 41 42 43 -44 -45 -46 -47 48 49 50 0
uf50-0188 86350 -1 -2 3 4 -5 -6 7 -8 -9 10 -11 12 -13 -14 15 -16 -17 -18 19 20 21 -22 -23 -24 25 26 27 28 29 30 31 32 -33 34 -35 36 -37 -38 39 40 41 42 43 -44 -45 -46 -47 48 49 50 0
uf50-0188 81786 1 -2 3 4 5 -6 -7 -8 -9 10 -11 12 -13 -14 15 -16 17 -18 19 20 21 -22 -23 -24 25 26 27 28 29 30 31 -32 -33 34 -35 36 37 -38 39 40 -41 42 43 -44 -45 46 -47 -48 49 50 0
uf50-0188 87363 1 2 3 -4 -5 6 7 -8 9 -10 11 -12 -13 14 -15 16 -17 -18 19 -20 21 22 -23 -24 25 26 -27 28 29 -30 31 32 33 34 35 -36 -37 -38 -39 40 41 -42 43 44 -45 -46 47 -48 -49 -50 0
uf50-0188 84559 1 2 3 -4 -5 6 7 -8 9 -10 11 -12 -13 14 -15 16 -17 -18 19 -20 21 22 -23 -24 25 26 -27 28 29 -30 31 32 33 34 35 -36 -37 -38 -39 40 -41 -42 43 44 -45 -46 47 -48 -49 -50 0
uf50-0188 81786 1 -2 3 4 5 -6 -7 -8 -9 10 -11 12 -13 -14 15 -16 17 -18 19 20 21 -22 -23 -24 25 26 27 28 29 30 31 -32 -33 34 -35 36 37 -38 39 40 -41 42 43 -44 -45 46 -47 -48 49 50 0
uf50-0188 85406 1 -2 3 -4 -5 6 7 -8 9 -10 11 -12 -13 14 -15 16 -17 -18 19 -20 21 22 -23 -24 25 26 -27 28 29 -30 31 32 33 34 35 -36 -37 -38 -39 40 41 -42 43 44 -45 -46 47 -48 -49 -50 0
uf50-0188 88277 -1 2 3 -4 -5 6 7 -8 9 -10 11 -12 13 14 -15 16 -17 -18 19 -20 21 22 -23 -24 25 26 -27 28 29 -30 31 32 33 34 35 -36 -37 -38 -39 40 41 -42 43 44 45 -46 47 -48 -49 -50 0
uf50-0188 81786 1 -2 3 4 5 -6 -7 -8 -9 10 -11 12 -13 -14 15 -16 17 -18 19 20 21 -22 -23 -24 25 26 27 28 29 30 31 -32 -33 34 -35 36 37 -38 39 40 -41 42 43 -44 -45 46 -47 -48 49 50 0
uf50-0188 81786 1 -2 3 4 5 -6 -7 -8 -9 10 -11 12 -13 -14 15 -16 17 -18 19 20 21 -22 -23 -24 25 26 27 28 29 30 31 -32 -33 34 -35 36 37 -38 39 40 -41 42 43 -44 -45 46 -47 -48 49 50 0
uf50-0188 81786 1 -2 3 4 5 -6 -7 -8 -9 10 -11 12 -13 -14 15 -16 17 -18 19 20 21 -22 -23 -24 25 26 27 28 29 30 31 -32 -33 34 -35 36 37 -38 39 40 -41 42 43 -44 -45 46 -47 -48 49 50 0
uf50-0188 81786 1 -2 3 4 5 -6 -7 -8 -9 10 -11 12 -13 -14 15 -16 17 -18 19 20 21 -22 -23 -24 25 26 27 28 29 30 31 -32 -33 34 -35 36 37 -38 39 40 -41 42 43 -44 -45 46 -47 -48 49 50 0
uf50-0188 81786 1 -2 3 4 5 -6 -7 -8 -9 10 -11 12 -13 -14 15 -16 17 -18 19 20 21 -22 -23 -24 25 26 27 28 29 30 31 -32 -33 34 -35 36 37 -38 39 40 -41 42 43 -44 -45 46 -47 -48 49 50 0
uf50-0188 87363 1 2 3 -4 -5 6 7 -8 9 -10 11 -12 -13 14 -15 16 -17 -18 19 -20 21 22 -23 -24 25 26 -27 28 29 -30 31 32 33 34 35 -36 -37 -38 -39 40 41 -42 43 44 -45 -46 47 -48 -49 -50 0
uf50-0188 81786 1 -2 3 4 5 -6 -7 -8 -9 10 -11 12 -13 -14 15 -16 17 -18 19 20 21 -22 -23 -24 25 26 27 28 29 30 31 -32 -33 34 -35 36 37 -38 39 40 -41 42 43 -44 -45 46 -47 -48 49 50 0
uf50-0188 86350 -1 -2 3 4 -5 -6 7 -8 -9 10 -11 12 -13 -14 15 -16 -17 -18 19 20 21 -22 -23 -24 25 26 27 28 29 30 31 32 -33 34 -35 36 -37 -38 39 40 41 42 43 -44 -45 -46 -47 48 49 50 0
uf50-0188 81786 1 -2 3 4 5 -6 -7 -8 -9 10 -11 12 -13 -14 15 -16 17 -18 19 20 21 -22 -23 -24 25 26 27 28 29 30 31 -32 -33 34 -35 36 37 -38 39 40 -41 42 43 -44 -45 46 -47 -48 49 50 0
uf50-0188 86350 -1 -2 3 4 -5 -6 7 -8 -9 10 -11 12 -13 -14 15 -16 -17 -18 19 20 21 -22 -23 -24 25 26 27 28 29 30 31 32 -33 34 -35 36 -37 -38 39 40 41 42 43 -44 -45 -46 -47 48 49 50 0
