uf50-0824 107530 1 -2 -3 4 5 -6 -7 -8 9 10 11 12 -13 14 -15 -16 17 18 -19 20 -21 -22 -23 24 25 -26 27 -28 29 -30 31 -32 33 34 -35 -36 -37 -38 39 -40 -41 42 43 -44 45 -46 47 48 -49 50 0
uf50-0824 115598 1 -2 3 4 5 6 -7 -8 9 10 11 12 -13 14 -15 -16 17 18 -19 20 -21 22 -23 24 25 -26 27 -28 29 -30 31 32 33 34 -35 -36 -37 -38 39 -40 -41 42 43 44 45 -46 47 48 -49 50 0
uf50-0824 106015 1 -2 3 4 5 -6 -7 -8 9 10 11 12 -13 14 -15 16 17 -18 -19 20 -21 22 -23 24 -25 26 27 -28 29 -30 31 -32 33 34 -35 36 -37 -38 39 -40 -41 -42 43 -44 45 46 47 48 -49 50 0
uf50-0824 110507 1 -2 -3 4 5 6 -7 -8 9 10 -11 12 -13 14 -15 -16 17 18 -19 20 -21 22 -23 24 25 -26 27 -28 29 -30 31 32 33 34 -35 -36 -37 -38 39 -40 -41 42 43 44 45 -46 47 48 -49 50 0
uf50-0824 108195 1 -2 -3 4 5 6 -7 -8 9 10 -11 12 -13 14 -15 -16 17 18 -19 20 -21 -22 -23 24 25 -26 27 -28 29 -30 31 32 33 34 -35 -36 -37 -38 39 -40 -41 42 43 44 45 -46 47 48 -49 50 0
uf50-0824 115598 1 -2 3 4 5 6 -7 -8 9 10 11 12 -13 14 -15 -16 17 18 -19 20 -21 22 -23 24 25 -26 27 -28 29 -30 31 32 33 34 -35 -36 -37 -38 39 -40 -41 42 43 44 45 -46 47 48 -49 50 0
uf50-0824 110291 1 -2 3 4 5 6 -7 -8 9 10 11 12 -13 14 -15 -16 17 18 -19 20 -21 -22 -23 24 25 -26 27 -28 29 -30 31 32 33 34 -35 -36 -37 -38 39 -40 -41 42 43 44 45 -46 47 48 -49 -50 0
uf50-0824 104790 1 -2 3 4 5 -6 -7 -8 -9 10 11 -12 -13 14 15 16 17 -18 19 20 -21 22 -23 24 -25 26 27 -28 29 -30 31 -32 33 34 -35 36 -37 -38 39 -40 41 -42 43 44 45 46 47 48 -49 50 0
uf50-0824 106894 1 -2 -3 4 5 -6 -7 -8 9 10 -11 12 -13 14 -15 -16 17 18 -19 20 -21 22 -23 24 25 -26 27 -28 -29 -30 31 32 33 34 -35 -36 -37 -38 39 -40 -41 42 43 44 45 -46 47 48 -49 50 0
uf50-0824 115598 1 -2 3 4 5 6 -7 -8 9 10 11 12 -13 14 -15 -16 17 18 -19 20 -21 22 -23 24 25 -26 27 -28 29 -30 31 32 33 34 -35 -36 -37 -38 39 -40 -41 42 43 44 45 -46 47 48 -49 50 0
uf50-0824 115598 1 -2 3 4 5 6 -7 -8 9 10 11 12 -13 14 -15 -16 17 18 -19 20 -21 22 -23 24 25 -26 27 -28 29 -30 31 32 33 34 -35 -36 -37 -38 39 -40 -41 42 43 44 45 -46 47 48 -49 50 0
uf50-0824 105200 1 -2 -3 4 5 6 -7 -8 9 10 -11 12 -13 14 -15 -16 17 18 -19 20 -21 -22 -23 24 25 -26 27 -28 29 -30 31 32 33 34 -35 -36 -37 -38 39 -40 -41 42 43 44 45 -46 47 48 -49 -50 0
uf50-0824 104790 1 -2 3 4 5 -6 -7 -8 -9 10 11 -12 -13 14 15 16 17 -18 19 20 -21 22 -23 24 -25 26 27 -28 29 -30 31 -32 33 34 -35 36 -37 -38 39 -40 41 -42 43 44 45 46 47 48 -49 50 0
uf50-0824 114054 1 -2 -3 4 5 6 -7 -8 9 10 11 12 -13 14 -15 -16 17 18 -19 20 -21 22 -23 24 25 -26 27 -28 29 -30 31 32 33 34 -35 -36 -37 -38 39 -40 -41 42 43 44 45 -46 47 48 -49 50 0
uf50-0824 107156 1 -2 -3 4 5 -6 -7 -8 9 10 -11 12 -13 14 -15 -16 17 18 -19 20 -21 22 -23 24 25 -26 27 -28 29 -30 31 32 33 34 -35 -36 -37 -38 39 -40 -41 42 43 44 45 -46 47 48 -49 -50 0
uf50-0824 115598 1 -2 3 4 5 6 -7 -8 9 10 11 12 -13 14 -15 -16 17 18 -19 20 -21 22 -23 24 25 -26 27 -28 29 -30 31 32 33 34 -35 -36 -37 -38 39 -40 -41 42 43 44 45 -46 47 48 -49 50 0
uf50-0824 115598 1 -2 3 4 5 6 -7 -8 9 10 11 12 -13 14 -15 -16 17 18 -19 20 -21 22 -23 24 25 -26 27 -28 29 -30 31 32 33 34 -35 -36 -37 -38 39 -40 -41 42 43 44 45 -46 47 48 -49 50 0
uf50-0824 114502 1 -2 3 4 5 -6 -7 -8 9 10 11 12 -13 14 -15 -16 17 18 -19 20 -21 22 -23 24 25 -26 27 -28 29 -30 31 -32 33 34 -35 -36 -37 -38 39 -40 -41 42 43 44 45 -46 47 48 -49 50 0
uf50-0824 115598 1 -2 3 4 5 6 -7 -8 9 10 11 12 -13 14 -15 -16 17 18 -19 20 -21 22 -23 24 25 -26 27 -28 29 -30 31 32 33 34 -35 -36 -37 -38 39 -40 -41 42 43 44 45 -46 47 48 -49 50 0
uf50-0824 112051 1 -2 3 4 5 6 -7 -8 9 10 -11 12 -13 14 -15 -16 17 18 -19 20 -21 22 -23 24 25 -26 27 -28 29 -30 31 32 33 34 -35 -36 -37 -38 39 -40 -41 42 43 44 45 -46 47 48 -49 50 0
uf50-0824 104790 1 -2 3 4 5 -6 -7 -8 -9 10 11 -12 -13 14 15 16 17 -18 19 20 -21 22 -23 24 -25 26 27 -28 29 -30 31 -32 33 34 -35 36 -37 -38 39 -40 41 -42 43 44 45 46 47 48 -49 50 0
uf50-0824 106015 1 -2 3 4 5 -6 -7 -8 9 10 11 12 -13 14 -15 16 17 -18 -19 20 -21 22 -23 24 -25 26 27 -28 29 -30 31 -32 33 34 -35 36 -37 -38 39 -40 -41 -42 43 -44 45 46 47 48 -49 50 0
uf50-0824 107389 1 -2 -3 4 5 -6 -7 -8 9 10 11 12 -13 14 -15 -16 17 -18 -19 20 -21 22 -23 24 25 -26 27 -28 29 -30 31 -32 33 34 -35 -36 -37 -38 39 -40 -41 42 -43 44 45 -46 47 48 -49 50 0
uf50-0824 115598 1 -2 3 4 5 6 -7 -8 9 10 11 12 -13 14 -15 -16 17 18 -19 20 -21 22 -23 24 25 -26 27 -28 29 -30 31 32 33 34 -35 -36 -37 -38 39 -40 -41 42 43 44 45 -46 47 48 -49 50 0
uf50-0824 115598 1 -2 3 4 5 6 -7 -8 9 10 11 12 -13 14 -15 -16 17 18 -19 20 -21 22 -23 24 25 -26 27 -28 29 -30 31 32 33 34 -35 -36 -37 -38 39 -40 -41 42 43 44 45 -46 47 48 -49 50 0
uf50-0824 104790 1 -2 3 4 5 -6 -7 -8 -9 10 11 -12 -13 14 15 16 17 -18 19 20 -21 22 -23 24 -25 26 27 -28 29 -30 31 -32 33 34 -35 36 -37 -38 39 -40 41 -42 43 44 45 46 47 48 -49 50 0
uf50-0824 114502 1 -2 3 4 5 -6 -7 -8 9 10 11 12 -13 14 -15 -16 17 18 -19 20 -21 22 -23 24 25 -26 27 -28 29 -30 31 -32 33 34 -35 -36 -37 -38 39 -40 -41 42 43 44 45 -46 47 48 -49 50 0
uf50-0824 115598 1 -2 3 4 5 6 -7 -8 9 10 11 12 -13 14 -15 -16 17 18 -19 20 -21 22 -23 24 25 -26 27 -28 29 -30 31 32 33 34 -35 -36 -37 -38 39 -40 -41 42 43 44 45 -46 47 48 -49 50 0
uf50-0824 115598 1 -2 3 4 5 6 -7 -8 9 10 11 12 -13 14 -15 -16 17 18 -19 20 -21 22 -23 24 25 -26 27 -28 29 -30 31 32 33 34 -35 -36 -37 -38 39 -40 -41 42 43 44 45 -46 47 48 -49 50 0
uf50-0824 115598 1 -2 3 4 5 6 -7 -8 9 10 11 12 -13 14 -15 -16 17 18 -19 20 -21 22 -23 24 25 -26 27 -28 29 -30 31 32 33 34 -35 -36 -37 -38 39 -40 -41 42 43 44 45 -46 47 48 -49 50 0
uf50-0824 115598 1 -2 3 4 5 6 -7 -8 9 10 11 12 -13 14 -15 -16 17 18 -19 20 -21 22 -23 24 25 -26 27 -28 29 -30 31 32 33 34 -35 -36 -37 -38 39 -40 -41 42 43 44 45 -46 47 48 -49 50 0
uf50-0824 115598 1 -2 3 4 5 6 -7 -8 9 10 11 12 -13 14 -15 -16 17 18 -19 20 -21 22 -23 24 25 -26 27 -28 29 -30 31 32 33 34 -35 -36 -37 -38 39 -40 -41 42 43 44 45 -46 47 48 -49 50 0
uf50-0824 108794 1 -2 3 4 5 6 -7 -8 9 10 -11 12 -13 14 -15 -16 17 18 -19 20 -21 22 -23 24 25 -26 27 -28 -29 -30 31 32 33 34 -35 -36 -37 -38 39 -40 -41 42 43 44 45 -46 47 48 -49 50 0
uf50-0824 114054 1 -2 -3 4 5 6 -7 -8 9 10 11 12 -13 14 -15 -16 17 18 -19 20 -21 22 -23 24 25 -26 27 -28 29 -30 31 32 33 34 -35 -36 -37 -38 39 -40 -41 42 43 44 45 -46 47 48 -49 50 0
uf50-0824 106015 1 -2 3 4 5 -6 -7 -8 9 10 11 12 -13 14 -15 16 17 -18 -19 20 -21 22 -23 24 -25 26 27 -28 29 -30 31 -32 33 34 -35 36 -37 -38 39 -40 -41 -42 43 -44 45 46 47 48 -49 50 0
uf50-0824 106015 1 -2 3 4 5 -6 -7 -8 9 10 11 12 -13 14 -15 16 17 -18 -19 20 -21 22 -23 24 -25 26 27 -28 29 -30 31 -32 33 34 -35 36 -37 -38 39 -40 -41 -42 43 -44 45 46 47 48 -49 50 0
uf50-0824 115598 1 -2 3 4 5 6 -7 -8 9 10 11 12 -13 14 -15 -16 17 18 -19 20 -21 22 -23 24 25 -26 27 -28 29 -30 31 32 33 34 -35 -36 -37 -38 39 -40 -41 42 43 44 45 -46 47 48 -49 50 0
uf50-0824 115598 1 -2 3 4 5 6 -7 -8 9 10 11 12 -13 14 -15 -16 17 18 -19 20 -21 22 -23 24 25 -26 27 -28 29 -30 31 32 33 34 -35 -36 -37 -38 39 -40 -41 42 43 44 45 -46 47 48 -49 50 0
uf50-0824 115598 1 -2 3 4 5 6 -7 -8 9 10 11 12 -13 14 -15 -16 17 18 -19 20 -21 22 -23 24 25 -26 27 -28 29 -30 31 32 33 34 -35 -36 -37 -38 39 -40 -41 42 43 44 45 -46 47 48 -49 50 0
uf50-0824 115598 1 -2 3 4 5 6 -7 -8 9 10 11 12 -13 14 -15 -16 17 18 -19 20 -21 22 -23 24 25 -26 27 -28 29 -30 31 32 33 34 -35 -36 -37 -38 39 -40 -41 42 43 44 45 -46 47 48 -49 50 0
uf50-0824 115598 1 -2 3 4 5 6 -7 -8 9 10 11 12 -13 14 -15 -16 17 18 -19 20 -21 22 -23 24 25 -26 27 -28 29 -30 31 32 33 34 -35 -36 -37 -38 39 -40 -41 42 43 44 45 -46 47 48 -49 50 0
uf50-0824 115598 1 -2 3 4 5 6 -7 -8 9 10 11 12 -13 14 -15 -16 17 18 -19 20 -21 22 -23 24 25 -26 27 -28 29 -30 31 32 33 34 -35 -36 -37 -38 39 -40 -41 42 43 44 45 -46 47 48 -49 50 0
uf50-0824 106875 1 -2 -3 4 5 6 -7 -8 9 10 -11 12 -13 14 -15 -16 17 18 19 20 -21 -22 -23 24 25 -26 27 -28 29 -30 31 32 33 34 -35 -36 -37 -38 39 -40 -41 42 43 44 45 -46 47 48 -49 -50 0
uf50-0824 115598 1 -2 3 4 5 6 -7 -8 9 10 11 12 -13 14 -15 -16 17 18 -19 20 -21 22 -23 24 25 -26 27 -28 29 -30 31 32 33 34 -35 -36 -37 -38 39 -40 -41 42 43 44 45 -46 47 48 -49 50 0
uf50-0824 115598 1 -2 3 4 5 6 -7 -8 9 10 11 12 -13 14 -15 -16 17 18 -19 20 -21 22 -23 24 25 -26 27 -28 29 -30 31 32 33 34 -35 -36 -37 -38 39 -40 -41 42 43 44 45 -46 47 48 -49 50 0
uf50-0824 115242 1 -2 3 4 5 -6 -7 -8 9 10 11 12 -13 14 -15 -16 17 18 -19 20 -21 22 -23 24 25 -26 27 -28 29 -30 31 32 33 34 -35 -36 -37 -38 39 -40 -41 42 43 44 45 -46 47 48 -49 50 0
uf50-0824 105584 1 -2 -3 4 5 6 -7 -8 9 10 11 12 -13 14 -15 -16 17 18 19 20 -21 -22 -23 24 25 -26 27 -28 29 -30 31 32 -33 34 -35 -36 -37 -38 39 -40 -41 42 43 44 45 -46 47 48 -49 -50 0
uf50-0824 115598 1 -2 3 4 5 6 -7 -8 9 10 11 12 -13 14 -15 -16 17 18 -19 20 -21 22 -23 24 25 -26 27 -28 29 -30 31 32 33 34 -35 -36 -37 -38 39 -40 -41 42 43 44 45 -46 47 48 -49 50 0
uf50-0824 115598 1 -2 3 4 5 6 -7 -8 9 10 11 12 -13 14 -15 -16 17 18 -19 20 -21 22 -23 24 25 -26 27 -28 29 -30 31 32 33 34 -35 -36 -37 -38 39 -40 -41 42 43 44 45 -46 47 48 -49 50 0
uf50-0824 115598 1 -2 3 4 5 6 -7 -8 9 10 11 12 -13 14 -15 -16 17 18 -19 20 -21 22 -23 24 25 -26 27 -28 29 -30 31 32 33 34 -35 -36 -37 -38 39 -40 -41 42 43 44 45 -46 47 48 -49 50 0
uf50-0824 115598 1 -2 3 4 5 6 -7 -8 9 10 11 12 -13 14 -15 -16 17 18 -19 20 -21 22 -23 24 25 -26 27 -28 29 -30 31 32 33 34 -35 -36 -37 -38 39 -40 -41 42 43 44 45 -46 47 48 -49 50 0
uf50-0824 104790 1 -2 3 4 5 -6 -7 -8 -9 10 11 -12 -13 14 15 16 17 -18 19 20 -21 22 -23 24 -25 26 27 -28 29 -30 31 -32 33 34 -35 36 -37 -38 39 -40 41 -42 43 44 45 46 47 48 -49 50 0
uf50-0824 115598 1 -2 3 4 5 6 -7 -8 9 10 11 12 -13 14 -15 -16 17 18 -19 20 -21 22 -23 24 25 -26 27 -28 29 -30 31 32 33 34 -35 -36 -37 -38 39 -40 -41 42 43 44 45 -46 47 48 -49 50 0
uf50-0824 111507 1 -2 3 4 5 -6 -7 -8 9 10 11 12 -13 14 -15 -16 17 18 -19 20 -21 22 -23 24 25 -26 27 -28 29 -30 31 -32 33 34 -35 -36 -37 -38 39 -40 -41 42 43 44 45 -46 47 48 -49 -50 0
uf50-0824 114502 1 -2 3 4 5 -6 -7 -8 9 10 11 12 -13 14 -15 -16 17 18 -19 20 -21 22 -23 24 25 -26 27 -28 29 -30 31 -32 33 34 -35 -36 -37 -38 39 -40 -41 42 43 44 45 -46 47 48 -49 50 0
uf50-0824 104790 1 -2 3 4 5 -6 -7 -8 -9 10 11 -12 -13 14 15 16 17 -18 19 20 -21 22 -23 24 -25 26 27 -28 29 -30 31 -32 33 34 -35 36 -37 -38 39 -40 41 -42 43 44 45 46 47 48 -49 50 0
uf50-0824 115598 1 -2 3 4 5 6 -7 -8 9 10 11 12 -13 14 -15 -16 17 18 -19 20 -21 22 -23 24 25 -26 27 -28 29 -30 31 32 33 34 -35 -36 -37 -38 39 -40 -41 42 43 44 45 -46 47 48 -49 50 0
uf50-0824 107512 1 -2 -3 4 5 6 -7 -8 9 10 -11 12 -13 14 -15 -16 17 18 -19 20 -21 22 -23 24 25 -26 27 -28 29 -30 31 32 33 34 -35 -36 -37 -38 39 -40 -41 42 43 44 45 -46 47 48 -49 -50 0
uf50-0824 114054 1 -2 -3 4 5 6 -7 -8 9 10 11 12 -13 14 -15 -16 17 18 -19 20 -21 22 -23 24 25 -26 27 -28 29 -30 31 32 33 34 -35 -36 -37 -38 39 -40 -41 42 43 44 45 -46 47 48 -49 50 0
uf50-0824 107512 1 -2 -3 4 5 6 -7 -8 9 10 -11 12 -13 14 -15 -16 17 18 -19 20 -21 22 -23 24 25 -26 27 -28 29 -30 31 32 33 34 -35 -36 -37 -38 39 -40 -41 42 43 44 45 -46 47 48 -49 -50 0
uf50-0824 104790 1 -2 3 4 5 -6 -7 -8 -9 10 11 -12 -13 14 15 16 17 -18 19 20 -21 22 -23 24 -25 26 27 -28 29 -30 31 -32 33 34 -35 36 -37 -38 39 -40 41 -42 43 44 45 46 47 48 -49 50 0
uf50-0824 115242 1 -2 3 4 5 -6 -7 -8 9 10 11 12 -13 14 -15 -16 17 18 -19 20 -21 22 -23 24 25 -26 27 -28 29 -30 31 32 33 34 -35 -36 -37 -38 39 -40 -41 42 43 44 45 -46 47 48 -49 50 0
uf50-0824 104790 1 -2 3 4 5 -6 -7 -8 -9 10 11 -12 -13 14 15 16 17 -18 19 20 -21 22 -23 24 -25 26 27 -28 29 -30 31 -32 33 34 -35 36 -37 -38 39 -40 41 -42 43 44 45 46 47 48 -49 50 0
uf50-0824 115598 1 -2 3 4 5 6 -7 -8 9 10 11 12 -13 14 -15 -16 17 18 -19 20 -21 22 -23 24 25 -26 27 -28 29 -30 31 32 33 34 -35 -36 -37 -38 39 -40 -41 42 43 44 45 -46 47 48 -49 50 0
uf50-0824 115598 1 -2 3 4 5 6 -7 -8 9 10 11 12 -13 14 -15 -16 17 18 -19 20 -21 22 -23 24 25 -26 27 -28 29 -30 31 32 33 34 -35 -36 -37 -38 39 -40 -41 42 43 44 45 -46 47 48 -49 50 0
uf50-0824 115598 1 -2 3 4 5 6 -7 -8 9 10 11 12 -13 14 -15 -16 17 18 -19 20 -21 22 -23 24 25 -26 27 -28 29 -30 31 32 33 34 -35 -36 -37 -38 39 -40 -41 42 43 44 45 -46 47 48 -49 50 0
uf50-0824 104790 1 -2 3 4 5 -6 -7 -8 -9 10 11 -12 -13 14 15 16 17 -18 19 20 -21 22 -23 24 -25 26 27 -28 29 -30 31 -32 33 34 -35 36 -37 -38 39 -40 41 -42 43 44 45 46 47 48 -49 50 0
uf50-0824 115598 1 -2 3 4 5 6 -7 -8 9 10 11 12 -13 14 -15 -16 17 18 -19 20 -21 22 -23 24 25 -26 27 -28 29 -30 31 32 33 34 -35 -36 -37 -38 39 -40 -41 42 43 44 45 -46 47 48 -49 50 0
uf50-0824 115598 1 -2 3 4 5 6 -7 -8 9 10 11 12 -13 14 -15 -16 17 18 -19 20 -21 22 -23 24 25 -26 27 -28 29 -30 31 32 33 34 -35 -36 -37 -38 39 -40 -41 42 43 44 45 -46 47 48 -49 50 0
uf50-0824 110507 1 -2 -3 4 5 6 -7 -8 9 10 -11 12 -13 14 -15 -16 17 18 -19 20 -21 22 -23 24 25 -26 27 -28 29 -30 31 32 33 34 -35 -36 -37 -38 39 -40 -41 42 43 44 45 -46 47 48 -49 50 0
uf50-0824 104790 1 -2 3 4 5 -6 -7 -8 -9 10 11 -12 -13 14 15 16 17 -18 19 20 -21 22 -23 24 -25 26 27 -28 29 -30 31 -32 33 34 -35 36 -37 -38 39 -40 41 -42 43 44 45 46 47 48 -49 50 0
uf50-0824 115598 1 -2 3 4 5 6 -7 -8 9 10 11 12 -13 14 -15 -16 17 18 -19 20 -21 22 -23 24 25 -26 27 -28 29 -30 31 32 33 34 -35 -36 -37 -38 39 -40 -41 42 43 44 45 -46 47 48 -49 50 0
uf50-0824 115598 1 -2 3 4 5 6 -7 -8 9 10 11 12 -13 14 -15 -16 17 18 -19 20 -21 22 -23 24 25 -26 27 -28 29 -30 31 32 33 34 -35 -36 -37 -38 39 -40 -41 42 43 44 45 -46 47 48 -49 50 0
uf50-0824 114054 1 -2 -3 4 5 6 -7 -8 9 10 11 12 -13 14 -15 -16 17 18 -19 20 -21 22 -23 24 25 -26 27 -28 29 -30 31 32 33 34 -35 -36 -37 -38 39 -40 -41 42 43 44 45 -46 47 48 -49 50 0
uf50-0824 104790 1 -2 3 4 5 -6 -7 -8 -9 10 11 -12 -13 14 15 16 17 -18 19 20 -21 22 -23 24 -25 26 27 -28 29 -30 31 -32 33 34 -35 36 -37 -38 39 -40 41 -42 43 44 45 46 47 48 -49 50 0
uf50-0824 110646 1 -2 -3 4 5 -6 -7 -8 9 10 11 12 -13 14 -15 -16 17 18 -19 20 -21 -22 -23 24 25 -26 27 -28 29 -30 31 -32 33 34 -35 -36 -37 -38 39 -40 -41 42 43 44 45 -46 47 48 -49 50 0
uf50-0824 115598 1 -2 3 4 5 6 -7 -8 9 10 11 12 -13 14 -15 -16 17 18 -19 20 -21 22 -23 24 25 -26 27 -28 29 -30 31 32 33 34 -35 -36 -37 -38 39 -40 -41 42 43 44 45 -46 47 48 -49 50 0
uf50-0824 107530 1 -2 -3 4 5 -6 -7 -8 9 10 11 12 -13 14 -15 -16 17 18 -19 20 -21 -22 -23 24 25 -26 27 -28 29 -30 31 -32 33 34 -35 -36 -37 -38 39 -40 -41 42 43 -44 45 -46 47 48 -49 50 0
uf50-0824 111245 1 -2 3 4 5 -6 -7 -8 9 10 11 12 -13 14 -15 -16 17 18 -19 20 -21 22 -23 24 25 -26 27 -28 -29 -30 31 -32 33 34 -35 -36 -37 -38 39 -40 -41 42 43 44 45 -46 47 48 -49 50 0
uf50-0824 115598 1 -2 3 4 5 6 -7 -8 9 10 11 12 -13 14 -15 -16 17 18 -19 20 -21 22 -23 24 25 -26 27 -28 29 -30 31 32 33 34 -35 -36 -37 -38 39 -40 -41 42 43 44 45 -46 47 48 -49 50 0
uf50-0824 115598 1 -2 3 4 5 6 -7 -8 9 10 11 12 -13 14 -15 -16 17 18 -19 20 -21 22 -23 24 25 -26 27 -28 29 -30 31 32 33 34 -35 -36 -37 -38 39 -40 -41 42 43 44 45 -46 47 48 -49 50 0
uf50-0824 115598 1 -2 3 4 5 6 -7 -8 9 10 11 12 -13 14 -15 -16 17 18 -19 20 -21 22 -23 24 25 -26 27 -28 29 -30 31 32 33 34 -35 -36 -37 -38 39 -40 -41 42 43 44 45 -46 47 48 -49 50 0
uf50-0824 113698 1 -2 -3 4 5 -6 -7 -8 9 10 11 12 -13 14 -15 -16 17 18 -19 20 -21 22 -23 24 25 -26 27 -28 29 -30 31 32 33 34 -35 -36 -37 -38 39 -40 -41 42 43 44 45 -46 47 48 -49 50 0
uf50-0824 115598 1 -2 3 4 5 6 -7 -8 9 10 11 12 -13 14 -15 -16 17 18 -19 20 -21 22 -23 24 25 -26 27 -28 29 -30 31 32 33 34 -35 -36 -37 -38 39 -40 -41 42 43 44 45 -46 47 48 -49 50 0
uf50-0824 109701 1 -2 -3 4 5 -6 -7 -8 9 10 11 12 -13 14 -15 -16 17 18 -19 20 -21 22 -23 24 25 -26 27 -28 -29 -30 31 -32 33 34 -35 -36 -37 -38 39 -40 -41 42 43 44 45 -46 47 48 -49 50 0
uf50-0824 115598 1 -2 3 4 5 6 -7 -8 9 10 11 12 -13 14 -15 -16 17 18 -19 20 -21 22 -23 24 25 -26 27 -28 29 -30 31 32 33 34 -35 -36 -37 -38 39 -40 -41 42 43 44 45 -46 47 48 -49 50 0
uf50-0824 104790 1 -2 3 4 5 -6 -7 -8 -9 10 11 -12 -13 14 15 16 17 -18 19 20 -21 22 -23 24 -25 26 27 -28 29 -30 31 -32 33 34 -35 36 -37 -38 39 -40 41 -42 43 44 45 46 47 48 -49 50 0
uf50-0824 104790 1 -2 3 4 5 -6 -7 -8 -9 10 11 -12 -13 14 15 16 17 -18 19 20 -21 22 -23 24 -25 26 27 -28 29 -30 31 -32 33 34 -35 36 -37 -38 39 -40 41 -42 43 44 45 46 47 48 -49 50 0
uf50-0824 115598 1 -2 3 4 5 6 -7 -8 9 10 11 12 -13 14 -15 -16 17 18 -19 20 -21 22 -23 24 25 -26 27 -28 29 -30 31 32 33 34 -35 -36 -37 -38 39 -40 -41 42 43 44 45 -46 47 48 -49 50 0
uf50-0824 115598 1 -2 3 4 5 6 -7 -8 9 10 11 12 -13 14 -15 -16 17 18 -19 20 -21 22 -23 24 25 -26 27 -28 29 -30 31 32 33 34 -35 -36 -37 -38 39 -40 -41 42 43 44 45 -46 47 48 -49 50 0
uf50-0824 112247 1 -2 3 4 5 -6 -7 -8 9 10 11 12 -13 14 -15 -16 17 18 -19 20 -21 22 -23 24 25 -26 27 -28 29 -30 31 32 33 34 -35 -36 -37 -38 39 -40 -41 42 43 44 45 -46 47 48 -49 -50 0
uf50-0824 114054 1 -2 -3 4 5 6 -7 -8 9 10 11 12 -13 14 -15 -16 17 18 -19 20 -21 22 -23 24 25 -26 27 -28 29 -30 31 32 33 34 -35 -36 -37 -38 39 -40 -41 42 43 44 45 -46 47 48 -49 50 0
uf50-0824 115598 1 -2 3 4 5 6 -7 -8 9 10 11 12 -13 14 -15 -16 17 18 -19 20 -21 22 -23 24 25 -26 27 -28 29 -30 31 32 33 34 -35 -36 -37 -38 39 -40 -41 42 43 44 45 -46 47 48 -49 50 0
uf50-0824 108419 1 -2 3 4 5 6 -7 -8 9 10 -11 12 -13 14 -15 -16 17 18 19 20 -21 -22 -23 24 25 -26 27 -28 29 -30 31 32 33 34 -35 -36 -37 -38 39 -40 -41 42 43 44 45 -46 47 48 -49 -50 0
uf50-0824 115598 1 -2 3 4 5 6 -7 -8 9 10 11 12 -13 14 -15 -16 17 18 -19 20 -21 22 -23 24 25 -26 27 -28 29 -30 31 32 33 34 -35 -36 -37 -38 39 -40 -41 42 43 44 45 -46 47 48 -49 50 0
uf50-0824 115242 1 -2 3 4 5 -6 -7 -8 9 10 11 12 -13 14 -15 -16 17 18 -19 20 -21 22 -23 24 25 -26 27 -28 29 -30 31 32 33 34 -35 -36 -37 -38 39 -40 -41 42 43 44 45 -46 47 48 -49 50 0
uf50-0824 115598 1 -2 3 4 5 6 -7 -8 9 10 11 12 -13 14 -15 -16 17 18 -19 20 -21 22 -23 24 25 -26 27 -28 29 -30 31 32 33 34 -35 -36 -37 -38 39 -40 -41 42 43 44 45 -46 47 48 -49 50 0
uf50-0824 115598 1 -2 3 4 5 6 -7 -8 9 10 11 12 -13 14 -15 -16 17 18 -19 20 -21 22 -23 24 25 -26 27 -28 29 -30 31 32 33 34 -35 -36 -37 -38 39 -40 -41 42 43 44 45 -46 47 48 -49 50 0
uf50-0824 113698 1 -2 -3 4 5 -6 -7 -8 9 10 11 12 -13 14 -15 -16 17 18 -19 20 -21 22 -23 24 25 -26 27 -28 29 -30 31 32 33 34 -35 -36 -37 -38 39 -40 -41 42 43 44 45 -46 47 48 -49 50 0
uf50-0824 111966 1 -2 3 4 5 6 -7 -8 9 10 11 12 -13 14 -15 -16 17 18 19 20 -21 -22 -23 24 25 -26 27 -28 29 -30 31 32 33 34 -35 -36 -37 -38 39 -40 -41 42 43 44 45 -46 47 48 -49 -50 0
