uf50-0110 100893 -1 2 -3 4 5 6 -7 -8 9 -10 11 -12 -13 -14 -15 -16 -17 -18 19 20 -21 22 23 24 25 -26 -27 28 29 -30 31 32 -33 -34 35 36 37 38 -39 -40 41 -42 -43 44 45 46 47 48 49 -50 0
uf50-0110 114284 -1 2 3 -4 5 6 -7 -8 9 -10 11 12 -13 -14 -15 16 -17 -18 19 20 21 -22 23 -24 -25 -26 -27 -28 29 30 31 32 -33 34 35 36 37 38 -39 -40 41 42 -43 44 45 -46 47 48 49 50 0
uf50-0110 107893 -1 2 -3 -4 -5 6 -7 -8 9 -10 11 12 -13 14 -15 16 -17 18 19 20 21 -22 23 -24 -25 -26 -27 -28 29 30 31 -32 -33 -34 35 36 37 38 39 -40 41 -42 -43 44 45 46 -47 48 49 -50 0
uf50-0110 114284 -1 2 3 -4 5 6 -7 -8 9 -10 11 12 -13 -14 -15 16 -17 -18 19 20 21 -22 23 -24 -25 -26 -27 -28 29 30 31 32 -33 34 35 36 37 38 -39 -40 41 42 -43 44 45 -46 47 48 49 50 0
uf50-0110 112153 -1 2 3 -4 -5 6 -7 -8 9 -10 11 12 -13 -14 -15 16 -17 18 19 20 21 -22 23 -24 -25 -26 -27 -28 29 30 31 32 -33 34 35 36 37 38 -39 -40 41 42 -43 44 45 -46 47 48 49 -50 0
uf50-0110 112153 -1 2 3 -4 -5 6 -7 -8 9 -10 11 12 -13 -14 -15 16 -17 18 19 20 21 -22 23 -24 -25 -26 -27 -28 29 30 31 32 -33 34 35 36 37 38 -39 -40 41 42 -43 44 45 -46 47 48 49 -50 0
uf50-0110 113067 -1 2 -3 -4 -5 6 -7 -8 9 -10 11 12 -13 -14 -15 16 -17 -18 19 20 -21 22 23 -24 -25 -26 -27 -28 29 30 31 32 -33 -34 35 36 37 38 39 -40 41 -42 -43 44 45 46 47 48 49 50 0
uf50-0110 114284 -1 2 3 -4 5 6 -7 -8 9 -10 11 12 -13 -14 -15 16 -17 -18 19 20 21 -22 23 -24 -25 -26 -27 -28 29 30 31 32 -33 34 35 36 37 38 -39 -40 41 42 -43 44 45 -46 47 48 49 50 0
uf50-0110 110176 -1 2 3 -4 -5 6 -7 -8 9 -10 11 12 -13 14 -15 16 -17 18 19 20 21 -22 23 -24 -25 -26 -27 -28 29 30 31 -32 -33 -34 35 36 37 38 39 -40 41 -42 -43 44 45 46 -47 48 49 -50 0
uf50-0110 113067 -1 2 -3 -4 -5 6 -7 -8 9 -10 11 12 -13 -14 -15 16 -17 -18 19 20 -21 22 23 -24 -25 -26 -27 -28 29 30 31 32 -33 -34 35 36 37 38 39 -40 41 -42 -43 44 45 46 47 48 49 50 0
uf50-0110 110176 -1 2 3 -4 -5 6 -7 -8 9 -10 11 12 -13 14 -15 16 -17 18 19 20 21 -22 23 -24 -25 -26 -27 -28 29 30 31 -32 -33 -34 35 36 37 38 39 -40 41 -42 -43 44 45 46 -47 48 49 -50 0
uf50-0110 110176 -1 2 3 -4 -5 6 -7 -8 9 -10 11 12 -13 14 -15 16 -17 18 19 20 21 -22 23 -24 -25 -26 -27 -28 29 30 31 -32 -33 -34 35 36 37 38 39 -40 41 -42 -43 44 45 46 -47 48 49 -50 0
uf50-0110 112153 -1 2 3 -4 -5 6 -7 -8 9 -10 11 12 -13 -14 -15 16 -17 18 19 20 21 -22 23 -24 -25 -26 -27 -28 29 30 31 32 -33 34 35 36 37 38 -39 -40 41 42 -43 44 45 -46 47 48 49 -50 0
uf50-0110 114284 -1 2 3 -4 5 6 -7 -8 9 -10 11 12 -13 -14 -15 16 -17 -18 19 20 21 -22 23 -24 -25 -26 -27 -28 29 30 31 32 -33 34 35 36 37 38 -39 -40 41 42 -43 44 45 -46 47 48 49 50 0
uf50-0110 110176 -1 2 3 -4 -5 6 -7 -8 9 -10 11 12 -13 14 -15 16 -17 18 19 20 21 -22 23 -24 -25 -26 -27 -28 29 30 31 -32 -33 -34 35 36 37 38 39 -40 41 -42 -43 44 45 46 -47 48 49 -50 0
uf50-0110 100893 -1 2 -3 4 5 6 -7 -8 9 -10 11 -12 -13 -14 -15 -16 -17 -18 19 20 -21 22 23 24 25 -26 -27 28 29 -30 31 32 -33 -34 35 36 37 38 -39 -40 41 -42 -43 44 45 46 47 48 49 -50 0
uf50-0110 112153 -1 2 3 -4 -5 6 -7 -8 9 -10 11 12 -13 -14 -15 16 -17 18 19 20 21 -22 23 -24 -25 -26 -27 -28 29 30 31 32 -33 34 35 36 37 38 -39 -40 41 42 -43 44 45 -46 47 48 49 -50 0
uf50-0110 113067 -1 2 -3 -4 -5 6 -7 -8 9 -10 11 12 -13 -14 -15 16 -17 -18 19 20 -21 22 23 -24 -25 -26 -27 -28 29 30 31 32 -33 -34 35 36 37 38 39 -40 41 -42 -43 44 45 46 47 48 49 50 0
uf50-0110 100893 -1 2 -3 4 5 6 -7 -8 9 -10 11 -12 -13 -14 -15 -16 -17 -18 19 20 -21 22 23 24 25 -26 -27 28 29 -30 31 32 -33 -34 35 36 37 38 -39 -40 41 -42 -43 44 45 46 47 48 49 -50 0
uf50-0110 100893 -1 2 -3 4 5 6 -7 -8 9 -10 11 -12 -13 -14 -15 -16 -17 -18 19 20 -21 22 23 24 25 -26 -27 28 29 -30 31 32 -33 -34 35 36 37 38 -39 -40 41 -42 -43 44 45 46 47 48 49 -50 0
uf50-0110 109110 -1 2 3 -4 -5 6 -7 -8 -9 -10 11 12 -13 -14 -15 16 -17 -18 19 20 21 -22 23 -24 -25 -26 -27 -28 29 30 31 32 -33 34 35 36 37 38 -39 -40 41 42 -43 44 45 -46 47 48 49 50 0
uf50-0110 113067 -1 2 -3 -4 -5 6 -7 -8 9 -10 11 12 -13 -14 -15 16 -17 -18 19 20 -21 22 23 -24 -25 -26 -27 -28 29 30 31 32 -33 -34 35 36 37 38 39 -40 41 -42 -43 44 45 46 47 48 49 50 0
uf50-0110 110176 -1 2 3 -4 -5 6 -7 -8 9 -10 11 12 -13 14 -15 16 -17 18 19 20 21 -22 23 -24 -25 -26 -27 -28 29 30 31 -32 -33 -34 35 36 37 38 39 -40 41 -42 -43 44 45 46 -47 48 49 -50 0
uf50-0110 112153 -1 2 3 -4 -5 6 -7 -8 9 -10 11 12 -13 -14 -15 16 -17 18 19 20 21 -22 23 -24 -25 -26 -27 -28 29 30 31 32 -33 34 35 36 37 38 -39 -40 41 42 -43 44 45 -46 47 48 49 -50 0
uf50-0110 100893 -1 2 -3 4 5 6 -7 -8 9 -10 11 -12 -13 -14 -15 -16 -17 -18 19 20 -21 22 23 24 25 -26 -27 28 29 -30 31 32 -33 -34 35 36 37 38 -39 -40 41 -42 -43 44 45 46 47 48 49 -50 0
uf50-0110 110176 -1 2 3 -4 -5 6 -7 -8 9 -10 11 12 -13 14 -15 16 -17 18 19 20 21 -22 23 -24 -25 -26 -27 -28 29 30 31 -32 -33 -34 35 36 37 38 39 -40 41 -42 -43 44 45 46 -47 48 49 -50 0
uf50-0110 113067 -1 2 -3 -4 -5 6 -7 -8 9 -10 11 12 -13 -14 -15 16 -17 -18 19 20 -21 22 23 -24 -25 -26 -27 -28 29 30 31 32 -33 -34 35 36 37 38 39 -40 41 -42 -43 44 45 46 47 48 49 50 0
uf50-0110 114284 -1 2 3 -4 5 6 -7 -8 9 -10 11 12 -13 -14 -15 16 -17 -18 19 20 21 -22 23 -24 -25 -26 -27 -28 29 30 31 32 -33 34 35 36 37 38 -39 -40 41 42 -43 44 45 -46 47 48 49 50 0
uf50-0110 100893 -1 2 -3 4 5 6 -7 -8 9 -10 11 -12 -13 -14 -15 -16 -17 -18 19 20 -21 22 23 24 25 -26 -27 28 29 -30 31 32 -33 -34 35 36 37 38 -39 -40 41 -42 -43 44 45 46 47 48 49 -50 0
uf50-0110 112153 -1 2 3 -4 -5 6 -7 -8 9 -10 11 12 -13 -14 -15 16 -17 18 19 20 21 -22 23 -24 -25 -26 -27 -28 29 30 31 32 -33 34 35 36 37 38 -39 -40 41 42 -43 44 45 -46 47 48 49 -50 0
uf50-0110 114284 -1 2 3 -4 5 6 -7 -8 9 -10 11 12 -13 -14 -15 16 -17 -18 19 20 21 -22 23 -24 -25 -26 -27 -28 29 30 31 32 -33 34 35 36 37 38 -39 -40 41 42 -43 44 45 -46 47 48 49 50 0
uf50-0110 100893 -1 2 -3 4 5 6 -7 -8 9 -10 11 -12 -13 -14 -15 -16 -17 -18 19 20 -21 22 23 24 25 -26 -27 28 29 -30 31 32 -33 -34 35 36 37 38 -39 -40 41 -42 -43 44 45 46 47 48 49 -50 0
uf50-0110 112153 -1 2 3 -4 -5 6 -7 -8 9 -10 11 12 -13 -14 -15 16 -17 18 19 20 21 -22 23 -24 -25 -26 -27 -28 29 30 31 32 -33 34 35 36 37 38 -39 -40 41 42 -43 44 45 -46 47 48 49 -50 0
uf50-0110 112153 -1 2 3 -4 -5 6 -7 -8 9 -10 11 12 -13 -14 -15 16 -17 18 19 20 21 -22 23 -24 -25 -26 -27 -28 29 30 31 32 -33 34 35 36 37 38 -39 -40 41 42 -43 44 45 -46 47 48 49 -50 0
uf50-0110 114284 -1 2 3 -4 5 6 -7 -8 9 -10 11 12 -13 -14 -15 16 -17 -18 19 20 21 -22 23 -24 -25 -26 -27 -28 29 30 31 32 -33 34 35 36 37 38 -39 -40 41 42 -43 44 45 -46 47 48 49 50 0
uf50-0110 100893 -1 2 -3 4 5 6 -7 -8 9 -10 11 -12 -13 -14 -15 -16 -17 -18 19 20 -21 22 23 24 25 -26 -27 28 29 -30 31 32 -33 -34 35 36 37 38 -39 -40 41 -42 -43 44 45 46 47 48 49 -50 0
uf50-0110 114284 -1 2 3 -4 5 6 -7 -8 9 -10 11 12 -13 -14 -15 16 -17 -18 19 20 21 -22 23 -24 -25 -26 -27 -28 29 30 31 32 -33 34 35 36 37 38 -39 -40 41 42 -43 44 45 -46 47 48 49 50 0
uf50-0110 112153 -1 2 3 -4 -5 6 -7 -8 9 -10 11 12 -13 -14 -15 16 -17 18 19 20 21 -22 23 -24 -25 -26 -27 -28 29 30 31 32 -33 34 35 36 37 38 -39 -40 41 42 -43 44 45 -46 47 48 49 -50 0
uf50-0110 114284 -1 2 3 -4 5 6 -7 -8 9 -10 11 12 -13 -14 -15 16 -17 -18 19 20 21 -22 23 -24 -25 -26 -27 -28 29 30 31 32 -33 34 35 36 37 38 -39 -40 41 42 -43 44 45 -46 47 48 49 50 0
uf50-0110 110176 -1 2 3 -4 -5 6 -7 -8 9 -10 11 12 -13 14 -15 16 -17 18 19 20 21 -22 23 -24 -25 -26 -27 -28 29 30 31 -32 -33 -34 35 36 37 38 39 -40 41 -42 -43 44 45 46 -47 48 49 -50 0
uf50-0110 114284 -1 2 3 -4 5 6 -7 -8 9 -10 11 12 -13 -14 -15 16 -17 -18 19 20 21 -22 23 -24 -25 -26 -27 -28 29 30 31 32 -33 34 35 36 37 38 -39 -40 41 42 -43 44 45 -46 47 48 49 50 0
uf50-0110 100893 -1 2 -3 4 5 6 -7 -8 9 -10 11 -12 -13 -14 -15 -16 -17 -18 19 20 -21 22 23 24 25 -26 -27 28 29 -30 31 32 -33 -34 35 36 37 38 -39 -40 41 -42 -43 44 45 46 47 48 49 -50 0
uf50-0110 110176 -1 2 3 -4 -5 6 -7 -8 9 -10 11 12 -13 14 -15 16 -17 18 19 20 21 -22 23 -24 -25 -26 -27 -28 29 30 31 -32 -33 -34 35 36 37 38 39 -40 41 -42 -43 44 45 46 -47 48 49 -50 0
uf50-0110 112458 -1 2 -3 -4 5 6 -7 -8 9 -10 11 12 -13 -14 -15 16 -17 -18 19 20 -21 22 23 -24 -25 -26 -27 -28 29 30 31 32 -33 -34 35 36 37 38 -39 -40 41 -42 -43 44 45 46 47 48 49 50 0
uf50-0110 112610 -1 2 3 -4 -5 6 -7 -8 9 -10 11 12 -13 -14 -15 16 -17 -18 19 20 21 -22 23 -24 -25 -26 -27 -28 29 30 31 32 -33 34 35 36 37 38 -39 -40 41 42 -43 44 45 -46 47 48 49 50 0
uf50-0110 112153 -1 2 3 -4 -5 6 -7 -8 9 -10 11 12 -13 -14 -15 16 -17 18 19 20 21 -22 23 -24 -25 -26 -27 -28 29 30 31 32 -33 34 35 36 37 38 -39 -40 41 42 -43 44 45 -46 47 48 49 -50 0
uf50-0110 112610 -1 2 3 -4 -5 6 -7 -8 9 -10 11 12 -13 -14 -15 16 -17 -18 19 20 21 -22 23 -24 -25 -26 -27 -28 29 30 31 32 -33 34 35 36 37 38 -39 -40 41 42 -43 44 45 -46 47 48 49 50 0
uf50-0110 112153 -1 2 3 -4 -5 6 -7 -8 9 -10 11 12 -13 -14 -15 16 -17 18 19 20 21 -22 23 -24 -25 -26 -27 -28 29 30 31 32 -33 34 35 36 37 38 -39 -40 41 42 -43 44 45 -46 47 48 49 -50 0
uf50-0110 110176 -1 2 3 -4 -5 6 -7 -8 9 -10 11 12 -13 14 -15 16 -17 18 19 20 21 -22 23 -24 -25 -26 -27 -28 29 30 31 -32 -33 -34 35 36 37 38 39 -40 41 -42 -43 44 45 46 -47 48 49 -50 0
uf50-0110 113067 -1 2 -3 -4 -5 6 -7 -8 9 -10 11 12 -13 -14 -15 16 -17 -18 19 20 -21 22 23 -24 -25 -26 -27 -28 29 30 31 32 -33 -34 35 36 37 38 39 -40 41 -42 -43 44 45 46 47 48 49 50 0
uf50-0110 114284 -1 2 3 -4 5 6 -7 -8 9 -10 11 12 -13 -14 -15 16 -17 -18 19 20 21 -22 23 -24 -25 -26 -27 -28 29 30 31 32 -33 34 35 36 37 38 -39 -40 41 42 -43 44 45 -46 47 48 49 50 0
uf50-0110 112153 -1 2 3 -4 -5 6 -7 -8 9 -10 11 12 -13 -14 -15 16 -17 18 19 20 21 -22 23 -24 -25 -26 -27 -28 29 30 31 32 -33 34 35 36 37 38 -39 -40 41 42 -43 44 45 -46 47 48 49 -50 0
uf50-0110 110176 -1 2 3 -4 -5 6 -7 -8 9 -10 11 12 -13 14 -15 16 -17 18 19 20 21 -22 23 -24 -25 -26 -27 -28 29 30 31 -32 -33 -34 35 36 37 38 39 -40 41 -42 -43 44 45 46 -47 48 49 -50 0
uf50-0110 112153 -1 2 3 -4 -5 6 -7 -8 9 -10 11 12 -13 -14 -15 16 -17 18 19 20 21 -22 23 -24 -25 -26 -27 -28 29 30 31 32 -33 34 35 36 37 38 -39 -40 41 42 -43 44 45 -46 47 48 49 -50 0
uf50-0110 110176 -1 2 3 -4 -5 6 -7 -8 9 -10 11 12 -13 14 -15 16 -17 18 19 20 21 -22 23 -24 -25 -26 -27 -28 29 30 31 -32 -33 -34 35 36 37 38 39 -40 41 -42 -43 44 45 46 -47 48 49 -50 0
uf50-0110 114284 -1 2 3 -4 5 6 -7 -8 9 -10 11 12 -13 -14 -15 16 -17 -18 19 20 21 -22 23 -24 -25 -26 -27 -28 29 30 31 32 -33 34 35 36 37 38 -39 -40 41 42 -43 44 45 -46 47 48 49 50 0
uf50-0110 112153 -1 2 3 -4 -5 6 -7 -8 9 -10 11 12 -13 -14 -15 16 -17 18 19 20 21 -22 23 -24 -25 -26 -27 -28 29 30 31 32 -33 34 35 36 37 38 -39 -40 41 42 -43 44 45 -46 47 48 49 -50 0
uf50-0110 114284 -1 2 3 -4 5 6 -7 -8 9 -10 11 12 -13 -14 -15 16 -17 -18 19 20 21 -22 23 -24 -25 -26 -27 -28 29 30 31 32 -33 34 35 36 37 38 -39 -40 41 42 -43 44 45 -46 47 48 49 50 0
uf50-0110 100893 -1 2 -3 4 5 6 -7 -8 9 -10 11 -12 -13 -14 -15 -16 -17 -18 19 20 -21 22 23 24 25 -26 -27 28 29 -30 31 32 -33 -34 35 36 37 38 -39 -40 41 -42 -43 44 45 46 47 48 49 -50 0
uf50-0110 112153 -1 2 3 -4 -5 6 -7 -8 9 -10 11 12 -13 -14 -15 16 -17 18 19 20 21 -22 23 -24 -25 -26 -27 -28 29 30 31 32 -33 34 35 36 37 38 -39 -40 41 42 -43 44 45 -46 47 48 49 -50 0
uf50-0110 114284 -1 2 3 -4 5 6 -7 -8 9 -10 11 12 -13 -14 -15 16 -17 -18 19 20 21 -22 23 -24 -25 -26 -27 -28 29 30 31 32 -33 34 35 36 37 38 -39 -40 41 42 -43 44 45 -46 47 48 49 50 0
uf50-0110 110176 -1 2 3 -4 -5 6 -7 -8 9 -10 11 12 -13 14 -15 16 -17 18 19 20 21 -22 23 -24 -25 -26 -27 -28 29 30 31 -32 -33 -34 35 36 37 38 39 -40 41 -42 -43 44 45 46 -47 48 49 -50 0
uf50-0110 113067 -1 2 -3 -4 -5 6 -7 -8 9 -10 11 12 -13 -14 -15 16 -17 -18 19 20 -21 22 23 -24 -25 -26 -27 -28 29 30 31 32 -33 -34 35 36 37 38 39 -40 41 -42 -43 44 45 46 47 48 49 50 0
uf50-0110 110176 -1 2 3 -4 -5 6 -7 -8 9 -10 11 12 -13 14 -15 16 -17 18 19 20 21 -22 23 -24 -25 -26 -27 -28 29 30 31 -32 -33 -34 35 36 37 38 39 -40 41 -42 -43 44 45 46 -47 48 49 -50 0
uf50-0110 114284 -1 2 3 -4 5 6 -7 -8 9 -10 11 12 -13 -14 -15 16 -17 -18 19 20 21 -22 23 -24 -25 -26 -27 -28 29 30 31 32 -33 34 35 36 37 38 -39 -40 41 42 -43 44 45 -46 47 48 49 50 0
uf50-0110 114284 -1 2 3 -4 5 6 -7 -8 9 -10 11 12 -13 -14 -15 16 -17 -18 19 20 21 -22 23 -24 -25 -26 -27 -28 29 30 31 32 -33 34 35 36 37 38 -39 -40 41 42 -43 44 45 -46 47 48 49 50 0
uf50-0110 110176 -1 2 3 -4 -5 6 -7 -8 9 -10 11 12 -13 14 -15 16 -17 18 19 20 21 -22 23 -24 -25 -26 -27 -28 29 30 31 -32 -33 -34 35 36 37 38 39 -40 41 -42 -43 44 45 46 -47 48 49 -50 0
uf50-0110 112153 -1 2 3 -4 -5 6 -7 -8 9 -10 11 12 -13 -14 -15 16 -17 18 19 20 21 -22 23 -24 -25 -26 -27 -28 29 30 31 32 -33 34 35 36 37 38 -39 -40 41 42 -43 44 45 -46 47 48 49 -50 0
uf50-0110 100893 -1 2 -3 4 5 6 -7 -8 9 -10 11 -12 -13 -14 -15 -16 -17 -18 19 20 -21 22 23 24 25 -26 -27 28 29 -30 31 32 -33 -34 35 36 37 38 -39 -40 41 -42 -43 44 45 46 47 48 49 -50 0
uf50-0110 112153 -1 2 3 -4 -5 6 -7 -8 9 -10 11 12 -13 -14 -15 16 -17 18 19 20 21 -22 23 -24 -25 -26 -27 -28 29 30 31 32 -33 34 35 36 37 38 -39 -40 41 42 -43 44 45 -46 47 48 49 -50 0
uf50-0110 112153 -1 2 3 -4 -5 6 -7 -8 9 -10 11 12 -13 -14 -15 16 -17 18 19 20 21 -22 23 -24 -25 -26 -27 -28 29 30 31 32 -33 34 35 36 37 38 -39 -40 41 42 -43 44 45 -46 47 48 49 -50 0
uf50-0110 100893 -1 2 -3 4 5 6 -7 -8 9 -10 11 -12 -13 -14 -15 -16 -17 -18 19 20 -21 22 23 24 25 -26 -27 28 29 -30 31 32 -33 -34 35 36 37 38 -39 -40 41 -42 -43 44 45 46 47 48 49 -50 0
uf50-0110 112153 -1 2 3 -4 -5 6 -7 -8 9 -10 11 12 -13 -14 -15 16 -17 18 19 20 21 -22 23 -24 -25 -26 -27 -28 29 30 31 32 -33 34 35 36 37 38 -39 -40 41 42 -43 44 45 -46 47 48 49 -50 0
uf50-0110 112153 -1 2 3 -4 -5 6 -7 -8 9 -10 11 12 -13 -14 -15 16 -17 18 19 20 21 -22 23 -24 -25 -26 -27 -28 29 30 31 32 -33 34 35 36 37 38 -39 -40 41 42 -43 44 45 -46 47 48 49 -50 0
uf50-0110 112610 -1 2 3 -4 -5 6 -7 -8 9 -10 11 12 -13 -14 -15 16 -17 -18 19 20 21 -22 23 -24 -25 -26 -27 -28 29 30 31 32 -33 34 35 36 37 38 -39 -40 41 42 -43 44 45 -46 47 48 49 50 0
uf50-0110 112153 -1 2 3 -4 -5 6 -7 -8 9 -10 11 12 -13 -14 -15 16 -17 18 19 20 21 -22 23 -24 -25 -26 -27 -28 29 30 31 32 -33 34 35 36 37 38 -39 -40 41 42 -43 44 45 -46 47 48 49 -50 0
uf50-0110 217 0
uf50-0110 112153 -1 2 3 -4 -5 6 -7 -8 9 -10 11 12 -13 -14 -15 16 -17 18 19 20 21 -22 23 -24 -25 -26 -27 -28 29 30 31 32 -33 34 35 36 37 38 -39 -40 41 42 -43 44 45 -46 47 48 49 -50 0
uf50-0110 114284 -1 2 3 -4 5 6 -7 -8 9 -10 11 12 -13 -14 -15 16 -17 -18 19 20 21 -22 23 -24 -25 -26 -27 -28 29 30 31 32 -33 34 35 36 37 38 -39 -40 41 42 -43 44 45 -46 47 48 49 50 0
uf50-0110 114284 -1 2 3 -4 5 6 -7 -8 9 -10 11 12 -13 -14 -15 16 -17 -18 19 20 21 -22 23 -24 -25 -26 -27 -28 29 30 31 32 -33 34 35 36 37 38 -39 -40 41 42 -43 44 45 -46 47 48 49 50 0
uf50-0110 114284 -1 2 3 -4 5 6 -7 -8 9 -10 11 12 -13 -14 -15 16 -17 -18 19 20 21 -22 23 -24 -25 -26 -27 -28 29 30 31 32 -33 34 35 36 37 38 -39 -40 41 42 -43 44 45 -46 47 48 49 50 0
uf50-0110 110176 -1 2 3 -4 -5 6 -7 -8 9 -10 11 12 -13 14 -15 16 -17 18 19 20 21 -22 23 -24 -25 -26 -27 -28 29 30 31 -32 -33 -34 35 36 37 38 39 -40 41 -42 -43 44 45 46 -47 48 49 -50 0
uf50-0110 112610 -1 2 3 -4 -5 6 -7 -8 9 -10 11 12 -13 -14 -15 16 -17 -18 19 20 21 -22 23 -24 -25 -26 -27 -28 29 30 31 32 -33 34 35 36 37 38 -39 -40 41 42 -43 44 45 -46 47 48 49 50 0
uf50-0110 100893 -1 2 -3 4 5 6 -7 -8 9 -10 11 -12 -13 -14 -15 -16 -17 -18 19 20 -21 22 23 24 25 -26 -27 28 29 -30 31 32 -33 -34 35 36 37 38 -39 -40 41 -42 -43 44 45 46 47 48 49 -50 0
uf50-0110 100893 -1 2 -3 4 5 6 -7 -8 9 -10 11 -12 -13 -14 -15 -16 -17 -18 19 20 -21 22 23 24 25 -26 -27 28 29 -30 31 32 -33 -34 35 36 37 38 -39 -40 41 -42 -43 44 45 46 47 48 49 -50 0
uf50-0110 112458 -1 2 -3 -4 5 6 -7 -8 9 -10 11 12 -13 -14 -15 16 -17 -18 19 20 -21 22 23 -24 -25 -26 -27 -28 29 30 31 32 -33 -34 35 36 37 38 -39 -40 41 -42 -43 44 45 46 47 48 49 50 0
uf50-0110 110176 -1 2 3 -4 -5 6 -7 -8 9 -10 11 12 -13 14 -15 16 -17 18 19 20 21 -22 23 -24 -25 -26 -27 -28 29 30 31 -32 -33 -34 35 36 37 38 39 -40 41 -42 -43 44 45 46 -47 48 49 -50 0
uf50-0110 114284 -1 2 3 -4 5 6 -7 -8 9 -10 11 12 -13 -14 -15 16 -17 -18 19 20 21 -22 23 -24 -25 -26 -27 -28 29 30 31 32 -33 34 35 36 37 38 -39 -40 41 42 -43 44 45 -46 47 48 49 50 0
uf50-0110 114284 -1 2 3 -4 5 6 -7 -8 9 -10 11 12 -13 -14 -15 16 -17 -18 19 20 21 -22 23 -24 -25 -26 -27 -28 29 30 31 32 -33 34 35 36 37 38 -39 -40 41 42 -43 44 45 -46 47 48 49 50 0
uf50-0110 113067 -1 2 -3 -4 -5 6 -7 -8 9 -10 11 12 -13 -14 -15 16 -17 -18 19 20 -21 22 23 -24 -25 -26 -27 -28 29 30 31 32 -33 -34 35 36 37 38 39 -40 41 -42 -43 44 45 46 47 48 49 50 0
uf50-0110 113067 -1 2 -3 -4 -5 6 -7 -8 9 -10 11 12 -13 -14 -15 16 -17 -18 19 20 -21 22 23 -24 -25 -26 -27 -28 29 30 31 32 -33 -34 35 36 37 38 39 -40 41 -42 -43 44 45 46 47 48 49 50 0
uf50-0110 113067 -1 2 -3 -4 -5 6 -7 -8 9 -10 11 12 -13 -14 -15 16 -17 -18 19 20 -21 22 23 -24 -25 -26 -27 -28 29 30 31 32 -33 -34 35 36 37 38 39 -40 41 -42 -43 44 45 46 47 48 49 50 0
uf50-0110 112153 -1 2 3 -4 -5 6 -7 -8 9 -10 11 12 -13 -14 -15 16 -17 18 19 20 21 -22 23 -24 -25 -26 -27 -28 29 30 31 32 -33 34 35 36 37 38 -39 -40 41 42 -43 44 45 -46 47 48 49 -50 0
uf50-0110 100893 -1 2 -3 4 5 6 -7 -8 9 -10 11 -12 -13 -14 -15 -16 -17 -18 19 20 -21 22 23 24 25 -26 -27 28 29 -30 31 32 -33 -34 35 36 37 38 -39 -40 41 -42 -43 44 45 46 47 48 49 -50 0
uf50-0110 111469 -1 2 3 -4 5 6 -7 -8 9 -10 11 12 -13 -14 -15 16 -17 -18 19 20 -21 -22 23 -24 -25 -26 -27 -28 29 30 31 32 -33 34 35 36 37 38 -39 -40 41 -42 -43 44 45 -46 47 48 49 50 0
uf50-0110 112153 -1 2 3 -4 -5 6 -7 -8 9 -10 11 12 -13 -14 -15 16 -17 18 19 20 21 -22 23 -24 -25 -26 -27 -28 29 30 31 32 -33 34 35 36 37 38 -39 -40 41 42 -43 44 45 -46 47 48 49 -50 0
uf50-0110 114284 -1 2 3 -4 5 6 -7 -8 9 -10 11 12 -13 -14 -15 16 -17 -18 19 20 21 -22 23 -24 -25 -26 -27 -28 29 30 31 32 -33 34 35 36 37 38 -39 -40 41 42 -43 44 45 -46 47 48 49 50 0
uf50-0110 217 0
uf50-0110 110176 -1 2 3 -4 -5 6 -7 -8 9 -10 11 12 -13 14 -15 16 -17 18 19 20 21 -22 23 -24 -25 -26 -27 -28 29 30 31 -32 -33 -34 35 36 37 38 39 -40 41 -42 -43 44 45 46 -47 48 49 -50 0
uf50-0110 114284 -1 2 3 -4 5 6 -7 -8 9 -10 11 12 -13 -14 -15 16 -17 -18 19 20 21 -22 23 -24 -25 -26 -27 -28 29 30 31 32 -33 34 35 36 37 38 -39 -40 41 42 -43 44 45 -46 47 48 49 50 0
