uf50-0695 114142 1 -2 3 -4 -5 -6 7 -8 -9 -10 11 -12 13 14 15 16 17 18 19 -20 -21 -22 23 -24 -25 26 27 -28 -29 30 31 32 33 34 35 36 37 -38 -39 -40 41 42 -43 44 -45 -46 47 48 49 -50 0
uf50-0695 118446 1 2 3 -4 -5 6 7 -8 -9 -10 11 -12 13 14 15 16 17 -18 19 -20 -21 -22 23 -24 -25 26 27 -28 -29 -30 31 32 33 34 35 36 37 -38 39 -40 41 42 -43 44 -45 -46 47 48 -49 -50 0
uf50-0695 120886 1 -2 3 -4 5 6 7 -8 -9 -10 11 -12 13 14 15 16 17 -18 -19 -20 -21 -22 23 24 -25 -26 27 -28 -29 -30 31 32 33 34 35 36 37 -38 39 -40 41 42 -43 44 -45 46 47 48 49 50 0
uf50-0695 120886 1 -2 3 -4 5 6 7 -8 -9 -10 11 -12 13 14 15 16 17 -18 -19 -20 -21 -22 23 24 -25 -26 27 -28 -29 -30 31 32 33 34 35 36 37 -38 39 -40 41 42 -43 44 -45 46 47 48 49 50 0
uf50-0695 120886 1 -2 3 -4 5 6 7 -8 -9 -10 11 -12 13 14 15 16 17 -18 -19 -20 -21 -22 23 24 -25 -26 27 -28 -29 -30 31 32 33 34 35 36 37 -38 39 -40 41 42 -43 44 -45 46 47 48 49 50 0
uf50-0695 120886 1 -2 3 -4 5 6 7 -8 -9 -10 11 -12 13 14 15 16 17 -18 -19 -20 -21 -22 23 24 -25 -26 27 -28 -29 -30 31 32 33 34 35 36 37 -38 39 -40 41 42 -43 44 -45 46 47 48 49 50 0
uf50-0695 114142 1 -2 3 -4 -5 -6 7 -8 -9 -10 11 -12 13 14 15 16 17 18 19 -20 -21 -22 23 -24 -25 26 27 -28 -29 30 31 32 33 34 35 36 37 -38 -39 -40 41 42 -43 44 -45 -46 47 48 49 -50 0
uf50-0695 118446 1 2 3 -4 -5 6 7 -8 -9 -10 11 -12 13 14 15 16 17 -18 19 -20 -21 -22 23 -24 -25 26 27 -28 -29 -30 31 32 33 34 35 36 37 -38 39 -40 41 42 -43 44 -45 -46 47 48 -49 -50 0
uf50-0695 116967 1 -2 3 -4 5 6 7 -8 -9 -10 11 -12 13 14 15 16 17 -18 -19 -20 -21 -22 23 24 -25 -26 27 -28 -29 -30 31 32 33 34 35 36 -37 -38 39 -40 41 42 -43 44 -45 46 47 48 49 -50 0
uf50-0695 114142 1 -2 3 -4 -5 -6 7 -8 -9 -10 11 -12 13 14 15 16 17 18 19 -20 -21 -22 23 -24 -25 26 27 -28 -29 30 31 32 33 34 35 36 37 -38 -39 -40 41 42 -43 44 -45 -46 47 48 49 -50 0
uf50-0695 115217 1 2 3 -4 -5 6 7 -8 -9 -10 11 -12 13 14 15 16 17 -18 19 -20 -21 -22 23 -24 -25 26 27 -28 -29 -30 31 32 33 34 -35 36 37 -38 39 -40 41 42 -43 44 -45 -46 47 48 -49 -50 0
uf50-0695 120886 1 -2 3 -4 5 6 7 -8 -9 -10 11 -12 13 14 15 16 17 -18 -19 -20 -21 -22 23 24 -25 -26 27 -28 -29 -30 31 32 33 34 35 36 37 -38 39 -40 41 42 -43 44 -45 46 47 48 49 50 0
uf50-0695 117286 1 -2 3 -4 5 6 7 -8 -9 -10 11 -12 13 14 15 16 17 -18 -19 -20 -21 -22 23 -24 -25 -26 27 -28 -29 -30 31 32 33 34 35 36 37 -38 39 -40 41 42 -43 44 -45 -46 47 48 49 -50 0
uf50-0695 119675 1 -2 3 -4 5 6 7 -8 -9 -10 11 -12 13 14 15 16 17 -18 -19 -20 -21 -22 23 24 -25 -26 27 -28 -29 -30 31 32 33 34 35 36 37 -38 39 -40 41 42 -43 44 -45 46 47 48 49 -50 0
uf50-0695 120886 1 -2 3 -4 5 6 7 -8 -9 -10 11 -12 13 14 15 16 17 -18 -19 -20 -21 -22 23 24 -25 -26 27 -28 -29 -30 31 32 33 34 35 36 37 -38 39 -40 41 42 -43 44 -45 46 47 48 49 50 0
uf50-0695 118497 1 -2 3 -4 5 6 7 -8 -9 -10 11 -12 13 14 15 16 17 -18 -19 -20 -21 -22 23 -24 -25 -26 27 -28 -29 -30 31 32 33 34 35 36 37 -38 39 -40 41 42 -43 44 -45 -46 47 48 49 50 0
uf50-0695 120886 1 -2 3 -4 5 6 7 -8 -9 -10 11 -12 13 14 15 16 17 -18 -19 -20 -21 -22 23 24 -25 -26 27 -28 -29 -30 31 32 33 34 35 36 37 -38 39 -40 41 42 -43 44 -45 46 47 48 49 50 0
uf50-0695 120886 1 -2 3 -4 5 6 7 -8 -9 -10 11 -12 13 14 15 16 17 -18 -19 -20 -21 -22 23 24 -25 -26 27 -28 -29 -30 31 32 33 34 35 36 37 -38 39 -40 41 42 -43 44 -45 46 47 48 49 50 0
uf50-0695 117085 1 -2 3 -4 5 6 7 -8 -9 -10 11 -12 13 14 15 16 17 -18 -19 -20 -21 -22 23 24 -25 -26 27 -28 -29 -30 31 32 33 34 35 36 37 -38 -39 -40 41 42 -43 44 -45 46 47 48 49 -50 0
uf50-0695 119675 1 -2 3 -4 5 6 7 -8 -9 -10 11 -12 13 14 15 16 17 -18 -19 -20 -21 -22 23 24 -25 -26 27 -28 -29 -30 31 32 33 34 35 36 37 -38 39 -40 41 42 -43 44 -45 46 47 48 49 -50 0
uf50-0695 120886 1 -2 3 -4 5 6 7 -8 -9 -10 11 -12 13 14 15 16 17 -18 -19 -20 -21 -22 23 24 -25 -26 27 -28 -29 -30 31 32 33 34 35 36 37 -38 39 -40 41 42 -43 44 -45 46 47 48 49 50 0
uf50-0695 120886 1 -2 3 -4 5 6 7 -8 -9 -10 11 -12 13 14 15 16 17 -18 -19 -20 -21 -22 23 24 -25 -26 27 -28 -29 -30 31 32 33 34 35 36 37 -38 39 -40 41 42 -43 44 -45 46 47 48 49 50 0
uf50-0695 116211 1 -2 3 -4 5 6 7 -8 -9 -10 11 -12 13 14 15 16 17 -18 -19 -20 -21 -22 23 24 -25 -26 27 28 -29 -30 31 32 33 34 35 36 37 -38 39 -40 41 42 -43 -44 -45 46 47 48 49 -50 0
uf50-0695 118296 1 -2 3 -4 5 6 7 -8 -9 -10 11 -12 13 14 15 16 17 -18 -19 -20 -21 -22 23 24 -25 -26 27 -28 -29 -30 31 32 33 34 35 36 37 -38 -39 -40 41 42 -43 44 -45 46 47 48 49 50 0
uf50-0695 114142 1 -2 3 -4 -5 -6 7 -8 -9 -10 11 -12 13 14 15 16 17 18 19 -20 -21 -22 23 -24 -25 26 27 -28 -29 30 31 32 33 34 35 36 37 -38 -39 -40 41 42 -43 44 -45 -46 47 48 49 -50 0
uf50-0695 120886 1 -2 3 -4 5 6 7 -8 -9 -10 11 -12 13 14 15 16 17 -18 -19 -20 -21 -22 23 24 -25 -26 27 -28 -29 -30 31 32 33 34 35 36 37 -38 39 -40 41 42 -43 44 -45 46 47 48 49 50 0
uf50-0695 118581 1 -2 3 -4 5 6 7 -8 -9 -10 11 -12 13 14 15 16 17 -18 -19 -20 -21 -22 23 24 -25 -26 27 -28 -29 -30 31 32 33 34 35 36 37 -38 39 -40 41 42 -43 44 -45 -46 47 48 49 -50 0
uf50-0695 116663 1 2 3 -4 5 6 7 -8 -9 -10 11 -12 13 14 15 16 17 -18 -19 -20 -21 -22 23 -24 -25 -26 27 -28 -29 -30 31 32 33 34 35 36 37 -38 39 -40 41 42 -43 44 -45 -46 47 48 -49 -50 0
uf50-0695 114142 1 -2 3 -4 -5 -6 7 -8 -9 -10 11 -12 13 14 15 16 17 18 19 -20 -21 -22 23 -24 -25 26 27 -28 -29 30 31 32 33 34 35 36 37 -38 -39 -40 41 42 -43 44 -45 -46 47 48 49 -50 0
uf50-0695 120886 1 -2 3 -4 5 6 7 -8 -9 -10 11 -12 13 14 15 16 17 -18 -19 -20 -21 -22 23 24 -25 -26 27 -28 -29 -30 31 32 33 34 35 36 37 -38 39 -40 41 42 -43 44 -45 46 47 48 49 50 0
uf50-0695 118446 1 2 3 -4 -5 6 7 -8 -9 -10 11 -12 13 14 15 16 17 -18 19 -20 -21 -22 23 -24 -25 26 27 -28 -29 -30 31 32 33 34 35 36 37 -38 39 -40 41 42 -43 44 -45 -46 47 48 -49 -50 0
uf50-0695 119675 1 -2 3 -4 5 6 7 -8 -9 -10 11 -12 13 14 15 16 17 -18 -19 -20 -21 -22 23 24 -25 -26 27 -28 -29 -30 31 32 33 34 35 36 37 -38 39 -40 41 42 -43 44 -45 46 47 48 49 -50 0
uf50-0695 120886 1 -2 3 -4 5 6 7 -8 -9 -10 11 -12 13 14 15 16 17 -18 -19 -20 -21 -22 23 24 -25 -26 27 -28 -29 -30 31 32 33 34 35 36 37 -38 39 -40 41 42 -43 44 -45 46 47 48 49 50 0
uf50-0695 118581 1 -2 3 -4 5 6 7 -8 -9 -10 11 -12 13 14 15 16 17 -18 -19 -20 -21 -22 23 24 -25 -26 27 -28 -29 -30 31 32 33 34 35 36 37 -38 39 -40 41 42 -43 44 -45 -46 47 48 49 -50 0
uf50-0695 115588 1 -2 3 -4 5 6 7 -8 -9 -10 11 -12 13 14 15 16 17 -18 -19 -20 -21 -22 23 24 -25 -26 27 -28 -29 -30 31 32 33 34 35 36 -37 -38 -39 -40 41 42 -43 44 -45 46 47 48 49 50 0
uf50-0695 120886 1 -2 3 -4 5 6 7 -8 -9 -10 11 -12 13 14 15 16 17 -18 -19 -20 -21 -22 23 24 -25 -26 27 -28 -29 -30 31 32 33 34 35 36 37 -38 39 -40 41 42 -43 44 -45 46 47 48 49 50 0
uf50-0695 120886 1 -2 3 -4 5 6 7 -8 -9 -10 11 -12 13 14 15 16 17 -18 -19 -20 -21 -22 23 24 -25 -26 27 -28 -29 -30 31 32 33 34 35 36 37 -38 39 -40 41 42 -43 44 -45 46 47 48 49 50 0
uf50-0695 116967 1 -2 3 -4 5 6 7 -8 -9 -10 11 -12 13 14 15 16 17 -18 -19 -20 -21 -22 23 24 -25 -26 27 -28 -29 -30 31 32 33 34 35 36 -37 -38 39 -40 41 42 -43 44 -45 46 47 48 49 -50 0
uf50-0695 117085 1 -2 3 -4 5 6 7 -8 -9 -10 11 -12 13 14 15 16 17 -18 -19 -20 -21 -22 23 24 -25 -26 27 -28 -29 -30 31 32 33 34 35 36 37 -38 -39 -40 41 42 -43 44 -45 46 47 48 49 -50 0
uf50-0695 120886 1 -2 3 -4 5 6 7 -8 -9 -10 11 -12 13 14 15 16 17 -18 -19 -20 -21 -22 23 24 -25 -26 27 -28 -29 -30 31 32 33 34 35 36 37 -38 39 -40 41 42 -43 44 -45 46 47 48 49 50 0
uf50-0695 120886 1 -2 3 -4 5 6 7 -8 -9 -10 11 -12 13 14 15 16 17 -18 -19 -20 -21 -22 23 24 -25 -26 27 -28 -29 -30 31 32 33 34 35 36 37 -38 39 -40 41 42 -43 44 -45 46 47 48 49 50 0
uf50-0695 120886 1 -2 3 -4 5 6 7 -8 -9 -10 11 -12 13 14 15 16 17 -18 -19 -20 -21 -22 23 24 -25 -26 27 -28 -29 -30 31 32 33 34 35 36 37 -38 39 -40 41 42 -43 44 -45 46 47 48 49 50 0
uf50-0695 114142 1 -2 3 -4 -5 -6 7 -8 -9 -10 11 -12 13 14 15 16 17 18 19 -20 -21 -22 23 -24 -25 26 27 -28 -29 30 31 32 33 34 35 36 37 -38 -39 -40 41 42 -43 44 -45 -46 47 48 49 -50 0
uf50-0695 119792 1 -2 3 -4 5 6 7 -8 -9 -10 11 -12 13 14 15 16 17 -18 -19 -20 -21 -22 23 24 -25 -26 27 -28 -29 -30 31 32 33 34 35 36 37 -38 39 -40 41 42 -43 44 -45 -46 47 48 49 50 0
uf50-0695 114142 1 -2 3 -4 -5 -6 7 -8 -9 -10 11 -12 13 14 15 16 17 18 19 -20 -21 -22 23 -24 -25 26 27 -28 -29 30 31 32 33 34 35 36 37 -38 -39 -40 41 42 -43 44 -45 -46 47 48 49 -50 0
uf50-0695 120886 1 -2 3 -4 5 6 7 -8 -9 -10 11 -12 13 14 15 16 17 -18 -19 -20 -21 -22 23 24 -25 -26 27 -28 -29 -30 31 32 33 34 35 36 37 -38 39 -40 41 42 -43 44 -45 46 47 48 49 50 0
uf50-0695 120886 1 -2 3 -4 5 6 7 -8 -9 -10 11 -12 13 14 15 16 17 -18 -19 -20 -21 -22 23 24 -25 -26 27 -28 -29 -30 31 32 33 34 35 36 37 -38 39 -40 41 42 -43 44 -45 46 47 48 49 50 0
uf50-0695 120886 1 -2 3 -4 5 6 7 -8 -9 -10 11 -12 13 14 15 16 17 -18 -19 -20 -21 -22 23 24 -25 -26 27 -28 -29 -30 31 32 33 34 35 36 37 -38 39 -40 41 42 -43 44 -45 46 47 48 49 50 0
uf50-0695 120886 1 -2 3 -4 5 6 7 -8 -9 -10 11 -12 13 14 15 16 17 -18 -19 -20 -21 -22 23 24 -25 -26 27 -28 -29 -30 31 32 33 34 35 36 37 -38 39 -40 41 42 -43 44 -45 46 47 48 49 50 0
uf50-0695 113621 1 -2 3 -4 5 6 7 -8 -9 -10 11 -12 13 14 15 16 17 -18 -19 -20 -21 -22 23 24 -25 -26 27 28 -29 -30 31 32 33 34 35 36 37 -38 -39 -40 41 42 -43 -44 -45 46 47 48 49 -50 0
uf50-0695 117286 1 -2 3 -4 5 6 7 -8 -9 -10 11 -12 13 14 15 16 17 -18 -19 -20 -21 -22 23 -24 -25 -26 27 -28 -29 -30 31 32 33 34 35 36 37 -38 39 -40 41 42 -43 44 -45 -46 47 48 49 -50 0
uf50-0695 120886 1 -2 3 -4 5 6 7 -8 -9 -10 11 -12 13 14 15 16 17 -18 -19 -20 -21 -22 23 24 -25 -26 27 -28 -29 -30 31 32 33 34 35 36 37 -38 39 -40 41 42 -43 44 -45 46 47 48 49 50 0
uf50-0695 116747 1 -2 3 -4 5 6 7 -8 -9 -10 11 -12 13 14 15 16 17 -18 -19 -20 -21 -22 23 -24 -25 -26 27 -28 -29 -30 31 32 33 34 35 36 37 -38 39 -40 41 42 -43 44 -45 -46 47 48 -49 50 0
uf50-0695 120886 1 -2 3 -4 5 6 7 -8 -9 -10 11 -12 13 14 15 16 17 -18 -19 -20 -21 -22 23 24 -25 -26 27 -28 -29 -30 31 32 33 34 35 36 37 -38 39 -40 41 42 -43 44 -45 46 47 48 49 50 0
uf50-0695 114142 1 -2 3 -4 -5 -6 7 -8 -9 -10 11 -12 13 14 15 16 17 18 19 -20 -21 -22 23 -24 -25 26 27 -28 -29 30 31 32 33 34 35 36 37 -38 -39 -40 41 42 -43 44 -45 -46 47 48 49 -50 0
uf50-0695 114814 1 2 3 -4 -5 6 7 -8 -9 -10 11 -12 13 14 15 16 17 -18 19 -20 -21 22 23 -24 -25 -26 27 -28 -29 -30 31 32 33 34 -35 36 37 -38 39 -40 41 42 -43 44 -45 -46 47 48 -49 -50 0
uf50-0695 120886 1 -2 3 -4 5 6 7 -8 -9 -10 11 -12 13 14 15 16 17 -18 -19 -20 -21 -22 23 24 -25 -26 27 -28 -29 -30 31 32 33 34 35 36 37 -38 39 -40 41 42 -43 44 -45 46 47 48 49 50 0
uf50-0695 114142 1 -2 3 -4 -5 -6 7 -8 -9 -10 11 -12 13 14 15 16 17 18 19 -20 -21 -22 23 -24 -25 26 27 -28 -29 30 31 32 33 34 35 36 37 -38 -39 -40 41 42 -43 44 -45 -46 47 48 49 -50 0
uf50-0695 118581 1 -2 3 -4 5 6 7 -8 -9 -10 11 -12 13 14 15 16 17 -18 -19 -20 -21 -22 23 24 -25 -26 27 -28 -29 -30 31 32 33 34 35 36 37 -38 39 -40 41 42 -43 44 -45 -46 47 48 49 -50 0
uf50-0695 120886 1 -2 3 -4 5 6 7 -8 -9 -10 11 -12 13 14 15 16 17 -18 -19 -20 -21 -22 23 24 -25 -26 27 -28 -29 -30 31 32 33 34 35 36 37 -38 39 -40 41 42 -43 44 -45 46 47 48 49 50 0
uf50-0695 120886 1 -2 3 -4 5 6 7 -8 -9 -10 11 -12 13 14 15 16 17 -18 -19 -20 -21 -22 23 24 -25 -26 27 -28 -29 -30 31 32 33 34 35 36 37 -38 39 -40 41 42 -43 44 -45 46 47 48 49 50 0
uf50-0695 114142 1 -2 3 -4 -5 -6 7 -8 -9 -10 11 -12 13 14 15 16 17 18 19 -20 -21 -22 23 -24 -25 26 27 -28 -29 30 31 32 33 34 35 36 37 -38 -39 -40 41 42 -43 44 -45 -46 47 48 49 -50 0
uf50-0695 115588 1 -2 3 -4 5 6 7 -8 -9 -10 11 -12 13 14 15 16 17 -18 -19 -20 -21 -22 23 24 -25 -26 27 -28 -29 -30 31 32 33 34 35 36 37 -38 39 -40 41 42 -43 -44 -45 46 47 48 49 -50 0
uf50-0695 117286 1 -2 3 -4 5 6 7 -8 -9 -10 11 -12 13 14 15 16 17 -18 -19 -20 -21 -22 23 -24 -25 -26 27 -28 -29 -30 31 32 33 34 35 36 37 -38 39 -40 41 42 -43 44 -45 -46 47 48 49 -50 0
uf50-0695 116967 1 -2 3 -4 5 6 7 -8 -9 -10 11 -12 13 14 15 16 17 -18 -19 -20 -21 -22 23 24 -25 -26 27 -28 -29 -30 31 32 33 34 35 36 -37 -38 39 -40 41 42 -43 44 -45 46 47 48 49 -50 0
uf50-0695 118581 1 -2 3 -4 5 6 7 -8 -9 -10 11 -12 13 14 15 16 17 -18 -19 -20 -21 -22 23 24 -25 -26 27 -28 -29 -30 31 32 33 34 35 36 37 -38 39 -40 41 42 -43 44 -45 -46 47 48 49 -50 0
uf50-0695 120886 1 -2 3 -4 5 6 7 -8 -9 -10 11 -12 13 14 15 16 17 -18 -19 -20 -21 -22 23 24 -25 -26 27 -28 -29 -30 31 32 33 34 35 36 37 -38 39 -40 41 42 -43 44 -45 46 47 48 49 50 0
uf50-0695 120886 1 -2 3 -4 5 6 7 -8 -9 -10 11 -12 13 14 15 16 17 -18 -19 -20 -21 -22 23 24 -25 -26 27 -28 -29 -30 31 32 33 34 35 36 37 -38 39 -40 41 42 -43 44 -45 46 47 48 49 50 0
uf50-0695 120886 1 -2 3 -4 5 6 7 -8 -9 -10 11 -12 13 14 15 16 17 -18 -19 -20 -21 -22 23 24 -25 -26 27 -28 -29 -30 31 32 33 34 35 36 37 -38 39 -40 41 42 -43 44 -45 46 47 48 49 50 0
uf50-0695 116967 1 -2 3 -4 5 6 7 -8 -9 -10 11 -12 13 14 15 16 17 -18 -19 -20 -21 -22 23 24 -25 -26 27 -28 -29 -30 31 32 33 34 35 36 -37 -38 39 -40 41 42 -43 44 -45 46 47 48 49 -50 0
uf50-0695 116211 1 -2 3 -4 5 6 7 -8 -9 -10 11 -12 13 14 15 16 17 -18 -19 -20 -21 -22 23 24 -25 -26 27 28 -29 -30 31 32 33 34 35 36 37 -38 39 -40 41 42 -43 -44 -45 46 47 48 49 -50 0
uf50-0695 119792 1 -2 3 -4 5 6 7 -8 -9 -10 11 -12 13 14 15 16 17 -18 -19 -20 -21 -22 23 24 -25 -26 27 -28 -29 -30 31 32 33 34 35 36 37 -38 39 -40 41 42 -43 44 -45 -46 47 48 49 50 0
uf50-0695 119675 1 -2 3 -4 5 6 7 -8 -9 -10 11 -12 13 14 15 16 17 -18 -19 -20 -21 -22 23 24 -25 -26 27 -28 -29 -30 31 32 33 34 35 36 37 -38 39 -40 41 42 -43 44 -45 46 47 48 49 -50 0
uf50-0695 115873 1 -2 3 -4 5 6 7 -8 -9 -10 11 -12 13 14 15 16 17 -18 -19 -20 -21 -22 23 24 -25 -26 27 -28 -29 -30 31 32 33 34 35 36 -37 -38 39 -40 41 42 -43 44 -45 -46 47 48 49 -50 0
uf50-0695 120886 1 -2 3 -4 5 6 7 -8 -9 -10 11 -12 13 14 15 16 17 -18 -19 -20 -21 -22 23 24 -25 -26 27 -28 -29 -30 31 32 33 34 35 36 37 -38 39 -40 41 42 -43 44 -45 46 47 48 49 50 0
uf50-0695 117084 1 -2 3 -4 5 6 7 -8 -9 -10 11 -12 13 14 15 16 17 -18 -19 -20 -21 -22 23 24 -25 -26 27 -28 -29 -30 31 32 33 34 35 36 -37 -38 39 -40 41 42 -43 44 -45 -46 47 48 49 50 0
uf50-0695 116967 1 -2 3 -4 5 6 7 -8 -9 -10 11 -12 13 14 15 16 17 -18 -19 -20 -21 -22 23 24 -25 -26 27 -28 -29 -30 31 32 33 34 35 36 -37 -38 39 -40 41 42 -43 44 -45 46 47 48 49 -50 0
uf50-0695 120886 1 -2 3 -4 5 6 7 -8 -9 -10 11 -12 13 14 15 16 17 -18 -19 -20 -21 -22 23 24 -25 -26 27 -28 -29 -30 31 32 33 34 35 36 37 -38 39 -40 41 42 -43 44 -45 46 47 48 49 50 0
uf50-0695 120886 1 -2 3 -4 5 6 7 -8 -9 -10 11 -12 13 14 15 16 17 -18 -19 -20 -21 -22 23 24 -25 -26 27 -28 -29 -30 31 32 33 34 35 36 37 -38 39 -40 41 42 -43 44 -45 46 47 48 49 50 0
uf50-0695 116663 1 2 3 -4 5 6 7 -8 -9 -10 11 -12 13 14 15 16 17 -18 -19 -20 -21 -22 23 -24 -25 -26 27 -28 -29 -30 31 32 33 34 35 36 37 -38 39 -40 41 42 -43 44 -45 -46 47 48 -49 -50 0
uf50-0695 120886 1 -2 3 -4 5 6 7 -8 -9 -10 11 -12 13 14 15 16 17 -18 -19 -20 -21 -22 23 24 -25 -26 27 -28 -29 -30 31 32 33 34 35 36 37 -38 39 -40 41 42 -43 44 -45 46 47 48 49 50 0
uf50-0695 120886 1 -2 3 -4 5 6 7 -8 -9 -10 11 -12 13 14 15 16 17 -18 -19 -20 -21 -22 23 24 -25 -26 27 -28 -29 -30 31 32 33 34 35 36 37 -38 39 -40 41 42 -43 44 -45 46 47 48 49 50 0
uf50-0695 118446 1 2 3 -4 -5 6 7 -8 -9 -10 11 -12 13 14 15 16 17 -18 19 -20 -21 -22 23 -24 -25 26 27 -28 -29 -30 31 32 33 34 35 36 37 -38 39 -40 41 42 -43 44 -45 -46 47 48 -49 -50 0
uf50-0695 120886 1 -2 3 -4 5 6 7 -8 -9 -10 11 -12 13 14 15 16 17 -18 -19 -20 -21 -22 23 24 -25 -26 27 -28 -29 -30 31 32 33 34 35 36 37 -38 39 -40 41 42 -43 44 -45 46 47 48 49 50 0
uf50-0695 120886 1 -2 3 -4 5 6 7 -8 -9 -10 11 -12 13 14 15 16 17 -18 -19 -20 -21 -22 23 24 -25 -26 27 -28 -29 -30 31 32 33 34 35 36 37 -38 39 -40 41 42 -43 44 -45 46 47 48 49 50 0
uf50-0695 120886 1 -2 3 -4 5 6 7 -8 -9 -10 11 -12 13 14 15 16 17 -18 -19 -20 -21 -22 23 24 -25 -26 27 -28 -29 -30 31 32 33 34 35 36 37 -38 39 -40 41 42 -43 44 -45 46 47 48 49 50 0
uf50-0695 120886 1 -2 3 -4 5 6 7 -8 -9 -10 11 -12 13 14 15 16 17 -18 -19 -20 -21 -22 23 24 -25 -26 27 -28 -29 -30 31 32 33 34 35 36 37 -38 39 -40 41 42 -43 44 -45 46 47 48 49 50 0
uf50-0695 120886 1 -2 3 -4 5 6 7 -8 -9 -10 11 -12 13 14 15 16 17 -18 -19 -20 -21 -22 23 24 -25 -26 27 -28 -29 -30 31 32 33 34 35 36 37 -38 39 -40 41 42 -43 44 -45 46 47 48 49 50 0
uf50-0695 120886 1 -2 3 -4 5 6 7 -8 -9 -10 11 -12 13 14 15 16 17 -18 -19 -20 -21 -22 23 24 -25 -26 27 -28 -29 -30 31 32 33 34 35 36 37 -38 39 -40 41 42 -43 44 -45 46 47 48 49 50 0
uf50-0695 119675 1 -2 3 -4 5 6 7 -8 -9 -10 11 -12 13 14 15 16 17 -18 -19 -20 -21 -22 23 24 -25 -26 27 -28 -29 -30 31 32 33 34 35 36 37 -38 39 -40 41 42 -43 44 -45 46 47 48 49 -50 0
uf50-0695 114142 1 -2 3 -4 -5 -6 7 -8 -9 -10 11 -12 13 14 15 16 17 18 19 -20 -21 -22 23 -24 -25 26 27 -28 -29 30 31 32 33 34 35 36 37 -38 -39 -40 41 42 -43 44 -45 -46 47 48 49 -50 0
uf50-0695 120886 1 -2 3 -4 5 6 7 -8 -9 -10 11 -12 13 14 15 16 17 -18 -19 -20 -21 -22 23 24 -25 -26 27 -28 -29 -30 31 32 33 34 35 36 37 -38 39 -40 41 42 -43 44 -45 46 47 48 49 50 0
uf50-0695 112664 1 -2 3 -4 -5 -6 7 -8 -9 -10 11 -12 13 14 15 16 17 18 19 -20 -21 22 23 -24 25 26 27 -28 -29 30 31 32 33 34 -35 36 37 -38 -39 40 41 42 -43 44 -45 -46 47 48 49 -50 0
uf50-0695 116967 1 -2 3 -4 5 6 7 -8 -9 -10 11 -12 13 14 15 16 17 -18 -19 -20 -21 -22 23 24 -25 -26 27 -28 -29 -30 31 32 33 34 35 36 -37 -38 39 -40 41 42 -43 44 -45 46 47 48 49 -50 0
uf50-0695 116378 1 -2 3 -4 -5 6 7 -8 -9 -10 11 -12 13 14 15 16 17 -18 19 -20 -21 22 23 -24 -25 26 27 -28 -29 -30 31 32 33 34 -35 36 37 -38 39 -40 41 42 -43 44 -45 -46 47 48 -49 50 0
uf50-0695 116967 1 -2 3 -4 5 6 7 -8 -9 -10 11 -12 13 14 15 16 17 -18 -19 -20 -21 -22 23 24 -25 -26 27 -28 -29 -30 31 32 33 34 35 36 -37 -38 39 -40 41 42 -43 44 -45 46 47 48 49 -50 0
uf50-0695 114142 1 -2 3 -4 -5 -6 7 -8 -9 -10 11 -12 13 14 15 16 17 18 19 -20 -21 -22 23 -24 -25 26 27 -28 -29 30 31 32 33 34 35 36 37 -38 -39 -40 41 42 -43 44 -45 -46 47 48 49 -50 0
uf50-0695 119792 1 -2 3 -4 5 6 7 -8 -9 -10 11 -12 13 14 15 16 17 -18 -19 -20 -21 -22 23 24 -25 -26 27 -28 -29 -30 31 32 33 34 35 36 37 -38 39 -40 41 42 -43 44 -45 -46 47 48 49 50 0
uf50-0695 120886 1 -2 3 -4 5 6 7 -8 -9 -10 11 -12 13 14 15 16 17 -18 -19 -20 -21 -22 23 24 -25 -26 27 -28 -29 -30 31 32 33 34 35 36 37 -38 39 -40 41 42 -43 44 -45 46 47 48 49 50 0
uf50-0695 117050 1 -2 3 -4 -5 6 7 -8 -9 -10 11 -12 13 14 15 16 17 -18 19 -20 -21 -22 23 -24 -25 -26 27 -28 -29 -30 31 32 33 34 35 36 37 -38 39 -40 41 42 -43 44 -45 -46 47 48 -49 50 0
