uf50-0599 115355 1 -2 3 4 5 -6 7 -8 9 10 -11 12 13 14 15 16 -17 18 19 -20 21 -22 -23 24 -25 -26 27 28 29 -30 31 32 33 -34 35 -36 -37 38 39 -40 41 -42 -43 -44 45 46 -47 -48 -49 50 0
uf50-0599 115355 1 -2 3 4 5 -6 7 -8 9 10 -11 12 13 14 15 16 -17 18 19 -20 21 -22 -23 24 -25 -26 27 28 29 -30 31 32 33 -34 35 -36 -37 38 39 -40 41 -42 -43 -44 45 46 -47 -48 -49 50 0
uf50-0599 115355 1 -2 3 4 5 -6 7 -8 9 10 -11 12 13 14 15 16 -17 18 19 -20 21 -22 -23 24 -25 -26 27 28 29 -30 31 32 33 -34 35 -36 -37 38 39 -40 41 -42 -43 -44 45 46 -47 -48 -49 50 0
uf50-0599 115355 1 -2 3 4 5 -6 7 -8 9 10 -11 12 13 14 15 16 -17 18 19 -20 21 -22 -23 24 -25 -26 27 28 29 -30 31 32 33 -34 35 -36 -37 38 39 -40 41 -42 -43 -44 45 46 -47 -48 -49 50 0
uf50-0599 115355 1 -2 3 4 5 -6 7 -8 9 10 -11 12 13 14 15 16 -17 18 19 -20 21 -22 -23 24 -25 -26 27 28 29 -30 31 32 33 -34 35 -36 -37 38 39 -40 41 -42 -43 -44 45 46 -47 -48 -49 50 0
uf50-0599 115355 1 -2 3 4 5 -6 7 -8 9 10 -11 12 13 14 15 16 -17 18 19 -20 21 -22 -23 24 -25 -26 27 28 29 -30 31 32 33 -34 35 -36 -37 38 39 -40 41 -42 -43 -44 45 46 -47 -48 -49 50 0
uf50-0599 115355 1 -2 3 4 5 -6 7 -8 9 10 -11 12 13 14 15 16 -17 18 19 -20 21 -22 -23 24 -25 -26 27 28 29 -30 31 32 33 -34 35 -36 -37 38 39 -40 41 -42 -43 -44 45 46 -47 -48 -49 50 0
uf50-0599 115355 1 -2 3 4 5 -6 7 -8 9 10 -11 12 13 14 15 16 -17 18 19 -20 21 -22 -23 24 -25 -26 27 28 29 -30 31 32 33 -34 35 -36 -37 38 39 -40 41 -42 -43 -44 45 46 -47 -48 -49 50 0
uf50-0599 115355 1 -2 3 4 5 -6 7 -8 9 10 -11 12 13 14 15 16 -17 18 19 -20 21 -22 -23 24 -25 -26 27 28 29 -30 31 32 33 -34 35 -36 -37 38 39 -40 41 -42 -43 -44 45 46 -47 -48 -49 50 0
uf50-0599 115355 1 -2 3 4 5 -6 7 -8 9 10 -11 12 13 14 15 16 -17 18 19 -20 21 -22 -23 24 -25 -26 27 28 29 -30 31 32 33 -34 35 -36 -37 38 39 -40 41 -42 -43 -44 45 46 -47 -48 -49 50 0
uf50-0599 78089 -1 -2 3 4 -5 6 7 8 9 10 -11 12 13 14 15 16 17 18 19 -20 -21 -22 -23 -24 25 -26 27 28 -29 -30 31 32 -33 -34 35 36 -37 -38 -39 40 41 42 -43 -44 -45 -46 -47 -48 49 50 0
uf50-0599 115355 1 -2 3 4 5 -6 7 -8 9 10 -11 12 13 14 15 16 -17 18 19 -20 21 -22 -23 24 -25 -26 27 28 29 -30 31 32 33 -34 35 -36 -37 38 39 -40 41 -42 -43 -44 45 46 -47 -48 -49 50 0
uf50-0599 115355 1 -2 3 4 5 -6 7 -8 9 10 -11 12 13 14 15 16 -17 18 19 -20 21 -22 -23 24 -25 -26 27 28 29 -30 31 32 33 -34 35 -36 -37 38 39 -40 41 -42 -43 -44 45 46 -47 -48 -49 50 0
uf50-0599 113251 1 -2 3 4 5 -6 7 -8 9 10 -11 -12 13 14 15 16 -17 18 19 -20 21 -22 -23 24 -25 -26 27 28 29 -30 31 32 33 -34 35 -36 -37 38 39 -40 41 -42 -43 -44 45 46 -47 -48 -49 50 0
uf50-0599 115355 1 -2 3 4 5 -6 7 -8 9 10 -11 12 13 14 15 16 -17 18 19 -20 21 -22 -23 24 -25 -26 27 28 29 -30 31 32 33 -34 35 -36 -37 38 39 -40 41 -42 -43 -44 45 46 -47 -48 -49 50 0
uf50-0599 110447 1 -2 3 -4 5 -6 7 -8 9 10 11 12 13 14 15 16 -17 18 19 -20 21 -22 -23 24 -25 -26 -27 28 29 -30 31 32 33 -34 35 -36 -37 38 39 -40 41 -42 -43 -44 45 46 -47 -48 -49 50 0
uf50-0599 113111 -1 -2 3 4 5 -6 7 -8 9 10 -11 12 13 14 15 16 -17 18 19 -20 21 -22 -23 24 -25 26 27 28 29 -30 31 32 33 -34 35 -36 -37 38 39 -40 41 -42 -43 -44 45 46 -47 -48 -49 50 0
uf50-0599 115355 1 -2 3 4 5 -6 7 -8 9 10 -11 12 13 14 15 16 -17 18 19 -20 21 -22 -23 24 -25 -26 27 28 29 -30 31 32 33 -34 35 -36 -37 38 39 -40 41 -42 -43 -44 45 46 -47 -48 -49 50 0
uf50-0599 115355 1 -2 3 4 5 -6 7 -8 9 10 -11 12 13 14 15 16 -17 18 19 -20 21 -22 -23 24 -25 -26 27 28 29 -30 31 32 33 -34 35 -36 -37 38 39 -40 41 -42 -43 -44 45 46 -47 -48 -49 50 0
uf50-0599 115355 1 -2 3 4 5 -6 7 -8 9 10 -11 12 13 14 15 16 -17 18 19 -20 21 -22 -23 24 -25 -26 27 28 29 -30 31 32 33 -34 35 -36 -37 38 39 -40 41 -42 -43 -44 45 46 -47 -48 -49 50 0
uf50-0599 115355 1 -2 3 4 5 -6 7 -8 9 10 -11 12 13 14 15 16 -17 18 19 -20 21 -22 -23 24 -25 -26 27 28 29 -30 31 32 33 -34 35 -36 -37 38 39 -40 41 -42 -43 -44 45 46 -47 -48 -49 50 0
uf50-0599 115355 1 -2 3 4 5 -6 7 -8 9 10 -11 12 13 14 15 16 -17 18 19 -20 21 -22 -23 24 -25 -26 27 28 29 -30 31 32 33 -34 35 -36 -37 38 39 -40 41 -42 -43 -44 45 46 -47 -48 -49 50 0
uf50-0599 112340 1 -2 3 -4 5 -6 7 -8 9 10 -11 12 13 14 15 16 -17 18 19 -20 21 -22 -23 24 -25 -26 27 28 29 -30 31 32 33 -34 35 -36 -37 38 39 -40 41 -42 -43 -44 45 46 -47 -48 -49 50 0
uf50-0599 115355 1 -2 3 4 5 -6 7 -8 9 10 -11 12 13 14 15 16 -17 18 19 -20 21 -22 -23 24 -25 -26 27 28 29 -30 31 32 33 -34 35 -36 -37 38 39 -40 41 -42 -43 -44 45 46 -47 -48 -49 50 0
uf50-0599 115355 1 -2 3 4 5 -6 7 -8 9 10 -11 12 13 14 15 16 -17 18 19 -20 21 -22 -23 24 -25 -26 27 28 29 -30 31 32 33 -34 35 -36 -37 38 39 -40 41 -42 -43 -44 45 46 -47 -48 -49 50 0
uf50-0599 115355 1 -2 3 4 5 -6 7 -8 9 10 -11 12 13 14 15 16 -17 18 19 -20 21 -22 -23 24 -25 -26 27 28 29 -30 31 32 33 -34 35 -36 -37 38 39 -40 41 -42 -43 -44 45 46 -47 -48 -49 50 0
uf50-0599 115355 1 -2 3 4 5 -6 7 -8 9 10 -11 12 13 14 15 16 -17 18 19 -20 21 -22 -23 24 -25 -26 27 28 29 -30 31 32 33 -34 35 -36 -37 38 39 -40 41 -42 -43 -44 45 46 -47 -48 -49 50 0
uf50-0599 115355 1 -2 3 4 5 -6 7 -8 9 10 -11 12 13 14 15 16 -17 18 19 -20 21 -22 -23 24 -25 -26 27 28 29 -30 31 32 33 -34 35 -36 -37 38 39 -40 41 -42 -43 -44 45 46 -47 -48 -49 50 0
uf50-0599 115355 1 -2 3 4 5 -6 7 -8 9 10 -11 12 13 14 15 16 -17 18 19 -20 21 -22 -23 24 -25 -26 27 28 29 -30 31 32 33 -34 35 -36 -37 38 39 -40 41 -42 -43 -44 45 46 -47 -48 -49 50 0
uf50-0599 115355 1 -2 3 4 5 -6 7 -8 9 10 -11 12 13 14 15 16 -17 18 19 -20 21 -22 -23 24 -25 -26 27 28 29 -30 31 32 33 -34 35 -36 -37 38 39 -40 41 -42 -43 -44 45 46 -47 -48 -49 50 0
uf50-0599 115355 1 -2 3 4 5 -6 7 -8 9 10 -11 12 13 14 15 16 -17 18 19 -20 21 -22 -23 24 -25 -26 27 28 29 -30 31 32 33 -34 35 -36 -37 38 39 -40 41 -42 -43 -44 45 46 -47 -48 -49 50 0
uf50-0599 111358 1 -2 3 4 5 -6 7 -8 9 10 11 -12 13 14 15 16 -17 18 19 -20 21 -22 -23 24 -25 -26 -27 28 29 -30 31 32 33 -34 35 -36 -37 38 39 -40 41 -42 -43 -44 45 46 -47 -48 -49 50 0
uf50-0599 115355 1 -2 3 4 5 -6 7 -8 9 10 -11 12 13 14 15 16 -17 18 19 -20 21 -22 -23 24 -25 -26 27 28 29 -30 31 32 33 -34 35 -36 -37 38 39 -40 41 -42 -43 -44 45 46 -47 -48 -49 50 0
uf50-0599 115355 1 -2 3 4 5 -6 7 -8 9 10 -11 12 13 14 15 16 -17 18 19 -20 21 -22 -23 24 -25 -26 27 28 29 -30 31 32 33 -34 35 -36 -37 38 39 -40 41 -42 -43 -44 45 46 -47 -48 -49 50 0
uf50-0599 112340 1 -2 3 -4 5 -6 7 -8 9 10 -11 12 13 14 15 16 -17 18 19 -20 21 -22 -23 24 -25 -26 27 28 29 -30 31 32 33 -34 35 -36 -37 38 39 -40 41 -42 -43 -44 45 46 -47 -48 -49 50 0
uf50-0599 115355 1 -2 3 4 5 -6 7 -8 9 10 -11 12 13 14 15 16 -17 18 19 -20 21 -22 -23 24 -25 -26 27 28 29 -30 31 32 33 -34 35 -36 -37 38 39 -40 41 -42 -43 -44 45 46 -47 -48 -49 50 0
uf50-0599 115355 1 -2 3 4 5 -6 7 -8 9 10 -11 12 13 14 15 16 -17 18 19 -20 21 -22 -23 24 -25 -26 27 28 29 -30 31 32 33 -34 35 -36 -37 38 39 -40 41 -42 -43 -44 45 46 -47 -48 -49 50 0
uf50-0599 113462 1 -2 3 4 5 -6 7 -8 9 10 11 12 13 14 15 16 -17 18 19 -20 21 -22 -23 24 -25 -26 -27 28 29 -30 31 32 33 -34 35 -36 -37 38 39 -40 41 -42 -43 -44 45 46 -47 -48 -49 50 0
uf50-0599 115355 1 -2 3 4 5 -6 7 -8 9 10 -11 12 13 14 15 16 -17 18 19 -20 21 -22 -23 24 -25 -26 27 28 29 -30 31 32 33 -34 35 -36 -37 38 39 -40 41 -42 -43 -44 45 46 -47 -48 -49 50 0
uf50-0599 115355 1 -2 3 4 5 -6 7 -8 9 10 -11 12 13 14 15 16 -17 18 19 -20 21 -22 -23 24 -25 -26 27 28 29 -30 31 32 33 -34 35 -36 -37 38 39 -40 41 -42 -43 -44 45 46 -47 -48 -49 50 0
uf50-0599 115355 1 -2 3 4 5 -6 7 -8 9 10 -11 12 13 14 15 16 -17 18 19 -20 21 -22 -23 24 -25 -26 27 28 29 -30 31 32 33 -34 35 -36 -37 38 39 -40 41 -42 -43 -44 45 46 -47 -48 -49 50 0
uf50-0599 115355 1 -2 3 4 5 -6 7 -8 9 10 -11 12 13 14 15 16 -17 18 19 -20 21 -22 -23 24 -25 -26 27 28 29 -30 31 32 33 -34 35 -36 -37 38 39 -40 41 -42 -43 -44 45 46 -47 -48 -49 50 0
uf50-0599 115355 1 -2 3 4 5 -6 7 -8 9 10 -11 12 13 14 15 16 -17 18 19 -20 21 -22 -23 24 -25 -26 27 28 29 -30 31 32 33 -34 35 -36 -37 38 39 -40 41 -42 -43 -44 45 46 -47 -48 -49 50 0
uf50-0599 115355 1 -2 3 4 5 -6 7 -8 9 10 -11 12 13 14 15 16 -17 18 19 -20 21 -22 -23 24 -25 -26 27 28 29 -30 31 32 33 -34 35 -36 -37 38 39 -40 41 -42 -43 -44 45 46 -47 -48 -49 50 0
uf50-0599 115355 1 -2 3 4 5 -6 7 -8 9 10 -11 12 13 14 15 16 -17 18 19 -20 21 -22 -23 24 -25 -26 27 28 29 -30 31 32 33 -34 35 -36 -37 38 39 -40 41 -42 -43 -44 45 46 -47 -48 -49 50 0
uf50-0599 115355 1 -2 3 4 5 -6 7 -8 9 10 -11 12 13 14 15 16 -17 18 19 -20 21 -22 -23 24 -25 -26 27 28 29 -30 31 32 33 -34 35 -36 -37 38 39 -40 41 -42 -43 -44 45 46 -47 -48 -49 50 0
uf50-0599 115355 1 -2 3 4 5 -6 7 -8 9 10 -11 12 13 14 15 16 -17 18 19 -20 21 -22 -23 24 -25 -26 27 28 29 -30 31 32 33 -34 35 -36 -37 38 39 -40 41 -42 -43 -44 45 46 -47 -48 -49 50 0
uf50-0599 115355 1 -2 3 4 5 -6 7 -8 9 10 -11 12 13 14 15 16 -17 18 19 -20 21 -22 -23 24 -25 -26 27 28 29 -30 31 32 33 -34 35 -36 -37 38 39 -40 41 -42 -43 -44 45 46 -47 -48 -49 50 0
uf50-0599 115355 1 -2 3 4 5 -6 7 -8 9 10 -11 12 13 14 15 16 -17 18 19 -20 21 -22 -23 24 -25 -26 27 28 29 -30 31 32 33 -34 35 -36 -37 38 39 -40 41 -42 -43 -44 45 46 -47 -48 -49 50 0
uf50-0599 101750 1 -2 3 4 5 -6 7 -8 9 10 -11 12 13 -14 -15 16 -17 18 -19 20 21 -22 -23 -24 -25 -26 27 28 29 30 -31 -32 33 34 35 -36 37 38 39 -40 -41 -42 43 44 45 46 -47 -48 49 50 0
uf50-0599 115355 1 -2 3 4 5 -6 7 -8 9 10 -11 12 13 14 15 16 -17 18 19 -20 21 -22 -23 24 -25 -26 27 28 29 -30 31 32 33 -34 35 -36 -37 38 39 -40 41 -42 -43 -44 45 46 -47 -48 -49 50 0
uf50-0599 115355 1 -2 3 4 5 -6 7 -8 9 10 -11 12 13 14 15 16 -17 18 19 -20 21 -22 -23 24 -25 -26 27 28 29 -30 31 32 33 -34 35 -36 -37 38 39 -40 41 -42 -43 -44 45 46 -47 -48 -49 50 0
uf50-0599 115355 1 -2 3 4 5 -6 7 -8 9 10 -11 12 13 14 15 16 -17 18 19 -20 21 -22 -23 24 -25 -26 27 28 29 -30 31 32 33 -34 35 -36 -37 38 39 -40 41 -42 -43 -44 45 46 -47 -48 -49 50 0
uf50-0599 115355 1 -2 3 4 5 -6 7 -8 9 10 -11 12 13 14 15 16 -17 18 19 -20 21 -22 -23 24 -25 -26 27 28 29 -30 31 32 33 -34 35 -36 -37 38 39 -40 41 -42 -43 -44 45 46 -47 -48 -49 50 0
uf50-0599 115355 1 -2 3 4 5 -6 7 -8 9 10 -11 12 13 14 15 16 -17 18 19 -20 21 -22 -23 24 -25 -26 27 28 29 -30 31 32 33 -34 35 -36 -37 38 39 -40 41 -42 -43 -44 45 46 -47 -48 -49 50 0
uf50-0599 115355 1 -2 3 4 5 -6 7 -8 9 10 -11 12 13 14 15 16 -17 18 19 -20 21 -22 -23 24 -25 -26 27 28 29 -30 31 32 33 -34 35 -36 -37 38 39 -40 41 -42 -43 -44 45 46 -47 -48 -49 50 0
uf50-0599 115355 1 -2 3 4 5 -6 7 -8 9 10 -11 12 13 14 15 16 -17 18 19 -20 21 -22 -23 24 -25 -26 27 28 29 -30 31 32 33 -34 35 -36 -37 38 39 -40 41 -42 -43 -44 45 46 -47 -48 -49 50 0
uf50-0599 115355 1 -2 3 4 5 -6 7 -8 9 10 -11 12 13 14 15 16 -17 18 19 -20 21 -22 -23 24 -25 -26 27 28 29 -30 31 32 33 -34 35 -36 -37 38 39 -40 41 -42 -43 -44 45 46 -47 -48 -49 50 0
uf50-0599 115355 1 -2 3 4 5 -6 7 -8 9 10 -11 12 13 14 15 16 -17 18 19 -20 21 -22 -23 24 -25 -26 27 28 29 -30 31 32 33 -34 35 -36 -37 38 39 -40 41 -42 -43 -44 45 46 -47 -48 -49 50 0
uf50-0599 115355 1 -2 3 4 5 -6 7 -8 9 10 -11 12 13 14 15 16 -17 18 19 -20 21 -22 -23 24 -25 -26 27 28 29 -30 31 32 33 -34 35 -36 -37 38 39 -40 41 -42 -43 -44 45 46 -47 -48 -49 50 0
uf50-0599 115355 1 -2 3 4 5 -6 7 -8 9 10 -11 12 13 14 15 16 -17 18 19 -20 21 -22 -23 24 -25 -26 27 28 29 -30 31 32 33 -34 35 -36 -37 38 39 -40 41 -42 -43 -44 45 46 -47 -48 -49 50 0
uf50-0599 115355 1 -2 3 4 5 -6 7 -8 9 10 -11 12 13 14 15 16 -17 18 19 -20 21 -22 -23 24 -25 -26 27 28 29 -30 31 32 33 -34 35 -36 -37 38 39 -40 41 -42 -43 -44 45 46 -47 -48 -49 50 0
uf50-0599 115355 1 -2 3 4 5 -6 7 -8 9 10 -11 12 13 14 15 16 -17 18 19 -20 21 -22 -23 24 -25 -26 27 28 29 -30 31 32 33 -34 35 -36 -37 38 39 -40 41 -42 -43 -44 45 46 -47 -48 -49 50 0
uf50-0599 113462 1 -2 3 4 5 -6 7 -8 9 10 11 12 13 14 15 16 -17 18 19 -20 21 -22 -23 24 -25 -26 -27 28 29 -30 31 32 33 -34 35 -36 -37 38 39 -40 41 -42 -43 -44 45 46 -47 -48 -49 50 0
uf50-0599 107431 -1 -2 3 4 5 -6 7 -8 9 10 -11 -12 13 14 15 16 -17 18 19 -20 21 -22 -23 24 -25 -26 -27 28 29 -30 31 32 33 -34 35 -36 -37 38 39 -40 41 -42 -43 -44 45 46 -47 -48 -49 50 0
uf50-0599 115355 1 -2 3 4 5 -6 7 -8 9 10 -11 12 13 14 15 16 -17 18 19 -20 21 -22 -23 24 -25 -26 27 28 29 -30 31 32 33 -34 35 -36 -37 38 39 -40 41 -42 -43 -44 45 46 -47 -48 -49 50 0
uf50-0599 115355 1 -2 3 4 5 -6 7 -8 9 10 -11 12 13 14 15 16 -17 18 19 -20 21 -22 -23 24 -25 -26 27 28 29 -30 31 32 33 -34 35 -36 -37 38 39 -40 41 -42 -43 -44 45 46 -47 -48 -49 50 0
uf50-0599 115355 1 -2 3 4 5 -6 7 -8 9 10 -11 12 13 14 15 16 -17 18 19 -20 21 -22 -23 24 -25 -26 27 28 29 -30 31 32 33 -34 35 -36 -37 38 39 -40 41 -42 -43 -44 45 46 -47 -48 -49 50 0
uf50-0599 115355 1 -2 3 4 5 -6 7 -8 9 10 -11 12 13 14 15 16 -17 18 19 -20 21 -22 -23 24 -25 -26 27 28 29 -30 31 32 33 -34 35 -36 -37 38 39 -40 41 -42 -43 -44 45 46 -47 -48 -49 50 0
uf50-0599 115355 1 -2 3 4 5 -6 7 -8 9 10 -11 12 13 14 15 16 -17 18 19 -20 21 -22 -23 24 -25 -26 27 28 29 -30 31 32 33 -34 35 -36 -37 38 39 -40 41 -42 -43 -44 45 46 -47 -48 -49 50 0
uf50-0599 115355 1 -2 3 4 5 -6 7 -8 9 10 -11 12 13 14 15 16 -17 18 19 -20 21 -22 -23 24 -25 -26 27 28 29 -30 31 32 33 -34 35 -36 -37 38 39 -40 41 -42 -43 -44 45 46 -47 -48 -49 50 0
uf50-0599 115355 1 -2 3 4 5 -6 7 -8 9 10 -11 12 13 14 15 16 -17 18 19 -20 21 -22 -23 24 -25 -26 27 28 29 -30 31 32 33 -34 35 -36 -37 38 39 -40 41 -42 -43 -44 45 46 -47 -48 -49 50 0
uf50-0599 115355 1 -2 3 4 5 -6 7 -8 9 10 -11 12 13 14 15 16 -17 18 19 -20 21 -22 -23 24 -25 -26 27 28 29 -30 31 32 33 -34 35 -36 -37 38 39 -40 41 -42 -43 -44 45 46 -47 -48 -49 50 0
uf50-0599 115355 1 -2 3 4 5 -6 7 -8 9 10 -11 12 13 14 15 16 -17 18 19 -20 21 -22 -23 24 -25 -26 27 28 29 -30 31 32 33 -34 35 -36 -37 38 39 -40 41 -42 -43 -44 45 46 -47 -48 -49 50 0
uf50-0599 109395 1 -2 3 4 5 -6 7 -8 9 10 11 12 13 14 15 16 -17 18 19 -20 21 -22 -23 24 -25 -26 -27 28 29 -30 31 32 -33 -34 35 -36 -37 38 39 -40 41 -42 -43 -44 45 46 -47 -48 -49 50 0
uf50-0599 115355 1 -2 3 4 5 -6 7 -8 9 10 -11 12 13 14 15 16 -17 18 19 -20 21 -22 -23 24 -25 -26 27 28 29 -30 31 32 33 -34 35 -36 -37 38 39 -40 41 -42 -43 -44 45 46 -47 -48 -49 50 0
uf50-0599 115355 1 -2 3 4 5 -6 7 -8 9 10 -11 12 13 14 15 16 -17 18 19 -20 21 -22 -23 24 -25 -26 27 28 29 -30 31 32 33 -34 35 -36 -37 38 39 -40 41 -42 -43 -44 45 46 -47 -48 -49 50 0
uf50-0599 115355 1 -2 3 4 5 -6 7 -8 9 10 -11 12 13 14 15 16 -17 18 19 -20 21 -22 -23 24 -25 -26 27 28 29 -30 31 32 33 -34 35 -36 -37 38 39 -40 41 -42 -43 -44 45 46 -47 -48 -49 50 0
uf50-0599 100978 1 -2 3 4 5 -6 7 -8 9 10 -11 12 13 -14 -15 16 -17 18 -19 20 21 -22 -23 -24 -25 -26 27 28 29 -30 -31 -32 33 34 35 -36 -37 38 39 -40 -41 -42 43 44 45 46 -47 -48 49 50 0
uf50-0599 108764 1 -2 3 4 5 -6 7 -8 9 10 -11 12 13 14 15 16 -17 18 19 -20 21 -22 -23 24 -25 -26 -27 28 29 -30 31 32 33 -34 35 -36 -37 38 39 -40 41 -42 -43 -44 45 46 -47 -48 -49 -50 0
uf50-0599 101750 1 -2 3 4 5 -6 7 -8 9 10 -11 12 13 -14 -15 16 -17 18 -19 20 21 -22 -23 -24 -25 -26 27 28 29 30 -31 -32 33 34 35 -36 37 38 39 -40 -41 -42 43 44 45 46 -47 -48 49 50 0
uf50-0599 115355 1 -2 3 4 5 -6 7 -8 9 10 -11 12 13 14 15 16 -17 18 19 -20 21 -22 -23 24 -25 -26 27 28 29 -30 31 32 33 -34 35 -36 -37 38 39 -40 41 -42 -43 -44 45 46 -47 -48 -49 50 0
uf50-0599 115355 1 -2 3 4 5 -6 7 -8 9 10 -11 12 13 14 15 16 -17 18 19 -20 21 -22 -23 24 -25 -26 27 28 29 -30 31 32 33 -34 35 -36 -37 38 39 -40 41 -42 -43 -44 45 46 -47 -48 -49 50 0
uf50-0599 115355 1 -2 3 4 5 -6 7 -8 9 10 -11 12 13 14 15 16 -17 18 19 -20 21 -22 -23 24 -25 -26 27 28 29 -30 31 32 33 -34 35 -36 -37 38 39 -40 41 -42 -43 -44 45 46 -47 -48 -49 50 0
uf50-0599 115355 1 -2 3 4 5 -6 7 -8 9 10 -11 12 13 14 15 16 -17 18 19 -20 21 -22 -23 24 -25 -26 27 28 29 -30 31 32 33 -34 35 -36 -37 38 39 -40 41 -42 -43 -44 45 46 -47 -48 -49 50 0
uf50-0599 115355 1 -2 3 4 5 -6 7 -8 9 10 -11 12 13 14 15 16 -17 18 19 -20 21 -22 -23 24 -25 -26 27 28 29 -30 31 32 33 -34 35 -36 -37 38 39 -40 41 -42 -43 -44 45 46 -47 -48 -49 50 0
uf50-0599 115355 1 -2 3 4 5 -6 7 -8 9 10 -11 12 13 14 15 16 -17 18 19 -20 21 -22 -23 24 -25 -26 27 28 29 -30 31 32 33 -34 35 -36 -37 38 39 -40 41 -42 -43 -44 45 46 -47 -48 -49 50 0
uf50-0599 115355 1 -2 3 4 5 -6 7 -8 9 10 -11 12 13 14 15 16 -17 18 19 -20 21 -22 -23 24 -25 -26 27 28 29 -30 31 32 33 -34 35 -36 -37 38 39 -40 41 -42 -43 -44 45 46 -47 -48 -49 50 0
uf50-0599 109675 1 -2 3 4 5 -6 7 -8 9 10 -11 -12 13 14 15 16 -17 18 19 -20 21 -22 -23 24 -25 -26 27 28 29 -30 31 32 33 -34 35 -36 -37 38 39 -40 41 -42 -43 -44 45 46 -47 -48 -49 -50 0
uf50-0599 101750 1 -2 3 4 5 -6 7 -8 9 10 -11 12 13 -14 -15 16 -17 18 -19 20 21 -22 -23 -24 -25 -26 27 28 29 30 -31 -32 33 34 35 -36 37 38 39 -40 -41 -42 43 44 45 46 -47 -48 49 50 0
uf50-0599 101750 1 -2 3 4 5 -6 7 -8 9 10 -11 12 13 -14 -15 16 -17 18 -19 20 21 -22 -23 -24 -25 -26 27 28 29 30 -31 -32 33 34 35 -36 37 38 39 -40 -41 -42 43 44 45 46 -47 -48 49 50 0
uf50-0599 115355 1 -2 3 4 5 -6 7 -8 9 10 -11 12 13 14 15 16 -17 18 19 -20 21 -22 -23 24 -25 -26 27 28 29 -30 31 32 33 -34 35 -36 -37 38 39 -40 41 -42 -43 -44 45 46 -47 -48 -49 50 0
uf50-0599 115355 1 -2 3 4 5 -6 7 -8 9 10 -11 12 13 14 15 16 -17 18 19 -20 21 -22 -23 24 -25 -26 27 28 29 -30 31 32 33 -34 35 -36 -37 38 39 -40 41 -42 -43 -44 45 46 -47 -48 -49 50 0
uf50-0599 115355 1 -2 3 4 5 -6 7 -8 9 10 -11 12 13 14 15 16 -17 18 19 -20 21 -22 -23 24 -25 -26 27 28 29 -30 31 32 33 -34 35 -36 -37 38 39 -40 41 -42 -43 -44 45 46 -47 -48 -49 50 0
uf50-0599 113251 1 -2 3 4 5 -6 7 -8 9 10 -11 -12 13 14 15 16 -17 18 19 -20 21 -22 -23 24 -25 -26 27 28 29 -30 31 32 33 -34 35 -36 -37 38 39 -40 41 -42 -43 -44 45 46 -47 -48 -49 50 0
uf50-0599 115355 1 -2 3 4 5 -6 7 -8 9 10 -11 12 13 14 15 16 -17 18 19 -20 21 -22 -23 24 -25 -26 27 28 29 -30 31 32 33 -34 35 -36 -37 38 39 -40 41 -42 -43 -44 45 46 -47 -48 -49 50 0
uf50-0599 115355 1 -2 3 4 5 -6 7 -8 9 10 -11 12 13 14 15 16 -17 18 19 -20 21 -22 -23 24 -25 -26 27 28 29 -30 31 32 33 -34 35 -36 -37 38 39 -40 41 -42 -43 -44 45 46 -47 -48 -49 50 0
uf50-0599 112340 1 -2 3 -4 5 -6 7 -8 9 10 -11 12 13 14 15 16 -17 18 19 -20 21 -22 -23 24 -25 -26 27 28 29 -30 31 32 33 -34 35 -36 -37 38 39 -40 41 -42 -43 -44 45 46 -47 -48 -49 50 0
uf50-0599 115355 1 -2 3 4 5 -6 7 -8 9 10 -11 12 13 14 15 16 -17 18 19 -20 21 -22 -23 24 -25 -26 27 28 29 -30 31 32 33 -34 35 -36 -37 38 39 -40 41 -42 -43 -44 45 46 -47 -48 -49 50 0
uf50-0599 115355 1 -2 3 4 5 -6 7 -8 9 10 -11 12 13 14 15 16 -17 18 19 -20 21 -22 -23 24 -25 -26 27 28 29 -30 31 32 33 -34 35 -36 -37 38 39 -40 41 -42 -43 -44 45 46 -47 -48 -49 50 0
