uf50-0242 119794 1 -2 3 4 -5 -6 7 -8 9 -10 11 -12 -13 14 15 -16 17 18 19 20 21 22 23 24 -25 26 27 28 -29 -30 31 -32 33 34 35 36 -37 38 -39 -40 -41 42 43 44 45 46 47 -48 -49 50 0
uf50-0242 117348 1 -2 3 4 -5 -6 7 -8 -9 -10 11 -12 -13 14 15 -16 17 18 19 20 21 22 23 24 -25 26 27 28 -29 -30 31 -32 33 34 35 36 -37 38 -39 -40 -41 42 43 44 45 46 47 -48 -49 50 0
uf50-0242 117505 1 -2 3 4 -5 -6 7 -8 9 -10 -11 -12 -13 14 15 -16 17 18 19 20 21 22 23 24 -25 26 27 28 -29 -30 31 -32 33 34 35 36 -37 38 -39 -40 -41 42 43 44 45 46 47 -48 -49 50 0
uf50-0242 119794 1 -2 3 4 -5 -6 7 -8 9 -10 11 -12 -13 14 15 -16 17 18 19 20 21 22 23 24 -25 26 27 28 -29 -30 31 -32 33 34 35 36 -37 38 -39 -40 -41 42 43 44 45 46 47 -48 -49 50 0
uf50-0242 119794 1 -2 3 4 -5 -6 7 -8 9 -10 11 -12 -13 14 15 -16 17 18 19 20 21 22 23 24 -25 26 27 28 -29 -30 31 -32 33 34 35 36 -37 38 -39 -40 -41 42 43 44 45 46 47 -48 -49 50 0
uf50-0242 116853 1 -2 3 4 -5 -6 7 -8 9 -10 11 -12 -13 14 15 -16 17 18 19 20 21 22 23 24 -25 -26 27 28 -29 -30 31 -32 33 34 35 36 -37 38 39 -40 -41 42 43 44 45 46 47 -48 -49 50 0
uf50-0242 115442 1 -2 3 4 -5 -6 7 -8 9 -10 11 -12 -13 14 15 -16 17 18 19 20 21 22 23 -24 -25 26 27 28 -29 -30 31 -32 33 34 35 36 -37 38 -39 -40 -41 -42 43 44 45 46 47 -48 -49 50 0
uf50-0242 117505 1 -2 3 4 -5 -6 7 -8 9 -10 -11 -12 -13 14 15 -16 17 18 19 20 21 22 23 24 -25 26 27 28 -29 -30 31 -32 33 34 35 36 -37 38 -39 -40 -41 42 43 44 45 46 47 -48 -49 50 0
uf50-0242 115151 1 -2 3 4 -5 -6 7 -8 9 -10 -11 -12 -13 14 15 -16 17 18 19 20 21 22 23 -24 -25 26 27 28 -29 -30 31 -32 33 34 35 36 -37 38 -39 -40 -41 42 43 44 45 46 47 -48 -49 50 0
uf50-0242 119794 1 -2 3 4 -5 -6 7 -8 9 -10 11 -12 -13 14 15 -16 17 18 19 20 21 22 23 24 -25 26 27 28 -29 -30 31 -32 33 34 35 36 -37 38 -39 -40 -41 42 43 44 45 46 47 -48 -49 50 0
uf50-0242 117796 1 -2 3 4 -5 -6 7 -8 9 -10 11 -12 -13 14 15 -16 17 18 19 20 21 22 23 24 -25 26 27 28 -29 -30 31 -32 33 34 35 36 -37 38 -39 -40 -41 -42 43 44 45 46 47 -48 -49 50 0
uf50-0242 119794 1 -2 3 4 -5 -6 7 -8 9 -10 11 -12 -13 14 15 -16 17 18 19 20 21 22 23 24 -25 26 27 28 -29 -30 31 -32 33 34 35 36 -37 38 -39 -40 -41 42 43 44 45 46 47 -48 -49 50 0
uf50-0242 117348 1 -2 3 4 -5 -6 7 -8 -9 -10 11 -12 -13 14 15 -16 17 18 19 20 21 22 23 24 -25 26 27 28 -29 -30 31 -32 33 34 35 36 -37 38 -39 -40 -41 42 43 44 45 46 47 -48 -49 50 0
uf50-0242 112018 1 -2 3 4 -5 -6 -7 -8 -9 -10 -11 -12 -13 14 15 16 17 18 19 20 21 22 23 24 -25 -26 27 28 -29 -30 31 -32 33 34 35 36 -37 38 39 -40 -41 42 43 44 45 46 47 -48 -49 50 0
uf50-0242 116853 1 -2 3 4 -5 -6 7 -8 9 -10 11 -12 -13 14 15 -16 17 18 19 20 21 22 23 24 -25 -26 27 28 -29 -30 31 -32 33 34 35 36 -37 38 39 -40 -41 42 43 44 45 46 47 -48 -49 50 0
uf50-0242 119794 1 -2 3 4 -5 -6 7 -8 9 -10 11 -12 -13 14 15 -16 17 18 19 20 21 22 23 24 -25 26 27 28 -29 -30 31 -32 33 34 35 36 -37 38 -39 -40 -41 42 43 44 45 46 47 -48 -49 50 0
uf50-0242 116853 1 -2 3 4 -5 -6 7 -8 9 -10 11 -12 -13 14 15 -16 17 18 19 20 21 22 23 24 -25 -26 27 28 -29 -30 31 -32 33 34 35 36 -37 38 39 -40 -41 42 43 44 45 46 47 -48 -49 50 0
uf50-0242 117796 1 -2 3 4 -5 -6 7 -8 9 -10 11 -12 -13 14 15 -16 17 18 19 20 21 22 23 24 -25 26 27 28 -29 -30 31 -32 33 34 35 36 -37 38 -39 -40 -41 -42 43 44 45 46 47 -48 -49 50 0
uf50-0242 114115 1 -2 3 4 -5 -6 7 -8 9 -10 11 -12 -13 14 15 -16 17 18 19 20 21 -22 23 -24 -25 26 27 28 -29 -30 31 -32 33 34 35 36 -37 38 -39 -40 -41 42 43 44 45 46 47 -48 -49 50 0
uf50-0242 117796 1 -2 3 4 -5 -6 7 -8 9 -10 11 -12 -13 14 15 -16 17 18 19 20 21 22 23 24 -25 26 27 28 -29 -30 31 -32 33 34 35 36 -37 38 -39 -40 -41 -42 43 44 45 46 47 -48 -49 50 0
uf50-0242 119794 1 -2 3 4 -5 -6 7 -8 9 -10 11 -12 -13 14 15 -16 17 18 19 20 21 22 23 24 -25 26 27 28 -29 -30 31 -32 33 34 35 36 -37 38 -39 -40 -41 42 43 44 45 46 47 -48 -49 50 0
uf50-0242 115059 1 -2 3 4 -5 -6 7 -8 -9 -10 -11 -12 -13 14 15 -16 17 18 19 20 21 22 23 24 -25 26 27 28 -29 -30 31 -32 33 34 35 36 -37 38 -39 -40 -41 42 43 44 45 46 47 -48 -49 50 0
uf50-0242 119794 1 -2 3 4 -5 -6 7 -8 9 -10 11 -12 -13 14 15 -16 17 18 19 20 21 22 23 24 -25 26 27 28 -29 -30 31 -32 33 34 35 36 -37 38 -39 -40 -41 42 43 44 45 46 47 -48 -49 50 0
uf50-0242 115350 1 -2 3 4 -5 -6 7 -8 -9 -10 11 -12 -13 14 15 -16 17 18 19 20 21 22 23 24 -25 26 27 28 -29 -30 31 -32 33 34 35 36 -37 38 -39 -40 -41 -42 43 44 45 46 47 -48 -49 50 0
uf50-0242 114855 1 2 3 4 -5 -6 -7 -8 -9 -10 -11 -12 -13 14 15 16 17 18 19 20 21 22 23 24 -25 26 27 28 -29 -30 -31 -32 33 34 35 36 -37 38 39 -40 -41 42 43 44 45 46 47 -48 -49 50 0
uf50-0242 119794 1 -2 3 4 -5 -6 7 -8 9 -10 11 -12 -13 14 15 -16 17 18 19 20 21 22 23 24 -25 26 27 28 -29 -30 31 -32 33 34 35 36 -37 38 -39 -40 -41 42 43 44 45 46 47 -48 -49 50 0
uf50-0242 117796 1 -2 3 4 -5 -6 7 -8 9 -10 11 -12 -13 14 15 -16 17 18 19 20 21 22 23 24 -25 26 27 28 -29 -30 31 -32 33 34 35 36 -37 38 -39 -40 -41 -42 43 44 45 46 47 -48 -49 50 0
uf50-0242 115059 1 -2 3 4 -5 -6 7 -8 -9 -10 -11 -12 -13 14 15 -16 17 18 19 20 21 22 23 24 -25 26 27 28 -29 -30 31 -32 33 34 35 36 -37 38 -39 -40 -41 42 43 44 45 46 47 -48 -49 50 0
uf50-0242 117440 1 -2 3 4 -5 -6 7 -8 9 -10 11 -12 -13 14 15 -16 17 18 19 20 21 22 23 -24 -25 26 27 28 -29 -30 31 -32 33 34 35 36 -37 38 -39 -40 -41 42 43 44 45 46 47 -48 -49 50 0
uf50-0242 117405 1 -2 3 4 -5 -6 -7 -8 9 -10 -11 -12 -13 14 15 16 17 18 19 20 21 22 23 24 -25 26 27 28 -29 -30 31 -32 33 34 35 36 -37 38 -39 -40 -41 42 43 44 45 46 47 -48 -49 50 0
uf50-0242 119794 1 -2 3 4 -5 -6 7 -8 9 -10 11 -12 -13 14 15 -16 17 18 19 20 21 22 23 24 -25 26 27 28 -29 -30 31 -32 33 34 35 36 -37 38 -39 -40 -41 42 43 44 45 46 47 -48 -49 50 0
uf50-0242 117796 1 -2 3 4 -5 -6 7 -8 9 -10 11 -12 -13 14 15 -16 17 18 19 20 21 22 23 24 -25 26 27 28 -29 -30 31 -32 33 34 35 36 -37 38 -39 -40 -41 -42 43 44 45 46 47 -48 -49 50 0
uf50-0242 117796 1 -2 3 4 -5 -6 7 -8 9 -10 11 -12 -13 14 15 -16 17 18 19 20 21 22 23 24 -25 26 27 28 -29 -30 31 -32 33 34 35 36 -37 38 -39 -40 -41 -42 43 44 45 46 47 -48 -49 50 0
uf50-0242 117505 1 -2 3 4 -5 -6 7 -8 9 -10 -11 -12 -13 14 15 -16 17 18 19 20 21 22 23 24 -25 26 27 28 -29 -30 31 -32 33 34 35 36 -37 38 -39 -40 -41 42 43 44 45 46 47 -48 -49 50 0
uf50-0242 117348 1 -2 3 4 -5 -6 7 -8 -9 -10 11 -12 -13 14 15 -16 17 18 19 20 21 22 23 24 -25 26 27 28 -29 -30 31 -32 33 34 35 36 -37 38 -39 -40 -41 42 43 44 45 46 47 -48 -49 50 0
uf50-0242 115063 1 -2 3 4 -5 -6 7 -8 -9 -10 11 -12 -13 14 15 -16 17 18 19 20 21 22 23 24 -25 26 27 28 -29 30 31 -32 33 34 35 36 -37 38 -39 -40 -41 42 43 44 45 46 -47 -48 -49 50 0
uf50-0242 115421 1 -2 3 4 -5 -6 7 -8 9 -10 11 -12 -13 14 15 -16 17 18 19 20 21 22 23 24 -25 -26 27 28 -29 -30 31 -32 33 34 35 36 -37 38 -39 -40 -41 42 43 44 45 46 47 -48 -49 50 0
uf50-0242 117405 1 -2 3 4 -5 -6 -7 -8 9 -10 -11 -12 -13 14 15 16 17 18 19 20 21 22 23 24 -25 26 27 28 -29 -30 31 -32 33 34 35 36 -37 38 -39 -40 -41 42 43 44 45 46 47 -48 -49 50 0
uf50-0242 116853 1 -2 3 4 -5 -6 7 -8 9 -10 11 -12 -13 14 15 -16 17 18 19 20 21 22 23 24 -25 -26 27 28 -29 -30 31 -32 33 34 35 36 -37 38 39 -40 -41 42 43 44 45 46 47 -48 -49 50 0
uf50-0242 116853 1 -2 3 4 -5 -6 7 -8 9 -10 11 -12 -13 14 15 -16 17 18 19 20 21 22 23 24 -25 -26 27 28 -29 -30 31 -32 33 34 35 36 -37 38 39 -40 -41 42 43 44 45 46 47 -48 -49 50 0
uf50-0242 117405 1 -2 3 4 -5 -6 -7 -8 9 -10 -11 -12 -13 14 15 16 17 18 19 20 21 22 23 24 -25 26 27 28 -29 -30 31 -32 33 34 35 36 -37 38 -39 -40 -41 42 43 44 45 46 47 -48 -49 50 0
uf50-0242 117796 1 -2 3 4 -5 -6 7 -8 9 -10 11 -12 -13 14 15 -16 17 18 19 20 21 22 23 24 -25 26 27 28 -29 -30 31 -32 33 34 35 36 -37 38 -39 -40 -41 -42 43 44 45 46 47 -48 -49 50 0
uf50-0242 117200 1 -2 3 4 -5 -6 7 -8 9 -10 11 -12 -13 14 15 -16 17 18 19 20 21 22 23 24 -25 26 27 28 -29 -30 31 -32 33 34 35 36 -37 38 -39 -40 -41 42 43 44 45 46 -47 -48 -49 50 0
uf50-0242 117796 1 -2 3 4 -5 -6 7 -8 9 -10 11 -12 -13 14 15 -16 17 18 19 20 21 22 23 24 -25 26 27 28 -29 -30 31 -32 33 34 35 36 -37 38 -39 -40 -41 -42 43 44 45 46 47 -48 -49 50 0
uf50-0242 114855 1 -2 3 4 -5 -6 7 -8 9 -10 11 -12 -13 14 15 -16 17 18 19 20 21 22 23 24 -25 -26 27 28 -29 -30 31 -32 33 34 35 36 -37 38 39 -40 -41 -42 43 44 45 46 47 -48 -49 50 0
uf50-0242 119794 1 -2 3 4 -5 -6 7 -8 9 -10 11 -12 -13 14 15 -16 17 18 19 20 21 22 23 24 -25 26 27 28 -29 -30 31 -32 33 34 35 36 -37 38 -39 -40 -41 42 43 44 45 46 47 -48 -49 50 0
uf50-0242 119794 1 -2 3 4 -5 -6 7 -8 9 -10 11 -12 -13 14 15 -16 17 18 19 20 21 22 23 24 -25 26 27 28 -29 -30 31 -32 33 34 35 36 -37 38 -39 -40 -41 42 43 44 45 46 47 -48 -49 50 0
uf50-0242 117796 1 -2 3 4 -5 -6 7 -8 9 -10 11 -12 -13 14 15 -16 17 18 19 20 21 22 23 24 -25 26 27 28 -29 -30 31 -32 33 34 35 36 -37 38 -39 -40 -41 -42 43 44 45 46 47 -48 -49 50 0
uf50-0242 119794 1 -2 3 4 -5 -6 7 -8 9 -10 11 -12 -13 14 15 -16 17 18 19 20 21 22 23 24 -25 26 27 28 -29 -30 31 -32 33 34 35 36 -37 38 -39 -40 -41 42 43 44 45 46 47 -48 -49 50 0
uf50-0242 117348 1 -2 3 4 -5 -6 7 -8 -9 -10 11 -12 -13 14 15 -16 17 18 19 20 21 22 23 24 -25 26 27 28 -29 -30 31 -32 33 34 35 36 -37 38 -39 -40 -41 42 43 44 45 46 47 -48 -49 50 0
