uf50-0472 216 0
uf50-0472 216 0
uf50-0472 217 0
uf50-0472 72991 1 -2 3 -4 -5 6 7 8 -9 10 -11 12 13 -14 15 -16 17 18 19 -20 -21 -22 23 -24 25 -26 -27 28 -29 -30 31 -32 -33 -34 -35 -36 37 -38 39 -40 41 42 43 -44 -45 -46 -47 48 49 50 0
uf50-0472 215 0
uf50-0472 77998 1 -2 3 -4 5 6 7 8 -9 10 -11 12 13 -14 15 -16 17 18 19 -20 -21 -22 23 -24 25 -26 -27 28 -29 -30 31 -32 -33 -34 -35 -36 37 -38 39 -40 41 42 43 -44 -45 -46 -47 48 49 -50 0
uf50-0472 215 0
uf50-0472 217 0
uf50-0472 216 0
uf50-0472 216 0
uf50-0472 217 0
uf50-0472 216 0
uf50-0472 215 0
uf50-0472 217 0
uf50-0472 102131 1 -2 -3 -4 5 6 7 8 -9 10 -11 12 -13 -14 15 -16 17 -18 -19 20 21 -22 23 -24 -25 -26 -27 28 29 -30 31 32 -33 -34 -35 -36 37 38 39 -40 41 42 -43 44 45 -46 47 48 -49 -50 0
uf50-0472 109481 1 2 -3 4 5 -6 7 8 -9 10 11 12 -13 -14 15 -16 17 18 -19 -20 21 22 23 -24 25 -26 -27 28 29 30 31 32 -33 -34 -35 -36 37 -38 -39 -40 41 42 43 44 45 46 47 -48 49 -50 0
uf50-0472 215 0
uf50-0472 217 0
uf50-0472 217 0
uf50-0472 216 0
uf50-0472 217 0
uf50-0472 216 0
uf50-0472 217 0
uf50-0472 104355 1 -2 -3 -4 5 6 7 8 -9 10 -11 12 -13 -14 15 -16 17 -18 -19 20 21 -22 23 -24 25 -26 -27 28 29 -30 31 32 -33 -34 -35 -36 37 -38 39 -40 41 42 -43 44 45 46 47 48 -49 -50 0
uf50-0472 217 0
uf50-0472 216 0
uf50-0472 216 0
uf50-0472 217 0
uf50-0472 215 0
uf50-0472 216 0
uf50-0472 216 0
uf50-0472 216 0
uf50-0472 217 0
uf50-0472 214 0
uf50-0472 216 0
uf50-0472 217 0
uf50-0472 215 0
uf50-0472 216 0
uf50-0472 217 0
uf50-0472 106631 1 2 -3 -4 5 -6 7 8 -9 10 -11 12 -13 -14 15 -16 17 -18 -19 20 21 22 23 -24 25 -26 -27 28 29 30 31 32 -33 -34 -35 -36 37 -38 39 -40 41 42 -43 44 -45 46 47 -48 -49 -50 0
uf50-0472 217 0
uf50-0472 216 0
uf50-0472 216 0
uf50-0472 216 0
uf50-0472 216 0
uf50-0472 216 0
uf50-0472 216 0
uf50-0472 216 0
uf50-0472 217 0
uf50-0472 217 0
uf50-0799 214 0
uf50-0799 216 0
uf50-0799 215 0
uf50-0799 213 0
uf50-0799 215 0
uf50-0799 215 0
uf50-0799 214 0
uf50-0799 216 0
uf50-0799 215 0
uf50-0799 213 0
uf50-0799 214 0
uf50-0799 217 0
uf50-0799 216 0
uf50-0799 213 0
uf50-0799 214 0
uf50-0799 214 0
uf50-0799 215 0
uf50-0799 216 0
uf50-0799 216 0
uf50-0799 213 0
uf50-0799 215 0
uf50-0799 216 0
uf50-0799 214 0
uf50-0799 214 0
uf50-0799 216 0
uf50-0799 215 0
uf50-0799 216 0
uf50-0799 216 0
uf50-0799 214 0
uf50-0799 215 0
uf50-0799 214 0
uf50-0799 215 0
uf50-0799 214 0
uf50-0799 215 0
uf50-0799 214 0
uf50-0799 216 0
uf50-0799 214 0
uf50-0799 213 0
uf50-0799 214 0
uf50-0799 214 0
uf50-0799 216 0
uf50-0799 213 0
uf50-0799 215 0
uf50-0799 214 0
uf50-0799 215 0
uf50-0799 216 0
uf50-0799 215 0
uf50-0799 215 0
uf50-0799 214 0
uf50-0799 216 0
uf50-0863 215 0
uf50-0863 213 0
uf50-0863 214 0
uf50-0863 215 0
uf50-0863 215 0
uf50-0863 213 0
uf50-0863 212 0
uf50-0863 214 0
uf50-0863 215 0
uf50-0863 213 0
uf50-0863 213 0
uf50-0863 215 0
uf50-0863 215 0
uf50-0863 215 0
uf50-0863 215 0
uf50-0863 215 0
uf50-0863 215 0
uf50-0863 215 0
uf50-0863 216 0
uf50-0863 214 0
uf50-0863 214 0
uf50-0863 214 0
uf50-0863 212 0
uf50-0863 217 0
uf50-0863 213 0
uf50-0863 215 0
uf50-0863 215 0
uf50-0863 214 0
uf50-0863 214 0
uf50-0863 214 0
uf50-0863 216 0
uf50-0863 212 0
uf50-0863 216 0
uf50-0863 216 0
uf50-0863 216 0
uf50-0863 213 0
uf50-0863 213 0
uf50-0863 213 0
uf50-0863 217 0
uf50-0863 214 0
uf50-0863 215 0
uf50-0863 217 0
uf50-0863 215 0
uf50-0863 214 0
uf50-0863 215 0
uf50-0863 214 0
uf50-0863 213 0
uf50-0863 214 0
uf50-0863 212 0
uf50-0863 214 0
uf50-0549 115726 1 2 3 4 -5 6 7 -8 9 -10 -11 12 13 -14 15 -16 -17 18 -19 20 21 -22 -23 -24 25 -26 -27 28 -29 -30 31 32 33 34 35 36 -37 38 -39 -40 41 42 -43 -44 45 46 47 48 49 50 0
uf50-0549 112726 1 2 3 4 5 6 7 -8 9 -10 -11 12 13 -14 15 -16 -17 18 -19 20 21 -22 -23 -24 25 -26 -27 28 -29 -30 31 32 -33 34 35 36 37 -38 -39 -40 41 42 -43 -44 45 46 -47 48 49 50 0
uf50-0549 217 0
uf50-0549 121312 -1 2 3 4 5 6 7 -8 9 10 -11 12 13 -14 15 -16 -17 18 -19 -20 21 -22 -23 -24 25 -26 -27 28 -29 -30 31 32 33 34 35 36 37 38 -39 -40 41 42 43 -44 45 46 47 -48 49 -50 0
uf50-0549 217 0
uf50-0549 216 0
uf50-0549 121037 1 2 3 4 5 6 7 -8 9 -10 -11 12 13 -14 15 -16 -17 18 -19 20 21 -22 -23 -24 25 -26 -27 28 -29 -30 31 32 33 34 35 36 37 -38 -39 -40 41 42 43 -44 45 46 -47 48 49 -50 0
uf50-0549 123337 1 2 3 4 5 6 7 -8 9 10 -11 12 13 -14 15 -16 -17 18 19 -20 21 -22 23 -24 25 -26 -27 28 -29 -30 -31 32 33 34 35 36 37 38 -39 -40 41 42 43 44 45 46 -47 -48 49 -50 0
uf50-0549 119411 1 2 3 4 -5 6 7 -8 9 -10 -11 12 -13 -14 15 -16 -17 18 19 -20 21 -22 -23 -24 25 -26 -27 28 -29 -30 31 32 33 34 35 36 37 38 -39 -40 41 42 43 44 45 46 47 -48 49 -50 0
uf50-0549 116888 1 2 3 4 5 6 7 -8 9 -10 -11 12 -13 -14 -15 -16 -17 18 -19 20 21 -22 -23 -24 25 -26 -27 28 -29 -30 31 32 33 34 35 36 37 -38 -39 -40 41 42 43 -44 45 46 -47 48 49 50 0
uf50-0549 104464 1 2 3 4 5 6 7 -8 9 10 -11 12 13 -14 15 -16 -17 18 19 -20 21 -22 -23 24 25 -26 27 28 -29 30 31 -32 -33 34 -35 36 -37 -38 -39 -40 41 42 -43 44 45 46 -47 -48 49 -50 0
uf50-0549 119058 -1 2 3 4 5 6 7 -8 9 10 -11 12 -13 -14 15 -16 -17 18 19 -20 21 -22 -23 -24 25 -26 -27 28 -29 -30 31 32 33 34 35 36 -37 38 -39 -40 41 42 43 44 45 46 47 -48 49 -50 0
uf50-0549 117284 -1 2 3 4 -5 6 7 -8 9 10 -11 12 13 -14 15 -16 -17 18 -19 -20 21 -22 -23 -24 25 -26 -27 28 -29 -30 31 32 33 34 35 36 -37 38 -39 -40 41 42 43 44 45 46 47 -48 49 -50 0
uf50-0549 121909 1 2 3 4 -5 6 7 -8 9 10 -11 12 -13 -14 15 -16 -17 18 19 -20 21 -22 -23 -24 25 -26 -27 28 -29 -30 31 32 33 34 35 36 37 38 -39 -40 41 42 43 44 45 46 47 -48 49 -50 0
uf50-0549 120828 -1 2 3 4 5 6 7 -8 9 10 -11 12 13 -14 15 -16 -17 18 19 -20 21 -22 -23 -24 25 -26 -27 28 -29 -30 31 32 33 34 35 36 -37 38 -39 -40 41 42 43 44 45 46 47 -48 49 -50 0
uf50-0549 216 0
uf50-0549 216 0
uf50-0549 217 0
uf50-0549 106778 1 2 3 4 -5 6 7 -8 -9 10 -11 12 13 -14 15 -16 -17 18 19 -20 21 -22 23 24 25 -26 -27 28 -29 -30 -31 -32 33 34 35 -36 37 38 -39 -40 41 42 43 44 45 46 -47 -48 49 -50 0
uf50-0549 217 0
uf50-0549 215 0
uf50-0549 216 0
uf50-0549 215 0
uf50-0549 116379 1 2 3 4 5 6 7 8 9 -10 -11 12 -13 -14 15 -16 -17 18 -19 20 21 -22 23 -24 25 -26 -27 28 -29 -30 -31 32 33 34 35 36 -37 -38 -39 -40 41 42 43 -44 45 46 -47 48 49 50 0
uf50-0549 217 0
uf50-0549 216 0
uf50-0549 114715 -1 2 3 4 -5 6 7 -8 9 10 -11 12 13 -14 15 -16 -17 18 -19 -20 21 -22 -23 -24 25 -26 -27 28 -29 -30 31 32 33 34 35 36 37 -38 -39 -40 41 42 43 -44 45 46 -47 -48 49 -50 0
uf50-0549 216 0
uf50-0549 217 0
uf50-0549 101966 1 2 3 4 5 6 7 -8 9 -10 -11 12 13 -14 15 -16 -17 18 19 -20 21 -22 -23 24 25 -26 27 28 -29 30 31 -32 -33 34 -35 36 -37 -38 -39 -40 41 42 -43 44 45 46 -47 -48 49 -50 0
uf50-0549 112874 1 2 3 4 5 6 7 -8 9 -10 -11 12 -13 -14 -15 -16 -17 18 -19 20 21 -22 -23 -24 25 -26 -27 28 -29 -30 31 32 33 34 35 36 -37 38 -39 -40 41 -42 43 -44 45 46 -47 48 49 50 0
uf50-0549 216 0
uf50-0549 120839 1 2 3 4 5 6 7 -8 9 10 -11 12 13 -14 15 -16 -17 18 19 -20 21 -22 23 -24 25 -26 -27 28 -29 -30 -31 32 33 34 35 36 -37 38 -39 -40 41 42 43 44 45 46 -47 -48 49 -50 0
uf50-0549 121672 1 2 3 4 5 6 7 8 9 -10 -11 12 13 -14 15 -16 -17 18 -19 -20 21 -22 -23 -24 25 -26 -27 28 -29 -30 31 32 33 34 35 36 37 38 -39 -40 41 42 43 -44 45 46 -47 -48 49 -50 0
uf50-0549 121181 1 2 3 4 -5 6 7 -8 9 10 -11 12 13 -14 15 -16 -17 18 19 -20 21 -22 -23 -24 25 -26 -27 28 -29 -30 31 32 33 34 35 36 -37 38 -39 -40 41 42 43 44 45 46 47 -48 49 -50 0
uf50-0549 216 0
uf50-0549 216 0
uf50-0549 217 0
uf50-0549 216 0
uf50-0549 118196 1 2 3 4 -5 6 7 -8 9 10 -11 12 13 -14 15 -16 -17 18 19 -20 21 -22 -23 -24 25 -26 -27 28 -29 -30 31 -32 33 34 35 36 37 38 -39 -40 41 42 43 44 45 46 -47 -48 49 -50 0
uf50-0549 119367 1 2 3 4 5 6 7 -8 9 10 -11 12 13 -14 15 -16 -17 18 19 -20 21 -22 -23 -24 25 -26 -27 28 -29 -30 31 32 33 34 -35 36 37 -38 -39 -40 41 42 43 44 45 46 -47 -48 49 -50 0
uf50-0549 116652 -1 2 3 4 -5 6 7 -8 9 10 -11 12 13 -14 15 -16 -17 18 19 -20 21 -22 -23 -24 25 -26 -27 28 -29 -30 31 32 33 34 35 36 -37 38 -39 -40 41 42 43 44 45 46 -47 -48 49 -50 0
uf50-0549 217 0
uf50-0549 119190 1 2 3 4 5 6 7 -8 9 -10 -11 12 -13 -14 15 -16 -17 18 -19 20 21 -22 -23 -24 25 -26 -27 28 -29 -30 31 32 33 34 35 36 -37 38 -39 -40 41 42 43 -44 45 46 -47 48 49 -50 0
uf50-0549 119310 1 2 3 4 5 6 7 8 9 -10 -11 12 -13 -14 15 -16 -17 18 -19 20 21 -22 -23 -24 -25 -26 -27 28 -29 -30 31 32 33 34 35 36 37 38 -39 -40 41 42 43 -44 45 46 -47 48 49 50 0
uf50-0549 217 0
uf50-0549 98594 -1 2 3 4 -5 6 7 -8 9 -10 -11 12 13 -14 15 -16 -17 18 19 -20 21 -22 23 24 25 -26 27 28 -29 30 -31 -32 33 34 -35 36 -37 -38 -39 -40 41 42 -43 44 45 46 -47 -48 49 -50 0
uf50-0549 215 0
uf50-0549 100860 -1 2 3 4 5 6 7 -8 9 10 -11 12 13 -14 15 -16 -17 18 -19 -20 21 -22 23 24 25 -26 27 -28 -29 30 -31 -32 33 34 -35 36 37 -38 -39 -40 41 42 -43 44 45 46 -47 -48 49 -50 0
uf50-0549 118224 1 2 3 4 -5 6 7 -8 9 -10 -11 12 13 -14 15 -16 -17 18 -19 20 21 -22 -23 -24 25 -26 -27 28 -29 -30 31 32 33 34 35 36 37 38 -39 -40 41 42 -43 -44 45 46 47 48 49 50 0
uf50-0242 216 0
uf50-0242 217 0
uf50-0242 216 0
uf50-0242 217 0
uf50-0242 115051 1 -2 3 4 -5 -6 -7 -8 9 -10 -11 -12 -13 14 15 16 17 18 19 20 21 22 23 -24 -25 26 27 28 -29 -30 31 -32 33 34 35 36 -37 38 -39 -40 -41 42 43 44 45 46 47 -48 -49 50 0
uf50-0242 217 0
uf50-0242 98085 -1 2 3 -4 5 -6 7 -8 -9 10 11 -12 13 14 -15 16 17 18 19 -20 -21 22 23 24 -25 26 -27 28 29 -30 31 -32 33 34 -35 36 -37 38 39 40 41 -42 43 -44 45 46 47 -48 -49 -50 0
uf50-0242 216 0
uf50-0242 217 0
uf50-0242 217 0
uf50-0242 215 0
uf50-0242 216 0
uf50-0242 215 0
uf50-0242 100643 -1 2 3 -4 5 -6 7 -8 -9 10 11 -12 13 -14 15 -16 17 18 -19 20 21 22 23 24 -25 26 -27 28 -29 -30 31 -32 -33 34 -35 36 -37 38 39 40 -41 -42 43 44 45 46 47 -48 49 -50 0
uf50-0242 215 0
uf50-0242 217 0
uf50-0242 217 0
uf50-0242 215 0
uf50-0242 216 0
uf50-0242 217 0
uf50-0242 215 0
uf50-0242 217 0
uf50-0242 217 0
uf50-0242 216 0
uf50-0242 215 0
uf50-0242 97110 -1 2 3 -4 5 -6 7 -8 -9 -10 11 -12 13 -14 15 -16 17 -18 -19 20 21 22 23 24 -25 26 -27 28 -29 -30 31 -32 -33 34 -35 36 -37 38 39 40 -41 42 43 44 45 46 47 -48 49 -50 0
uf50-0242 216 0
uf50-0242 216 0
uf50-0242 117200 1 -2 3 4 -5 -6 7 -8 9 -10 11 -12 -13 14 15 -16 17 18 19 20 21 22 23 24 -25 26 27 28 -29 -30 31 -32 33 34 35 36 -37 38 -39 -40 -41 42 43 44 45 46 -47 -48 -49 50 0
uf50-0242 216 0
uf50-0242 217 0
uf50-0242 216 0
uf50-0242 215 0
uf50-0242 217 0
uf50-0242 216 0
uf50-0242 215 0
uf50-0242 95321 -1 2 3 -4 5 -6 7 -8 -9 10 11 -12 13 -14 -15 -16 -17 18 19 20 21 22 23 24 -25 26 -27 28 29 -30 31 -32 33 34 -35 36 -37 38 39 40 41 -42 43 44 -45 46 47 -48 -49 -50 0
uf50-0242 217 0
uf50-0242 217 0
uf50-0242 214 0
uf50-0242 215 0
uf50-0242 217 0
uf50-0242 114855 1 2 3 4 -5 -6 -7 -8 -9 -10 -11 -12 -13 14 15 16 17 18 19 20 21 22 23 24 -25 26 27 28 -29 -30 -31 -32 33 34 35 36 -37 38 39 -40 -41 42 43 44 45 46 47 -48 -49 50 0
uf50-0242 217 0
uf50-0242 215 0
uf50-0242 216 0
uf50-0242 217 0
uf50-0242 217 0
uf50-0242 115350 1 -2 3 4 -5 -6 7 -8 -9 -10 11 -12 -13 14 15 -16 17 18 19 20 21 22 23 24 -25 26 27 28 -29 -30 31 -32 33 34 35 36 -37 38 -39 -40 -41 -42 43 44 45 46 47 -48 -49 50 0
uf50-0242 92249 -1 2 3 -4 5 -6 7 -8 -9 10 11 -12 13 14 -15 16 17 18 19 -20 -21 22 23 -24 -25 26 -27 28 -29 -30 31 -32 33 34 -35 36 -37 38 39 40 -41 -42 43 -44 45 46 -47 -48 -49 -50 0
uf50-0690 214 0
uf50-0690 212 0
uf50-0690 211 0
uf50-0690 212 0
uf50-0690 213 0
uf50-0690 213 0
uf50-0690 212 0
uf50-0690 210 0
uf50-0690 213 0
uf50-0690 214 0
uf50-0690 215 0
uf50-0690 212 0
uf50-0690 216 0
uf50-0690 213 0
uf50-0690 213 0
uf50-0690 213 0
uf50-0690 216 0
uf50-0690 212 0
uf50-0690 213 0
uf50-0690 213 0
uf50-0690 213 0
uf50-0690 213 0
uf50-0690 215 0
uf50-0690 215 0
uf50-0690 213 0
uf50-0690 213 0
uf50-0690 211 0
uf50-0690 213 0
uf50-0690 213 0
uf50-0690 211 0
uf50-0690 213 0
uf50-0690 211 0
uf50-0690 213 0
uf50-0690 212 0
uf50-0690 214 0
uf50-0690 212 0
uf50-0690 213 0
uf50-0690 214 0
uf50-0690 213 0
uf50-0690 214 0
uf50-0690 213 0
uf50-0690 215 0
uf50-0690 213 0
uf50-0690 213 0
uf50-0690 214 0
uf50-0690 213 0
uf50-0690 212 0
uf50-0690 213 0
uf50-0690 215 0
uf50-0690 212 0
uf50-063 214 0
uf50-063 216 0
uf50-063 213 0
uf50-063 212 0
uf50-063 212 0
uf50-063 212 0
uf50-063 214 0
uf50-063 213 0
uf50-063 213 0
uf50-063 213 0
uf50-063 213 0
uf50-063 212 0
uf50-063 215 0
uf50-063 215 0
uf50-063 215 0
uf50-063 214 0
uf50-063 215 0
uf50-063 213 0
uf50-063 212 0
uf50-063 215 0
uf50-063 212 0
uf50-063 212 0
uf50-063 213 0
uf50-063 213 0
uf50-063 216 0
uf50-063 213 0
uf50-063 212 0
uf50-063 214 0
uf50-063 210 0
uf50-063 214 0
uf50-063 212 0
uf50-063 213 0
uf50-063 213 0
uf50-063 215 0
uf50-063 213 0
uf50-063 213 0
uf50-063 212 0
uf50-063 212 0
uf50-063 213 0
uf50-063 211 0
uf50-063 214 0
uf50-063 213 0
uf50-063 211 0
uf50-063 214 0
uf50-063 213 0
uf50-063 212 0
uf50-063 215 0
uf50-063 212 0
uf50-063 213 0
uf50-063 214 0
uf50-0971 216 0
uf50-0971 217 0
uf50-0971 129684 -1 -2 3 -4 -5 6 7 8 9 10 11 12 13 -14 15 -16 17 -18 -19 20 -21 22 -23 -24 -25 26 27 -28 -29 30 31 -32 33 -34 35 36 37 -38 39 40 -41 -42 43 -44 45 46 -47 48 49 50 0
uf50-0971 217 0
uf50-0971 216 0
uf50-0971 217 0
uf50-0971 216 0
uf50-0971 217 0
uf50-0971 217 0
uf50-0971 217 0
uf50-0971 131860 1 -2 3 4 5 6 7 -8 -9 10 11 12 13 -14 15 -16 17 -18 -19 20 -21 22 -23 -24 25 26 27 28 -29 30 31 -32 33 -34 35 36 37 -38 39 40 -41 -42 43 -44 45 46 -47 48 -49 50 0
uf50-0971 217 0
uf50-0971 216 0
uf50-0971 217 0
uf50-0971 215 0
uf50-0971 217 0
uf50-0971 217 0
uf50-0971 123985 -1 -2 3 -4 -5 6 7 8 -9 10 11 12 13 -14 15 -16 17 -18 -19 20 -21 22 -23 -24 -25 26 27 -28 -29 30 31 -32 -33 -34 35 36 37 -38 39 40 -41 -42 43 -44 45 46 -47 48 49 50 0
uf50-0971 216 0
uf50-0971 217 0
uf50-0971 217 0
uf50-0971 114796 1 -2 3 -4 5 6 7 8 -9 10 11 12 13 -14 15 -16 17 18 -19 20 -21 22 23 -24 -25 26 27 -28 29 30 31 32 33 34 35 36 -37 -38 39 40 -41 -42 -43 -44 45 -46 47 -48 49 50 0
uf50-0971 217 0
uf50-0971 217 0
uf50-0971 217 0
uf50-0971 215 0
uf50-0971 217 0
uf50-0971 217 0
uf50-0971 217 0
uf50-0971 217 0
uf50-0971 217 0
uf50-0971 217 0
uf50-0971 117129 1 -2 3 -4 5 6 7 8 -9 10 11 12 13 -14 15 -16 17 18 -19 20 -21 22 23 -24 -25 26 27 28 29 30 31 32 33 34 35 36 -37 -38 39 40 -41 -42 -43 -44 45 -46 47 -48 49 50 0
uf50-0971 217 0
uf50-0971 217 0
uf50-0971 217 0
uf50-0971 217 0
uf50-0971 131218 1 -2 3 -4 5 6 7 8 9 10 11 12 13 -14 15 -16 17 -18 -19 20 -21 22 -23 -24 -25 26 27 -28 -29 30 31 -32 33 -34 35 36 37 -38 39 40 -41 -42 43 -44 45 46 -47 48 -49 50 0
uf50-0971 216 0
uf50-0971 216 0
uf50-0971 217 0
uf50-0971 216 0
uf50-0971 216 0
uf50-0971 217 0
uf50-0971 216 0
uf50-0971 217 0
uf50-0971 217 0
uf50-0971 216 0
uf50-0971 217 0
uf50-0971 217 0
uf50-0151 213 0
uf50-0151 215 0
uf50-0151 214 0
uf50-0151 214 0
uf50-0151 215 0
uf50-0151 213 0
uf50-0151 215 0
uf50-0151 215 0
uf50-0151 215 0
uf50-0151 214 0
uf50-0151 215 0
uf50-0151 214 0
uf50-0151 215 0
uf50-0151 215 0
uf50-0151 214 0
uf50-0151 215 0
uf50-0151 214 0
uf50-0151 215 0
uf50-0151 217 0
uf50-0151 214 0
uf50-0151 216 0
uf50-0151 216 0
uf50-0151 217 0
uf50-0151 215 0
uf50-0151 215 0
uf50-0151 214 0
uf50-0151 214 0
uf50-0151 216 0
uf50-0151 216 0
uf50-0151 215 0
uf50-0151 215 0
uf50-0151 215 0
uf50-0151 213 0
uf50-0151 214 0
uf50-0151 216 0
uf50-0151 215 0
uf50-0151 215 0
uf50-0151 212 0
uf50-0151 216 0
uf50-0151 214 0
uf50-0151 216 0
uf50-0151 214 0
uf50-0151 214 0
uf50-0151 215 0
uf50-0151 215 0
uf50-0151 214 0
uf50-0151 215 0
uf50-0151 216 0
uf50-0151 216 0
uf50-0151 215 0
uf50-0355 212 0
uf50-0355 215 0
uf50-0355 210 0
uf50-0355 214 0
uf50-0355 213 0
uf50-0355 216 0
uf50-0355 213 0
uf50-0355 213 0
uf50-0355 209 0
uf50-0355 212 0
uf50-0355 212 0
uf50-0355 211 0
uf50-0355 214 0
uf50-0355 213 0
uf50-0355 212 0
uf50-0355 212 0
uf50-0355 213 0
uf50-0355 211 0
uf50-0355 214 0
uf50-0355 214 0
uf50-0355 212 0
uf50-0355 215 0
uf50-0355 213 0
uf50-0355 211 0
uf50-0355 214 0
uf50-0355 213 0
uf50-0355 215 0
uf50-0355 210 0
uf50-0355 212 0
uf50-0355 215 0
uf50-0355 212 0
uf50-0355 211 0
uf50-0355 213 0
uf50-0355 211 0
uf50-0355 211 0
uf50-0355 212 0
uf50-0355 213 0
uf50-0355 213 0
uf50-0355 217 0
uf50-0355 212 0
uf50-0355 211 0
uf50-0355 213 0
uf50-0355 214 0
uf50-0355 211 0
uf50-0355 211 0
uf50-0355 212 0
uf50-0355 211 0
uf50-0355 210 0
uf50-0355 212 0
uf50-0355 212 0
