uf50-0416 59247 1 -2 -3 4 5 -6 -7 8 9 10 11 -12 13 14 15 -16 -17 18 19 -20 -21 -22 23 24 -25 -26 27 -28 29 -30 -31 32 -33 34 -35 -36 37 -38 39 40 41 42 -43 -44 -45 46 -47 48 -49 50 0
uf50-0416 59247 1 -2 -3 4 5 -6 -7 8 9 10 11 -12 13 14 15 -16 -17 18 19 -20 -21 -22 23 24 -25 -26 27 -28 29 -30 -31 32 -33 34 -35 -36 37 -38 39 40 41 42 -43 -44 -45 46 -47 48 -49 50 0
uf50-0416 59247 1 -2 -3 4 5 -6 -7 8 9 10 11 -12 13 14 15 -16 -17 18 19 -20 -21 -22 23 24 -25 -26 27 -28 29 -30 -31 32 -33 34 -35 -36 37 -38 39 40 41 42 -43 -44 -45 46 -47 48 -49 50 0
uf50-0416 59247 1 -2 -3 4 5 -6 -7 8 9 10 11 -12 13 14 15 -16 -17 18 19 -20 -21 -22 23 24 -25 -26 27 -28 29 -30 -31 32 -33 34 -35 -36 37 -38 39 40 41 42 -43 -44 -45 46 -47 48 -49 50 0
uf50-0416 57644 1 -2 -3 4 -5 -6 -7 8 9 10 11 -12 13 14 15 16 -17 18 19 -20 -21 -22 23 24 25 -26 27 -28 29 -30 31 32 -33 34 -35 -36 37 -38 39 40 41 42 -43 -44 -45 46 -47 48 -49 50 0
uf50-0416 57644 1 -2 -3 4 -5 -6 -7 8 9 10 11 -12 13 14 15 16 -17 18 19 -20 -21 -22 23 24 25 -26 27 -28 29 -30 31 32 -33 34 -35 -36 37 -38 39 40 41 42 -43 -44 -45 46 -47 48 -49 50 0
uf50-0416 59247 1 -2 -3 4 5 -6 -7 8 9 10 11 -12 13 14 15 -16 -17 18 19 -20 -21 -22 23 24 -25 -26 27 -28 29 -30 -31 32 -33 34 -35 -36 37 -38 39 40 41 42 -43 -44 -45 46 -47 48 -49 50 0
uf50-0416 59247 1 -2 -3 4 5 -6 -7 8 9 10 11 -12 13 14 15 -16 -17 18 19 -20 -21 -22 23 24 -25 -26 27 -28 29 -30 -31 32 -33 34 -35 -36 37 -38 39 40 41 42 -43 -44 -45 46 -47 48 -49 50 0
uf50-0416 59247 1 -2 -3 4 5 -6 -7 8 9 10 11 -12 13 14 15 -16 -17 18 19 -20 -21 -22 23 24 -25 -26 27 -28 29 -30 -31 32 -33 34 -35 -36 37 -38 39 40 41 42 -43 -44 -45 46 -47 48 -49 50 0
uf50-0416 59247 1 -2 -3 4 5 -6 -7 8 9 10 11 -12 13 14 15 -16 -17 18 19 -20 -21 -22 23 24 -25 -26 27 -28 29 -30 -31 32 -33 34 -35 -36 37 -38 39 40 41 42 -43 -44 -45 46 -47 48 -49 50 0
uf50-0416 57644 1 -2 -3 4 -5 -6 -7 8 9 10 11 -12 13 14 15 16 -17 18 19 -20 -21 -22 23 24 25 -26 27 -28 29 -30 31 32 -33 34 -35 -36 37 -38 39 40 41 42 -43 -44 -45 46 -47 48 -49 50 0
uf50-0416 57644 1 -2 -3 4 -5 -6 -7 8 9 10 11 -12 13 14 15 16 -17 18 19 -20 -21 -22 23 24 25 -26 27 -28 29 -30 31 32 -33 34 -35 -36 37 -38 39 40 41 42 -43 -44 -45 46 -47 48 -49 50 0
uf50-0416 52544 1 2 -3 -4 -5 6 -7 -8 -9 10 11 -12 -13 -14 -15 -16 -17 18 -19 20 -21 22 23 24 -25 26 -27 28 -29 -30 31 32 33 34 -35 -36 -37 -38 39 40 41 42 -43 -44 45 46 -47 48 -49 50 0
uf50-0416 61183 1 -2 -3 -4 -5 -6 7 8 -9 10 11 -12 13 14 15 16 -17 18 19 20 -21 -22 23 24 25 26 -27 -28 29 -30 -31 -32 33 -34 -35 -36 37 -38 39 40 41 -42 -43 -44 -45 46 47 48 -49 -50 0
uf50-0416 59247 1 -2 -3 4 5 -6 -7 8 9 10 11 -12 13 14 15 -16 -17 18 19 -20 -21 -22 23 24 -25 -26 27 -28 29 -30 -31 32 -33 34 -35 -36 37 -38 39 40 41 42 -43 -44 -45 46 -47 48 -49 50 0
uf50-0416 57644 1 -2 -3 4 -5 -6 -7 8 9 10 11 -12 13 14 15 16 -17 18 19 -20 -21 -22 23 24 25 -26 27 -28 29 -30 31 32 -33 34 -35 -36 37 -38 39 40 41 42 -43 -44 -45 46 -47 48 -49 50 0
uf50-0416 59247 1 -2 -3 4 5 -6 -7 8 9 10 11 -12 13 14 15 -16 -17 18 19 -20 -21 -22 23 24 -25 -26 27 -28 29 -30 -31 32 -33 34 -35 -36 37 -38 39 40 41 42 -43 -44 -45 46 -47 48 -49 50 0
uf50-0416 57644 1 -2 -3 4 -5 -6 -7 8 9 10 11 -12 13 14 15 16 -17 18 19 -20 -21 -22 23 24 25 -26 27 -28 29 -30 31 32 -33 34 -35 -36 37 -38 39 40 41 42 -43 -44 -45 46 -47 48 -49 50 0
uf50-0416 59247 1 -2 -3 4 5 -6 -7 8 9 10 11 -12 13 14 15 -16 -17 18 19 -20 -21 -22 23 24 -25 -26 27 -28 29 -30 -31 32 -33 34 -35 -36 37 -38 39 40 41 42 -43 -44 -45 46 -47 48 -49 50 0
uf50-0416 59247 1 -2 -3 4 5 -6 -7 8 9 10 11 -12 13 14 15 -16 -17 18 19 -20 -21 -22 23 24 -25 -26 27 -28 29 -30 -31 32 -33 34 -35 -36 37 -38 39 40 41 42 -43 -44 -45 46 -47 48 -49 50 0
uf50-0416 61183 1 -2 -3 -4 -5 -6 7 8 -9 10 11 -12 13 14 15 16 -17 18 19 20 -21 -22 23 24 25 26 -27 -28 29 -30 -31 -32 33 -34 -35 -36 37 -38 39 40 41 -42 -43 -44 -45 46 47 48 -49 -50 0
uf50-0416 59247 1 -2 -3 4 5 -6 -7 8 9 10 11 -12 13 14 15 -16 -17 18 19 -20 -21 -22 23 24 -25 -26 27 -28 29 -30 -31 32 -33 34 -35 -36 37 -38 39 40 41 42 -43 -44 -45 46 -47 48 -49 50 0
uf50-0416 61183 1 -2 -3 -4 -5 -6 7 8 -9 10 11 -12 13 14 15 16 -17 18 19 20 -21 -22 23 24 25 26 -27 -28 29 -30 -31 -32 33 -34 -35 -36 37 -38 39 40 41 -42 -43 -44 -45 46 47 48 -49 -50 0
uf50-0416 57644 1 -2 -3 4 -5 -6 -7 8 9 10 11 -12 13 14 15 16 -17 18 19 -20 -21 -22 23 24 25 -26 27 -28 29 -30 31 32 -33 34 -35 -36 37 -38 39 40 41 42 -43 -44 -45 46 -47 48 -49 50 0
uf50-0416 59247 1 -2 -3 4 5 -6 -7 8 9 10 11 -12 13 14 15 -16 -17 18 19 -20 -21 -22 23 24 -25 -26 27 -28 29 -30 -31 32 -33 34 -35 -36 37 -38 39 40 41 42 -43 -44 -45 46 -47 48 -49 50 0
uf50-0416 59247 1 -2 -3 4 5 -6 -7 8 9 10 11 -12 13 14 15 -16 -17 18 19 -20 -21 -22 23 24 -25 -26 27 -28 29 -30 -31 32 -33 34 -35 -36 37 -38 39 40 41 42 -43 -44 -45 46 -47 48 -49 50 0
uf50-0416 59247 1 -2 -3 4 5 -6 -7 8 9 10 11 -12 13 14 15 -16 -17 18 19 -20 -21 -22 23 24 -25 -26 27 -28 29 -30 -31 32 -33 34 -35 -36 37 -38 39 40 41 42 -43 -44 -45 46 -47 48 -49 50 0
uf50-0416 59247 1 -2 -3 4 5 -6 -7 8 9 10 11 -12 13 14 15 -16 -17 18 19 -20 -21 -22 23 24 -25 -26 27 -28 29 -30 -31 32 -33 34 -35 -36 37 -38 39 40 41 42 -43 -44 -45 46 -47 48 -49 50 0
uf50-0416 59247 1 -2 -3 4 5 -6 -7 8 9 10 11 -12 13 14 15 -16 -17 18 19 -20 -21 -22 23 24 -25 -26 27 -28 29 -30 -31 32 -33 34 -35 -36 37 -38 39 40 41 42 -43 -44 -45 46 -47 48 -49 50 0
uf50-0416 59247 1 -2 -3 4 5 -6 -7 8 9 10 11 -12 13 14 15 -16 -17 18 19 -20 -21 -22 23 24 -25 -26 27 -28 29 -30 -31 32 -33 34 -35 -36 37 -38 39 40 41 42 -43 -44 -45 46 -47 48 -49 50 0
uf50-0416 53243 1 -2 -3 4 -5 -6 -7 8 9 10 11 -12 13 14 15 16 -17 18 19 20 -21 -22 23 24 25 -26 27 -28 -29 -30 31 32 -33 34 -35 -36 37 -38 39 40 41 42 -43 -44 -45 46 -47 48 -49 50 0
uf50-0416 52544 1 2 -3 -4 -5 6 -7 -8 -9 10 11 -12 -13 -14 -15 -16 -17 18 -19 20 -21 22 23 24 -25 26 -27 28 -29 -30 31 32 33 34 -35 -36 -37 -38 39 40 41 42 -43 -44 45 46 -47 48 -49 50 0
uf50-0416 59247 1 -2 -3 4 5 -6 -7 8 9 10 11 -12 13 14 15 -16 -17 18 19 -20 -21 -22 23 24 -25 -26 27 -28 29 -30 -31 32 -33 34 -35 -36 37 -38 39 40 41 42 -43 -44 -45 46 -47 48 -49 50 0
uf50-0416 57644 1 -2 -3 4 -5 -6 -7 8 9 10 11 -12 13 14 15 16 -17 18 19 -20 -21 -22 23 24 25 -26 27 -28 29 -30 31 32 -33 34 -35 -36 37 -38 39 40 41 42 -43 -44 -45 46 -47 48 -49 50 0
uf50-0416 59247 1 -2 -3 4 5 -6 -7 8 9 10 11 -12 13 14 15 -16 -17 18 19 -20 -21 -22 23 24 -25 -26 27 -28 29 -30 -31 32 -33 34 -35 -36 37 -38 39 40 41 42 -43 -44 -45 46 -47 48 -49 50 0
uf50-0416 56739 1 -2 -3 4 -5 -6 -7 8 9 10 11 -12 13 14 15 16 -17 18 19 -20 -21 -22 23 24 25 -26 27 -28 29 -30 -31 32 -33 34 -35 -36 37 -38 39 40 41 42 -43 -44 -45 46 -47 48 -49 50 0
uf50-0416 59247 1 -2 -3 4 5 -6 -7 8 9 10 11 -12 13 14 15 -16 -17 18 19 -20 -21 -22 23 24 -25 -26 27 -28 29 -30 -31 32 -33 34 -35 -36 37 -38 39 40 41 42 -43 -44 -45 46 -47 48 -49 50 0
uf50-0416 57644 1 -2 -3 4 -5 -6 -7 8 9 10 11 -12 13 14 15 16 -17 18 19 -20 -21 -22 23 24 25 -26 27 -28 29 -30 31 32 -33 34 -35 -36 37 -38 39 40 41 42 -43 -44 -45 46 -47 48 -49 50 0
uf50-0416 59247 1 -2 -3 4 5 -6 -7 8 9 10 11 -12 13 14 15 -16 -17 18 19 -20 -21 -22 23 24 -25 -26 27 -28 29 -30 -31 32 -33 34 -35 -36 37 -38 39 40 41 42 -43 -44 -45 46 -47 48 -49 50 0
uf50-0416 61183 1 -2 -3 -4 -5 -6 7 8 -9 10 11 -12 13 14 15 16 -17 18 19 20 -21 -22 23 24 25 26 -27 -28 29 -30 -31 -32 33 -34 -35 -36 37 -38 39 40 41 -42 -43 -44 -45 46 47 48 -49 -50 0
uf50-0416 59247 1 -2 -3 4 5 -6 -7 8 9 10 11 -12 13 14 15 -16 -17 18 19 -20 -21 -22 23 24 -25 -26 27 -28 29 -30 -31 32 -33 34 -35 -36 37 -38 39 40 41 42 -43 -44 -45 46 -47 48 -49 50 0
uf50-0416 59247 1 -2 -3 4 5 -6 -7 8 9 10 11 -12 13 14 15 -16 -17 18 19 -20 -21 -22 23 24 -25 -26 27 -28 29 -30 -31 32 -33 34 -35 -36 37 -38 39 40 41 42 -43 -44 -45 46 -47 48 -49 50 0
uf50-0416 56739 1 -2 -3 4 -5 -6 -7 8 9 10 11 -12 13 14 15 16 -17 18 19 -20 -21 -22 23 24 25 -26 27 -28 29 -30 -31 32 -33 34 -35 -36 37 -38 39 40 41 42 -43 -44 -45 46 -47 48 -49 50 0
uf50-0416 59247 1 -2 -3 4 5 -6 -7 8 9 10 11 -12 13 14 15 -16 -17 18 19 -20 -21 -22 23 24 -25 -26 27 -28 29 -30 -31 32 -33 34 -35 -36 37 -38 39 40 41 42 -43 -44 -45 46 -47 48 -49 50 0
uf50-0416 59247 1 -2 -3 4 5 -6 -7 8 9 10 11 -12 13 14 15 -16 -17 18 19 -20 -21 -22 23 24 -25 -26 27 -28 29 -30 -31 32 -33 34 -35 -36 37 -38 39 40 41 42 -43 -44 -45 46 -47 48 -49 50 0
uf50-0416 54929 1 -2 -3 4 -5 -6 -7 8 9 10 11 -12 13 14 15 -16 -17 18 19 20 -21 -22 23 24 -25 -26 27 -28 -29 -30 31 32 33 34 -35 -36 37 -38 39 40 41 42 -43 -44 -45 46 -47 48 -49 50 0
uf50-0416 59247 1 -2 -3 4 5 -6 -7 8 9 10 11 -12 13 14 15 -16 -17 18 19 -20 -21 -22 23 24 -25 -26 27 -28 29 -30 -31 32 -33 34 -35 -36 37 -38 39 40 41 42 -43 -44 -45 46 -47 48 -49 50 0
uf50-0416 59247 1 -2 -3 4 5 -6 -7 8 9 10 11 -12 13 14 15 -16 -17 18 19 -20 -21 -22 23 24 -25 -26 27 -28 29 -30 -31 32 -33 34 -35 -36 37 -38 39 40 41 42 -43 -44 -45 46 -47 48 -49 50 0
uf50-0416 59247 1 -2 -3 4 5 -6 -7 8 9 10 11 -12 13 14 15 -16 -17 18 19 -20 -21 -22 23 24 -25 -26 27 -28 29 -30 -31 32 -33 34 -35 -36 37 -38 39 40 41 42 -43 -44 -45 46 -47 48 -49 50 0
uf50-0416 49664 1 -2 -3 4 -5 -6 -7 8 9 10 11 -12 13 14 15 16 -17 18 19 20 -21 -22 23 24 25 -26 27 -28 29 -30 31 -32 -33 34 -35 -36 37 -38 39 40 41 -42 -43 -44 -45 46 -47 48 -49 -50 0
uf50-0416 59247 1 -2 -3 4 5 -6 -7 8 9 10 11 -12 13 14 15 -16 -17 18 19 -20 -21 -22 23 24 -25 -26 27 -28 29 -30 -31 32 -33 34 -35 -36 37 -38 39 40 41 42 -43 -44 -45 46 -47 48 -49 50 0
uf50-0416 51555 1 -2 -3 4 -5 -6 -7 8 9 10 11 -12 13 14 15 -16 -17 18 19 -20 -21 -22 23 24 -25 -26 27 -28 29 -30 -31 32 -33 34 -35 -36 37 -38 39 40 41 42 -43 -44 -45 46 -47 48 -49 50 0
uf50-0416 59247 1 -2 -3 4 5 -6 -7 8 9 10 11 -12 13 14 15 -16 -17 18 19 -20 -21 -22 23 24 -25 -26 27 -28 29 -30 -31 32 -33 34 -35 -36 37 -38 39 40 41 42 -43 -44 -45 46 -47 48 -49 50 0
uf50-0416 61183 1 -2 -3 -4 -5 -6 7 8 -9 10 11 -12 13 14 15 16 -17 18 19 20 -21 -22 23 24 25 26 -27 -28 29 -30 -31 -32 33 -34 -35 -36 37 -38 39 40 41 -42 -43 -44 -45 46 47 48 -49 -50 0
uf50-0416 50528 1 -2 -3 4 -5 -6 -7 8 -9 10 11 -12 13 14 15 16 -17 18 19 -20 -21 -22 23 24 25 -26 27 -28 29 -30 -31 32 -33 34 -35 -36 37 -38 39 40 41 42 -43 -44 -45 46 -47 48 -49 50 0
uf50-0416 59247 1 -2 -3 4 5 -6 -7 8 9 10 11 -12 13 14 15 -16 -17 18 19 -20 -21 -22 23 24 -25 -26 27 -28 29 -30 -31 32 -33 34 -35 -36 37 -38 39 40 41 42 -43 -44 -45 46 -47 48 -49 50 0
uf50-0416 61183 1 -2 -3 -4 -5 -6 7 8 -9 10 11 -12 13 14 15 16 -17 18 19 20 -21 -22 23 24 25 26 -27 -28 29 -30 -31 -32 33 -34 -35 -36 37 -38 39 40 41 -42 -43 -44 -45 46 47 48 -49 -50 0
uf50-0416 52544 1 2 -3 -4 -5 6 -7 -8 -9 10 11 -12 -13 -14 -15 -16 -17 18 -19 20 -21 22 23 24 -25 26 -27 28 -29 -30 31 32 33 34 -35 -36 -37 -38 39 40 41 42 -43 -44 45 46 -47 48 -49 50 0
uf50-0416 59247 1 -2 -3 4 5 -6 -7 8 9 10 11 -12 13 14 15 -16 -17 18 19 -20 -21 -22 23 24 -25 -26 27 -28 29 -30 -31 32 -33 34 -35 -36 37 -38 39 40 41 42 -43 -44 -45 46 -47 48 -49 50 0
uf50-0416 61183 1 -2 -3 -4 -5 -6 7 8 -9 10 11 -12 13 14 15 16 -17 18 19 20 -21 -22 23 24 25 26 -27 -28 29 -30 -31 -32 33 -34 -35 -36 37 -38 39 40 41 -42 -43 -44 -45 46 47 48 -49 -50 0
uf50-0416 59247 1 -2 -3 4 5 -6 -7 8 9 10 11 -12 13 14 15 -16 -17 18 19 -20 -21 -22 23 24 -25 -26 27 -28 29 -30 -31 32 -33 34 -35 -36 37 -38 39 40 41 42 -43 -44 -45 46 -47 48 -49 50 0
uf50-0416 59247 1 -2 -3 4 5 -6 -7 8 9 10 11 -12 13 14 15 -16 -17 18 19 -20 -21 -22 23 24 -25 -26 27 -28 29 -30 -31 32 -33 34 -35 -36 37 -38 39 40 41 42 -43 -44 -45 46 -47 48 -49 50 0
uf50-0416 59247 1 -2 -3 4 5 -6 -7 8 9 10 11 -12 13 14 15 -16 -17 18 19 -20 -21 -22 23 24 -25 -26 27 -28 29 -30 -31 32 -33 34 -35 -36 37 -38 39 40 41 42 -43 -44 -45 46 -47 48 -49 50 0
uf50-0416 59247 1 -2 -3 4 5 -6 -7 8 9 10 11 -12 13 14 15 -16 -17 18 19 -20 -21 -22 23 24 -25 -26 27 -28 29 -30 -31 32 -33 34 -35 -36 37 -38 39 40 41 42 -43 -44 -45 46 -47 48 -49 50 0
uf50-0416 59247 1 -2 -3 4 5 -6 -7 8 9 10 11 -12 13 14 15 -16 -17 18 19 -20 -21 -22 23 24 -25 -26 27 -28 29 -30 -31 32 -33 34 -35 -36 37 -38 39 40 41 42 -43 -44 -45 46 -47 48 -49 50 0
uf50-0416 52544 1 2 -3 -4 -5 6 -7 -8 -9 10 11 -12 -13 -14 -15 -16 -17 18 -19 20 -21 22 23 24 -25 26 -27 28 -29 -30 31 32 33 34 -35 -36 -37 -38 39 40 41 42 -43 -44 45 46 -47 48 -49 50 0
uf50-0416 57644 1 -2 -3 4 -5 -6 -7 8 9 10 11 -12 13 14 15 16 -17 18 19 -20 -21 -22 23 24 25 -26 27 -28 29 -30 31 32 -33 34 -35 -36 37 -38 39 40 41 42 -43 -44 -45 46 -47 48 -49 50 0
uf50-0416 61183 1 -2 -3 -4 -5 -6 7 8 -9 10 11 -12 13 14 15 16 -17 18 19 20 -21 -22 23 24 25 26 -27 -28 29 -30 -31 -32 33 -34 -35 -36 37 -38 39 40 41 -42 -43 -44 -45 46 47 48 -49 -50 0
uf50-0416 59247 1 -2 -3 4 5 -6 -7 8 9 10 11 -12 13 14 15 -16 -17 18 19 -20 -21 -22 23 24 -25 -26 27 -28 29 -30 -31 32 -33 34 -35 -36 37 -38 39 40 41 42 -43 -44 -45 46 -47 48 -49 50 0
uf50-0416 57644 1 -2 -3 4 -5 -6 -7 8 9 10 11 -12 13 14 15 16 -17 18 19 -20 -21 -22 23 24 25 -26 27 -28 29 -30 31 32 -33 34 -35 -36 37 -38 39 40 41 42 -43 -44 -45 46 -47 48 -49 50 0
uf50-0416 59247 1 -2 -3 4 5 -6 -7 8 9 10 11 -12 13 14 15 -16 -17 18 19 -20 -21 -22 23 24 -25 -26 27 -28 29 -30 -31 32 -33 34 -35 -36 37 -38 39 40 41 42 -43 -44 -45 46 -47 48 -49 50 0
uf50-0416 56739 1 -2 -3 4 -5 -6 -7 8 9 10 11 -12 13 14 15 16 -17 18 19 -20 -21 -22 23 24 25 -26 27 -28 29 -30 -31 32 -33 34 -35 -36 37 -38 39 40 41 42 -43 -44 -45 46 -47 48 -49 50 0
uf50-0416 51555 1 -2 -3 4 -5 -6 -7 8 9 10 11 -12 13 14 15 -16 -17 18 19 -20 -21 -22 23 24 -25 -26 27 -28 29 -30 -31 32 -33 34 -35 -36 37 -38 39 40 41 42 -43 -44 -45 46 -47 48 -49 50 0
uf50-0416 59247 1 -2 -3 4 5 -6 -7 8 9 10 11 -12 13 14 15 -16 -17 18 19 -20 -21 -22 23 24 -25 -26 27 -28 29 -30 -31 32 -33 34 -35 -36 37 -38 39 40 41 42 -43 -44 -45 46 -47 48 -49 50 0
uf50-0416 59247 1 -2 -3 4 5 -6 -7 8 9 10 11 -12 13 14 15 -16 -17 18 19 -20 -21 -22 23 24 -25 -26 27 -28 29 -30 -31 32 -33 34 -35 -36 37 -38 39 40 41 42 -43 -44 -45 46 -47 48 -49 50 0
uf50-0416 54271 1 -2 -3 4 -5 -6 -7 8 9 10 11 -12 13 14 15 16 -17 18 19 -20 -21 -22 23 24 25 -26 27 -28 29 -30 31 -32 -33 34 -35 -36 37 -38 39 40 41 42 -43 -44 -45 46 -47 48 -49 50 0
uf50-0416 59247 1 -2 -3 4 5 -6 -7 8 9 10 11 -12 13 14 15 -16 -17 18 19 -20 -21 -22 23 24 -25 -26 27 -28 29 -30 -31 32 -33 34 -35 -36 37 -38 39 40 41 42 -43 -44 -45 46 -47 48 -49 50 0
uf50-0416 59247 1 -2 -3 4 5 -6 -7 8 9 10 11 -12 13 14 15 -16 -17 18 19 -20 -21 -22 23 24 -25 -26 27 -28 29 -30 -31 32 -33 34 -35 -36 37 -38 39 40 41 42 -43 -44 -45 46 -47 48 -49 50 0
uf50-0416 48718 1 -2 -3 4 -5 -6 -7 8 -9 10 11 -12 13 14 15 -16 -17 18 19 20 -21 -22 23 24 -25 -26 27 -28 -29 -30 31 32 33 34 -35 -36 37 -38 39 40 41 42 -43 -44 -45 46 -47 48 -49 50 0
uf50-0416 57644 1 -2 -3 4 -5 -6 -7 8 9 10 11 -12 13 14 15 16 -17 18 19 -20 -21 -22 23 24 25 -26 27 -28 29 -30 31 32 -33 34 -35 -36 37 -38 39 40 41 42 -43 -44 -45 46 -47 48 -49 50 0
uf50-0416 59247 1 -2 -3 4 5 -6 -7 8 9 10 11 -12 13 14 15 -16 -17 18 19 -20 -21 -22 23 24 -25 -26 27 -28 29 -30 -31 32 -33 34 -35 -36 37 -38 39 40 41 42 -43 -44 -45 46 -47 48 -49 50 0
uf50-0416 57644 1 -2 -3 4 -5 -6 -7 8 9 10 11 -12 13 14 15 16 -17 18 19 -20 -21 -22 23 24 25 -26 27 -28 29 -30 31 32 -33 34 -35 -36 37 -38 39 40 41 42 -43 -44 -45 46 -47 48 -49 50 0
uf50-0416 61183 1 -2 -3 -4 -5 -6 7 8 -9 10 11 -12 13 14 15 16 -17 18 19 20 -21 -22 23 24 25 26 -27 -28 29 -30 -31 -32 33 -34 -35 -36 37 -38 39 40 41 -42 -43 -44 -45 46 47 48 -49 -50 0
uf50-0416 59247 1 -2 -3 4 5 -6 -7 8 9 10 11 -12 13 14 15 -16 -17 18 19 -20 -21 -22 23 24 -25 -26 27 -28 29 -30 -31 32 -33 34 -35 -36 37 -38 39 40 41 42 -43 -44 -45 46 -47 48 -49 50 0
uf50-0416 57644 1 -2 -3 4 -5 -6 -7 8 9 10 11 -12 13 14 15 16 -17 18 19 -20 -21 -22 23 24 25 -26 27 -28 29 -30 31 32 -33 34 -35 -36 37 -38 39 40 41 42 -43 -44 -45 46 -47 48 -49 50 0
uf50-0416 54929 1 -2 -3 4 -5 -6 -7 8 9 10 11 -12 13 14 15 -16 -17 18 19 20 -21 -22 23 24 -25 -26 27 -28 -29 -30 31 32 33 34 -35 -36 37 -38 39 40 41 42 -43 -44 -45 46 -47 48 -49 50 0
uf50-0416 59247 1 -2 -3 4 5 -6 -7 8 9 10 11 -12 13 14 15 -16 -17 18 19 -20 -21 -22 23 24 -25 -26 27 -28 29 -30 -31 32 -33 34 -35 -36 37 -38 39 40 41 42 -43 -44 -45 46 -47 48 -49 50 0
uf50-0416 59247 1 -2 -3 4 5 -6 -7 8 9 10 11 -12 13 14 15 -16 -17 18 19 -20 -21 -22 23 24 -25 -26 27 -28 29 -30 -31 32 -33 34 -35 -36 37 -38 39 40 41 42 -43 -44 -45 46 -47 48 -49 50 0
uf50-0416 59247 1 -2 -3 4 5 -6 -7 8 9 10 11 -12 13 14 15 -16 -17 18 19 -20 -21 -22 23 24 -25 -26 27 -28 29 -30 -31 32 -33 34 -35 -36 37 -38 39 40 41 42 -43 -44 -45 46 -47 48 -49 50 0
uf50-0416 59247 1 -2 -3 4 5 -6 -7 8 9 10 11 -12 13 14 15 -16 -17 18 19 -20 -21 -22 23 24 -25 -26 27 -28 29 -30 -31 32 -33 34 -35 -36 37 -38 39 40 41 42 -43 -44 -45 46 -47 48 -49 50 0
uf50-0416 59247 1 -2 -3 4 5 -6 -7 8 9 10 11 -12 13 14 15 -16 -17 18 19 -20 -21 -22 23 24 -25 -26 27 -28 29 -30 -31 32 -33 34 -35 -36 37 -38 39 40 41 42 -43 -44 -45 46 -47 48 -49 50 0
uf50-0416 59247 1 -2 -3 4 5 -6 -7 8 9 10 11 -12 13 14 15 -16 -17 18 19 -20 -21 -22 23 24 -25 -26 27 -28 29 -30 -31 32 -33 34 -35 -36 37 -38 39 40 41 42 -43 -44 -45 46 -47 48 -49 50 0
uf50-0416 59247 1 -2 -3 4 5 -6 -7 8 9 10 11 -12 13 14 15 -16 -17 18 19 -20 -21 -22 23 24 -25 -26 27 -28 29 -30 -31 32 -33 34 -35 -36 37 -38 39 40 41 42 -43 -44 -45 46 -47 48 -49 50 0
uf50-0416 58716 1 -2 -3 -4 -5 6 7 8 -9 10 11 -12 13 14 15 16 -17 18 19 20 -21 -22 23 24 25 26 -27 -28 29 -30 -31 -32 33 34 -35 -36 37 -38 39 40 41 -42 -43 -44 -45 46 -47 48 -49 -50 0
uf50-0416 57644 1 -2 -3 4 -5 -6 -7 8 9 10 11 -12 13 14 15 16 -17 18 19 -20 -21 -22 23 24 25 -26 27 -28 29 -30 31 32 -33 34 -35 -36 37 -38 39 40 41 42 -43 -44 -45 46 -47 48 -49 50 0
uf50-0416 59247 1 -2 -3 4 5 -6 -7 8 9 10 11 -12 13 14 15 -16 -17 18 19 -20 -21 -22 23 24 -25 -26 27 -28 29 -30 -31 32 -33 34 -35 -36 37 -38 39 40 41 42 -43 -44 -45 46 -47 48 -49 50 0
uf50-0416 59247 1 -2 -3 4 5 -6 -7 8 9 10 11 -12 13 14 15 -16 -17 18 19 -20 -21 -22 23 24 -25 -26 27 -28 29 -30 -31 32 -33 34 -35 -36 37 -38 39 40 41 42 -43 -44 -45 46 -47 48 -49 50 0
uf50-0416 57644 1 -2 -3 4 -5 -6 -7 8 9 10 11 -12 13 14 15 16 -17 18 19 -20 -21 -22 23 24 25 -26 27 -28 29 -30 31 32 -33 34 -35 -36 37 -38 39 40 41 42 -43 -44 -45 46 -47 48 -49 50 0
uf50-0416 59247 1 -2 -3 4 5 -6 -7 8 9 10 11 -12 13 14 15 -16 -17 18 19 -20 -21 -22 23 24 -25 -26 27 -28 29 -30 -31 32 -33 34 -35 -36 37 -38 39 40 41 42 -43 -44 -45 46 -47 48 -49 50 0
uf50-0416 55835 1 -2 -3 4 -5 -6 -7 8 9 10 11 -12 13 14 15 16 -17 18 19 20 -21 -22 23 24 25 -26 27 -28 29 -30 31 -32 -33 34 -35 -36 37 -38 39 40 41 42 -43 -44 -45 46 -47 48 -49 50 0
