uf50-0653 89844 -1 2 3 4 -5 6 -7 8 9 -10 -11 12 -13 -14 -15 16 -17 -18 -19 20 -21 22 23 24 25 -26 27 28 29 -30 -31 -32 33 -34 35 36 -37 38 39 -40 41 42 43 44 45 46 47 48 -49 -50 0
uf50-0653 77141 -1 2 3 4 -5 6 -7 8 9 -10 11 12 -13 -14 -15 16 -17 -18 -19 20 -21 22 23 24 25 -26 27 28 29 -30 31 -32 -33 -34 35 -36 -37 38 39 -40 41 42 43 44 45 46 47 48 -49 -50 0
uf50-0653 83246 -1 2 3 4 -5 6 -7 8 9 -10 -11 12 -13 -14 -15 16 -17 -18 -19 20 -21 22 23 24 25 -26 27 28 29 -30 -31 -32 33 -34 35 36 -37 38 39 -40 41 42 43 -44 45 46 47 48 -49 -50 0
uf50-0653 83643 -1 2 3 4 -5 6 -7 8 9 -10 -11 12 -13 -14 -15 16 -17 -18 -19 20 -21 22 23 24 25 -26 27 28 29 -30 31 -32 -33 -34 35 36 -37 38 39 -40 41 42 43 44 45 46 47 48 -49 -50 0
uf50-0653 89844 -1 2 3 4 -5 6 -7 8 9 -10 -11 12 -13 -14 -15 16 -17 -18 -19 20 -21 22 23 24 25 -26 27 28 29 -30 -31 -32 33 -34 35 36 -37 38 39 -40 41 42 43 44 45 46 47 48 -49 -50 0
uf50-0653 89844 -1 2 3 4 -5 6 -7 8 9 -10 -11 12 -13 -14 -15 16 -17 -18 -19 20 -21 22 23 24 25 -26 27 28 29 -30 -31 -32 33 -34 35 36 -37 38 39 -40 41 42 43 44 45 46 47 48 -49 -50 0
uf50-0653 83643 -1 2 3 4 -5 6 -7 8 9 -10 -11 12 -13 -14 -15 16 -17 -18 -19 20 -21 22 23 24 25 -26 27 28 29 -30 31 -32 -33 -34 35 36 -37 38 39 -40 41 42 43 44 45 46 47 48 -49 -50 0
uf50-0653 89844 -1 2 3 4 -5 6 -7 8 9 -10 -11 12 -13 -14 -15 16 -17 -18 -19 20 -21 22 23 24 25 -26 27 28 29 -30 -31 -32 33 -34 35 36 -37 38 39 -40 41 42 43 44 45 46 47 48 -49 -50 0
uf50-0653 83643 -1 2 3 4 -5 6 -7 8 9 -10 -11 12 -13 -14 -15 16 -17 -18 -19 20 -21 22 23 24 25 -26 27 28 29 -30 31 -32 -33 -34 35 36 -37 38 39 -40 41 42 43 44 45 46 47 48 -49 -50 0
uf50-0653 64566 -1 -2 -3 4 -5 6 -7 8 9 -10 11 12 -13 -14 -15 16 -17 -18 -19 20 -21 22 -23 24 25 -26 27 28 29 -30 -31 -32 33 -34 35 -36 37 38 39 -40 41 42 43 44 45 46 47 48 -49 -50 0
uf50-0653 83643 -1 2 3 4 -5 6 -7 8 9 -10 -11 12 -13 -14 -15 16 -17 -18 -19 20 -21 22 23 24 25 -26 27 28 29 -30 31 -32 -33 -34 35 36 -37 38 39 -40 41 42 43 44 45 46 47 48 -49 -50 0
uf50-0653 89844 -1 2 3 4 -5 6 -7 8 9 -10 -11 12 -13 -14 -15 16 -17 -18 -19 20 -21 22 23 24 25 -26 27 28 29 -30 -31 -32 33 -34 35 36 -37 38 39 -40 41 42 43 44 45 46 47 48 -49 -50 0
uf50-0653 89844 -1 2 3 4 -5 6 -7 8 9 -10 -11 12 -13 -14 -15 16 -17 -18 -19 20 -21 22 23 24 25 -26 27 28 29 -30 -31 -32 33 -34 35 36 -37 38 39 -40 41 42 43 44 45 46 47 48 -49 -50 0
uf50-0653 88954 -1 2 3 4 -5 6 -7 8 9 -10 -11 12 13 -14 -15 16 -17 -18 -19 20 -21 22 23 24 25 -26 27 28 29 -30 -31 -32 33 -34 35 36 -37 38 39 -40 41 42 43 -44 45 46 47 48 -49 -50 0
uf50-0653 70304 -1 2 -3 4 -5 6 -7 -8 9 -10 -11 12 -13 -14 -15 16 -17 -18 -19 20 -21 22 -23 24 25 -26 27 28 29 -30 -31 -32 33 -34 35 36 -37 38 39 -40 41 42 43 44 45 46 47 48 -49 -50 0
uf50-0653 81434 -1 2 -3 4 -5 6 -7 8 9 -10 -11 12 13 -14 -15 16 -17 -18 -19 20 -21 22 23 24 25 -26 27 28 29 -30 -31 -32 33 -34 35 36 -37 38 39 -40 41 42 43 -44 45 46 47 48 -49 -50 0
uf50-0653 89844 -1 2 3 4 -5 6 -7 8 9 -10 -11 12 -13 -14 -15 16 -17 -18 -19 20 -21 22 23 24 25 -26 27 28 29 -30 -31 -32 33 -34 35 36 -37 38 39 -40 41 42 43 44 45 46 47 48 -49 -50 0
uf50-0653 83643 -1 2 3 4 -5 6 -7 8 9 -10 -11 12 -13 -14 -15 16 -17 -18 -19 20 -21 22 23 24 25 -26 27 28 29 -30 31 -32 -33 -34 35 36 -37 38 39 -40 41 42 43 44 45 46 47 48 -49 -50 0
uf50-0653 89844 -1 2 3 4 -5 6 -7 8 9 -10 -11 12 -13 -14 -15 16 -17 -18 -19 20 -21 22 23 24 25 -26 27 28 29 -30 -31 -32 33 -34 35 36 -37 38 39 -40 41 42 43 44 45 46 47 48 -49 -50 0
uf50-0653 83643 -1 2 3 4 -5 6 -7 8 9 -10 -11 12 -13 -14 -15 16 -17 -18 -19 20 -21 22 23 24 25 -26 27 28 29 -30 31 -32 -33 -34 35 36 -37 38 39 -40 41 42 43 44 45 46 47 48 -49 -50 0
uf50-0653 89844 -1 2 3 4 -5 6 -7 8 9 -10 -11 12 -13 -14 -15 16 -17 -18 -19 20 -21 22 23 24 25 -26 27 28 29 -30 -31 -32 33 -34 35 36 -37 38 39 -40 41 42 43 44 45 46 47 48 -49 -50 0
uf50-0653 83643 -1 2 3 4 -5 6 -7 8 9 -10 -11 12 -13 -14 -15 16 -17 -18 -19 20 -21 22 23 24 25 -26 27 28 29 -30 31 -32 -33 -34 35 36 -37 38 39 -40 41 42 43 44 45 46 47 48 -49 -50 0
uf50-0653 89844 -1 2 3 4 -5 6 -7 8 9 -10 -11 12 -13 -14 -15 16 -17 -18 -19 20 -21 22 23 24 25 -26 27 28 29 -30 -31 -32 33 -34 35 36 -37 38 39 -40 41 42 43 44 45 46 47 48 -49 -50 0
uf50-0653 83643 -1 2 3 4 -5 6 -7 8 9 -10 -11 12 -13 -14 -15 16 -17 -18 -19 20 -21 22 23 24 25 -26 27 28 29 -30 31 -32 -33 -34 35 36 -37 38 39 -40 41 42 43 44 45 46 47 48 -49 -50 0
uf50-0653 89844 -1 2 3 4 -5 6 -7 8 9 -10 -11 12 -13 -14 -15 16 -17 -18 -19 20 -21 22 23 24 25 -26 27 28 29 -30 -31 -32 33 -34 35 36 -37 38 39 -40 41 42 43 44 45 46 47 48 -49 -50 0
uf50-0653 89844 -1 2 3 4 -5 6 -7 8 9 -10 -11 12 -13 -14 -15 16 -17 -18 -19 20 -21 22 23 24 25 -26 27 28 29 -30 -31 -32 33 -34 35 36 -37 38 39 -40 41 42 43 44 45 46 47 48 -49 -50 0
uf50-0653 89844 -1 2 3 4 -5 6 -7 8 9 -10 -11 12 -13 -14 -15 16 -17 -18 -19 20 -21 22 23 24 25 -26 27 28 29 -30 -31 -32 33 -34 35 36 -37 38 39 -40 41 42 43 44 45 46 47 48 -49 -50 0
uf50-0653 89844 -1 2 3 4 -5 6 -7 8 9 -10 -11 12 -13 -14 -15 16 -17 -18 -19 20 -21 22 23 24 25 -26 27 28 29 -30 -31 -32 33 -34 35 36 -37 38 39 -40 41 42 43 44 45 46 47 48 -49 -50 0
uf50-0653 83643 -1 2 3 4 -5 6 -7 8 9 -10 -11 12 -13 -14 -15 16 -17 -18 -19 20 -21 22 23 24 25 -26 27 28 29 -30 31 -32 -33 -34 35 36 -37 38 39 -40 41 42 43 44 45 46 47 48 -49 -50 0
uf50-0653 89844 -1 2 3 4 -5 6 -7 8 9 -10 -11 12 -13 -14 -15 16 -17 -18 -19 20 -21 22 23 24 25 -26 27 28 29 -30 -31 -32 33 -34 35 36 -37 38 39 -40 41 42 43 44 45 46 47 48 -49 -50 0
uf50-0653 89844 -1 2 3 4 -5 6 -7 8 9 -10 -11 12 -13 -14 -15 16 -17 -18 -19 20 -21 22 23 24 25 -26 27 28 29 -30 -31 -32 33 -34 35 36 -37 38 39 -40 41 42 43 44 45 46 47 48 -49 -50 0
uf50-0653 89844 -1 2 3 4 -5 6 -7 8 9 -10 -11 12 -13 -14 -15 16 -17 -18 -19 20 -21 22 23 24 25 -26 27 28 29 -30 -31 -32 33 -34 35 36 -37 38 39 -40 41 42 43 44 45 46 47 48 -49 -50 0
uf50-0653 83643 -1 2 3 4 -5 6 -7 8 9 -10 -11 12 -13 -14 -15 16 -17 -18 -19 20 -21 22 23 24 25 -26 27 28 29 -30 31 -32 -33 -34 35 36 -37 38 39 -40 41 42 43 44 45 46 47 48 -49 -50 0
uf50-0653 83643 -1 2 3 4 -5 6 -7 8 9 -10 -11 12 -13 -14 -15 16 -17 -18 -19 20 -21 22 23 24 25 -26 27 28 29 -30 31 -32 -33 -34 35 36 -37 38 39 -40 41 42 43 44 45 46 47 48 -49 -50 0
uf50-0653 83643 -1 2 3 4 -5 6 -7 8 9 -10 -11 12 -13 -14 -15 16 -17 -18 -19 20 -21 22 23 24 25 -26 27 28 29 -30 31 -32 -33 -34 35 36 -37 38 39 -40 41 42 43 44 45 46 47 48 -49 -50 0
uf50-0653 83643 -1 2 3 4 -5 6 -7 8 9 -10 -11 12 -13 -14 -15 16 -17 -18 -19 20 -21 22 23 24 25 -26 27 28 29 -30 31 -32 -33 -34 35 36 -37 38 39 -40 41 42 43 44 45 46 47 48 -49 -50 0
uf50-0653 83643 -1 2 3 4 -5 6 -7 8 9 -10 -11 12 -13 -14 -15 16 -17 -18 -19 20 -21 22 23 24 25 -26 27 28 29 -30 31 -32 -33 -34 35 36 -37 38 39 -40 41 42 43 44 45 46 47 48 -49 -50 0
uf50-0653 83643 -1 2 3 4 -5 6 -7 8 9 -10 -11 12 -13 -14 -15 16 -17 -18 -19 20 -21 22 23 24 25 -26 27 28 29 -30 31 -32 -33 -34 35 36 -37 38 39 -40 41 42 43 44 45 46 47 48 -49 -50 0
uf50-0653 75822 -1 2 -3 4 -5 6 -7 8 9 -10 11 12 -13 -14 -15 16 -17 -18 -19 20 -21 22 23 24 25 -26 27 28 29 -30 -31 -32 33 -34 35 -36 -37 38 39 -40 41 42 43 44 45 46 47 48 -49 -50 0
uf50-0653 83643 -1 2 3 4 -5 6 -7 8 9 -10 -11 12 -13 -14 -15 16 -17 -18 -19 20 -21 22 23 24 25 -26 27 28 29 -30 31 -32 -33 -34 35 36 -37 38 39 -40 41 42 43 44 45 46 47 48 -49 -50 0
uf50-0653 83643 -1 2 3 4 -5 6 -7 8 9 -10 -11 12 -13 -14 -15 16 -17 -18 -19 20 -21 22 23 24 25 -26 27 28 29 -30 31 -32 -33 -34 35 36 -37 38 39 -40 41 42 43 44 45 46 47 48 -49 -50 0
uf50-0653 83643 -1 2 3 4 -5 6 -7 8 9 -10 -11 12 -13 -14 -15 16 -17 -18 -19 20 -21 22 23 24 25 -26 27 28 29 -30 31 -32 -33 -34 35 36 -37 38 39 -40 41 42 43 44 45 46 47 48 -49 -50 0
uf50-0653 89844 -1 2 3 4 -5 6 -7 8 9 -10 -11 12 -13 -14 -15 16 -17 -18 -19 20 -21 22 23 24 25 -26 27 28 29 -30 -31 -32 33 -34 35 36 -37 38 39 -40 41 42 43 44 45 46 47 48 -49 -50 0
uf50-0653 83643 -1 2 3 4 -5 6 -7 8 9 -10 -11 12 -13 -14 -15 16 -17 -18 -19 20 -21 22 23 24 25 -26 27 28 29 -30 31 -32 -33 -34 35 36 -37 38 39 -40 41 42 43 44 45 46 47 48 -49 -50 0
uf50-0653 89844 -1 2 3 4 -5 6 -7 8 9 -10 -11 12 -13 -14 -15 16 -17 -18 -19 20 -21 22 23 24 25 -26 27 28 29 -30 -31 -32 33 -34 35 36 -37 38 39 -40 41 42 43 44 45 46 47 48 -49 -50 0
uf50-0653 89844 -1 2 3 4 -5 6 -7 8 9 -10 -11 12 -13 -14 -15 16 -17 -18 -19 20 -21 22 23 24 25 -26 27 28 29 -30 -31 -32 33 -34 35 36 -37 38 39 -40 41 42 43 44 45 46 47 48 -49 -50 0
uf50-0653 89844 -1 2 3 4 -5 6 -7 8 9 -10 -11 12 -13 -14 -15 16 -17 -18 -19 20 -21 22 23 24 25 -26 27 28 29 -30 -31 -32 33 -34 35 36 -37 38 39 -40 41 42 43 44 45 46 47 48 -49 -50 0
uf50-0653 83643 -1 2 3 4 -5 6 -7 8 9 -10 -11 12 -13 -14 -15 16 -17 -18 -19 20 -21 22 23 24 25 -26 27 28 29 -30 31 -32 -33 -34 35 36 -37 38 39 -40 41 42 43 44 45 46 47 48 -49 -50 0
uf50-0653 89844 -1 2 3 4 -5 6 -7 8 9 -10 -11 12 -13 -14 -15 16 -17 -18 -19 20 -21 22 23 24 25 -26 27 28 29 -30 -31 -32 33 -34 35 36 -37 38 39 -40 41 42 43 44 45 46 47 48 -49 -50 0
uf50-0653 89844 -1 2 3 4 -5 6 -7 8 9 -10 -11 12 -13 -14 -15 16 -17 -18 -19 20 -21 22 23 24 25 -26 27 28 29 -30 -31 -32 33 -34 35 36 -37 38 39 -40 41 42 43 44 45 46 47 48 -49 -50 0
uf50-0653 83643 -1 2 3 4 -5 6 -7 8 9 -10 -11 12 -13 -14 -15 16 -17 -18 -19 20 -21 22 23 24 25 -26 27 28 29 -30 31 -32 -33 -34 35 36 -37 38 39 -40 41 42 43 44 45 46 47 48 -49 -50 0
uf50-0653 89844 -1 2 3 4 -5 6 -7 8 9 -10 -11 12 -13 -14 -15 16 -17 -18 -19 20 -21 22 23 24 25 -26 27 28 29 -30 -31 -32 33 -34 35 36 -37 38 39 -40 41 42 43 44 45 46 47 48 -49 -50 0
uf50-0653 83643 -1 2 3 4 -5 6 -7 8 9 -10 -11 12 -13 -14 -15 16 -17 -18 -19 20 -21 22 23 24 25 -26 27 28 29 -30 31 -32 -33 -34 35 36 -37 38 39 -40 41 42 43 44 45 46 47 48 -49 -50 0
uf50-0653 83643 -1 2 3 4 -5 6 -7 8 9 -10 -11 12 -13 -14 -15 16 -17 -18 -19 20 -21 22 23 24 25 -26 27 28 29 -30 31 -32 -33 -34 35 36 -37 38 39 -40 41 42 43 44 45 46 47 48 -49 -50 0
uf50-0653 83643 -1 2 3 4 -5 6 -7 8 9 -10 -11 12 -13 -14 -15 16 -17 -18 -19 20 -21 22 23 24 25 -26 27 28 29 -30 31 -32 -33 -34 35 36 -37 38 39 -40 41 42 43 44 45 46 47 48 -49 -50 0
uf50-0653 83643 -1 2 3 4 -5 6 -7 8 9 -10 -11 12 -13 -14 -15 16 -17 -18 -19 20 -21 22 23 24 25 -26 27 28 29 -30 31 -32 -33 -34 35 36 -37 38 39 -40 41 42 43 44 45 46 47 48 -49 -50 0
uf50-0653 89844 -1 2 3 4 -5 6 -7 8 9 -10 -11 12 -13 -14 -15 16 -17 -18 -19 20 -21 22 23 24 25 -26 27 28 29 -30 -31 -32 33 -34 35 36 -37 38 39 -40 41 42 43 44 45 46 47 48 -49 -50 0
uf50-0653 89844 -1 2 3 4 -5 6 -7 8 9 -10 -11 12 -13 -14 -15 16 -17 -18 -19 20 -21 22 23 24 25 -26 27 28 29 -30 -31 -32 33 -34 35 36 -37 38 39 -40 41 42 43 44 45 46 47 48 -49 -50 0
uf50-0653 89844 -1 2 3 4 -5 6 -7 8 9 -10 -11 12 -13 -14 -15 16 -17 -18 -19 20 -21 22 23 24 25 -26 27 28 29 -30 -31 -32 33 -34 35 36 -37 38 39 -40 41 42 43 44 45 46 47 48 -49 -50 0
uf50-0653 89844 -1 2 3 4 -5 6 -7 8 9 -10 -11 12 -13 -14 -15 16 -17 -18 -19 20 -21 22 23 24 25 -26 27 28 29 -30 -31 -32 33 -34 35 36 -37 38 39 -40 41 42 43 44 45 46 47 48 -49 -50 0
uf50-0653 83643 -1 2 3 4 -5 6 -7 8 9 -10 -11 12 -13 -14 -15 16 -17 -18 -19 20 -21 22 23 24 25 -26 27 28 29 -30 31 -32 -33 -34 35 36 -37 38 39 -40 41 42 43 44 45 46 47 48 -49 -50 0
uf50-0653 89844 -1 2 3 4 -5 6 -7 8 9 -10 -11 12 -13 -14 -15 16 -17 -18 -19 20 -21 22 23 24 25 -26 27 28 29 -30 -31 -32 33 -34 35 36 -37 38 39 -40 41 42 43 44 45 46 47 48 -49 -50 0
uf50-0653 83643 -1 2 3 4 -5 6 -7 8 9 -10 -11 12 -13 -14 -15 16 -17 -18 -19 20 -21 22 23 24 25 -26 27 28 29 -30 31 -32 -33 -34 35 36 -37 38 39 -40 41 42 43 44 45 46 47 48 -49 -50 0
uf50-0653 83643 -1 2 3 4 -5 6 -7 8 9 -10 -11 12 -13 -14 -15 16 -17 -18 -19 20 -21 22 23 24 25 -26 27 28 29 -30 31 -32 -33 -34 35 36 -37 38 39 -40 41 42 43 44 45 46 47 48 -49 -50 0
uf50-0653 89844 -1 2 3 4 -5 6 -7 8 9 -10 -11 12 -13 -14 -15 16 -17 -18 -19 20 -21 22 23 24 25 -26 27 28 29 -30 -31 -32 33 -34 35 36 -37 38 39 -40 41 42 43 44 45 46 47 48 -49 -50 0
uf50-0653 72118 -1 -2 -3 4 -5 6 -7 8 9 -10 11 12 -13 -14 -15 16 -17 -18 -19 20 -21 22 -23 24 25 26 27 28 29 -30 -31 -32 33 -34 35 -36 37 38 39 -40 41 42 43 44 45 46 47 48 -49 -50 0
uf50-0653 83643 -1 2 3 4 -5 6 -7 8 9 -10 -11 12 -13 -14 -15 16 -17 -18 -19 20 -21 22 23 24 25 -26 27 28 29 -30 31 -32 -33 -34 35 36 -37 38 39 -40 41 42 43 44 45 46 47 48 -49 -50 0
uf50-0653 83643 -1 2 3 4 -5 6 -7 8 9 -10 -11 12 -13 -14 -15 16 -17 -18 -19 20 -21 22 23 24 25 -26 27 28 29 -30 31 -32 -33 -34 35 36 -37 38 39 -40 41 42 43 44 45 46 47 48 -49 -50 0
uf50-0653 89844 -1 2 3 4 -5 6 -7 8 9 -10 -11 12 -13 -14 -15 16 -17 -18 -19 20 -21 22 23 24 25 -26 27 28 29 -30 -31 -32 33 -34 35 36 -37 38 39 -40 41 42 43 44 45 46 47 48 -49 -50 0
uf50-0653 83643 -1 2 3 4 -5 6 -7 8 9 -10 -11 12 -13 -14 -15 16 -17 -18 -19 20 -21 22 23 24 25 -26 27 28 29 -30 31 -32 -33 -34 35 36 -37 38 39 -40 41 42 43 44 45 46 47 48 -49 -50 0
uf50-0653 70860 -1 2 -3 4 -5 6 -7 8 9 -10 -11 12 -13 -14 -15 16 -17 -18 -19 20 -21 22 -23 24 25 -26 27 28 29 -30 31 -32 -33 -34 35 36 -37 38 39 -40 41 42 43 44 45 46 47 48 -49 -50 0
uf50-0653 77141 -1 2 3 4 -5 6 -7 8 9 -10 11 12 -13 -14 -15 16 -17 -18 -19 20 -21 22 23 24 25 -26 27 28 29 -30 31 -32 -33 -34 35 -36 -37 38 39 -40 41 42 43 44 45 46 47 48 -49 -50 0
uf50-0653 89844 -1 2 3 4 -5 6 -7 8 9 -10 -11 12 -13 -14 -15 16 -17 -18 -19 20 -21 22 23 24 25 -26 27 28 29 -30 -31 -32 33 -34 35 36 -37 38 39 -40 41 42 43 44 45 46 47 48 -49 -50 0
uf50-0653 83643 -1 2 3 4 -5 6 -7 8 9 -10 -11 12 -13 -14 -15 16 -17 -18 -19 20 -21 22 23 24 25 -26 27 28 29 -30 31 -32 -33 -34 35 36 -37 38 39 -40 41 42 43 44 45 46 47 48 -49 -50 0
uf50-0653 83643 -1 2 3 4 -5 6 -7 8 9 -10 -11 12 -13 -14 -15 16 -17 -18 -19 20 -21 22 23 24 25 -26 27 28 29 -30 31 -32 -33 -34 35 36 -37 38 39 -40 41 42 43 44 45 46 47 48 -49 -50 0
uf50-0653 83643 -1 2 3 4 -5 6 -7 8 9 -10 -11 12 -13 -14 -15 16 -17 -18 -19 20 -21 22 23 24 25 -26 27 28 29 -30 31 -32 -33 -34 35 36 -37 38 39 -40 41 42 43 44 45 46 47 48 -49 -50 0
uf50-0653 62929 -1 -2 -3 4 -5 6 -7 -8 9 -10 11 12 -13 -14 15 16 -17 -18 -19 20 -21 22 -23 24 25 26 27 28 29 -30 -31 -32 33 -34 35 -36 37 38 39 -40 41 -42 43 44 45 46 47 48 -49 -50 0
uf50-0653 89844 -1 2 3 4 -5 6 -7 8 9 -10 -11 12 -13 -14 -15 16 -17 -18 -19 20 -21 22 23 24 25 -26 27 28 29 -30 -31 -32 33 -34 35 36 -37 38 39 -40 41 42 43 44 45 46 47 48 -49 -50 0
uf50-0653 83643 -1 2 3 4 -5 6 -7 8 9 -10 -11 12 -13 -14 -15 16 -17 -18 -19 20 -21 22 23 24 25 -26 27 28 29 -30 31 -32 -33 -34 35 36 -37 38 39 -40 41 42 43 44 45 46 47 48 -49 -50 0
uf50-0653 89844 -1 2 3 4 -5 6 -7 8 9 -10 -11 12 -13 -14 -15 16 -17 -18 -19 20 -21 22 23 24 25 -26 27 28 29 -30 -31 -32 33 -34 35 36 -37 38 39 -40 41 42 43 44 45 46 47 48 -49 -50 0
uf50-0653 76123 -1 2 -3 4 -5 6 -7 8 9 -10 -11 12 -13 -14 -15 16 -17 -18 -19 20 -21 22 23 24 25 -26 27 28 29 -30 31 -32 -33 -34 35 36 -37 38 39 -40 41 42 43 44 45 46 47 48 -49 -50 0
uf50-0653 89844 -1 2 3 4 -5 6 -7 8 9 -10 -11 12 -13 -14 -15 16 -17 -18 -19 20 -21 22 23 24 25 -26 27 28 29 -30 -31 -32 33 -34 35 36 -37 38 39 -40 41 42 43 44 45 46 47 48 -49 -50 0
uf50-0653 83643 -1 2 3 4 -5 6 -7 8 9 -10 -11 12 -13 -14 -15 16 -17 -18 -19 20 -21 22 23 24 25 -26 27 28 29 -30 31 -32 -33 -34 35 36 -37 38 39 -40 41 42 43 44 45 46 47 48 -49 -50 0
uf50-0653 83643 -1 2 3 4 -5 6 -7 8 9 -10 -11 12 -13 -14 -15 16 -17 -18 -19 20 -21 22 23 24 25 -26 27 28 29 -30 31 -32 -33 -34 35 36 -37 38 39 -40 41 42 43 44 45 46 47 48 -49 -50 0
uf50-0653 89844 -1 2 3 4 -5 6 -7 8 9 -10 -11 12 -13 -14 -15 16 -17 -18 -19 20 -21 22 23 24 25 -26 27 28 29 -30 -31 -32 33 -34 35 36 -37 38 39 -40 41 42 43 44 45 46 47 48 -49 -50 0
uf50-0653 83643 -1 2 3 4 -5 6 -7 8 9 -10 -11 12 -13 -14 -15 16 -17 -18 -19 20 -21 22 23 24 25 -26 27 28 29 -30 31 -32 -33 -34 35 36 -37 38 39 -40 41 42 43 44 45 46 47 48 -49 -50 0
uf50-0653 89844 -1 2 3 4 -5 6 -7 8 9 -10 -11 12 -13 -14 -15 16 -17 -18 -19 20 -21 22 23 24 25 -26 27 28 29 -30 -31 -32 33 -34 35 36 -37 38 39 -40 41 42 43 44 45 46 47 48 -49 -50 0
uf50-0653 88954 -1 2 3 4 -5 6 -7 8 9 -10 -11 12 13 -14 -15 16 -17 -18 -19 20 -21 22 23 24 25 -26 27 28 29 -30 -31 -32 33 -34 35 36 -37 38 39 -40 41 42 43 -44 45 46 47 48 -49 -50 0
uf50-0653 89844 -1 2 3 4 -5 6 -7 8 9 -10 -11 12 -13 -14 -15 16 -17 -18 -19 20 -21 22 23 24 25 -26 27 28 29 -30 -31 -32 33 -34 35 36 -37 38 39 -40 41 42 43 44 45 46 47 48 -49 -50 0
uf50-0653 89844 -1 2 3 4 -5 6 -7 8 9 -10 -11 12 -13 -14 -15 16 -17 -18 -19 20 -21 22 23 24 25 -26 27 28 29 -30 -31 -32 33 -34 35 36 -37 38 39 -40 41 42 43 44 45 46 47 48 -49 -50 0
uf50-0653 89844 -1 2 3 4 -5 6 -7 8 9 -10 -11 12 -13 -14 -15 16 -17 -18 -19 20 -21 22 23 24 25 -26 27 28 29 -30 -31 -32 33 -34 35 36 -37 38 39 -40 41 42 43 44 45 46 47 48 -49 -50 0
uf50-0653 88954 -1 2 3 4 -5 6 -7 8 9 -10 -11 12 13 -14 -15 16 -17 -18 -19 20 -21 22 23 24 25 -26 27 28 29 -30 -31 -32 33 -34 35 36 -37 38 39 -40 41 42 43 -44 45 46 47 48 -49 -50 0
uf50-0653 89844 -1 2 3 4 -5 6 -7 8 9 -10 -11 12 -13 -14 -15 16 -17 -18 -19 20 -21 22 23 24 25 -26 27 28 29 -30 -31 -32 33 -34 35 36 -37 38 39 -40 41 42 43 44 45 46 47 48 -49 -50 0
uf50-0653 89844 -1 2 3 4 -5 6 -7 8 9 -10 -11 12 -13 -14 -15 16 -17 -18 -19 20 -21 22 23 24 25 -26 27 28 29 -30 -31 -32 33 -34 35 36 -37 38 39 -40 41 42 43 44 45 46 47 48 -49 -50 0
uf50-0653 83643 -1 2 3 4 -5 6 -7 8 9 -10 -11 12 -13 -14 -15 16 -17 -18 -19 20 -21 22 23 24 25 -26 27 28 29 -30 31 -32 -33 -34 35 36 -37 38 39 -40 41 42 43 44 45 46 47 48 -49 -50 0
uf50-0653 89844 -1 2 3 4 -5 6 -7 8 9 -10 -11 12 -13 -14 -15 16 -17 -18 -19 20 -21 22 23 24 25 -26 27 28 29 -30 -31 -32 33 -34 35 36 -37 38 39 -40 41 42 43 44 45 46 47 48 -49 -50 0
uf50-0653 83643 -1 2 3 4 -5 6 -7 8 9 -10 -11 12 -13 -14 -15 16 -17 -18 -19 20 -21 22 23 24 25 -26 27 28 29 -30 31 -32 -33 -34 35 36 -37 38 39 -40 41 42 43 44 45 46 47 48 -49 -50 0
uf50-0653 89844 -1 2 3 4 -5 6 -7 8 9 -10 -11 12 -13 -14 -15 16 -17 -18 -19 20 -21 22 23 24 25 -26 27 28 29 -30 -31 -32 33 -34 35 36 -37 38 39 -40 41 42 43 44 45 46 47 48 -49 -50 0
uf50-0653 89844 -1 2 3 4 -5 6 -7 8 9 -10 -11 12 -13 -14 -15 16 -17 -18 -19 20 -21 22 23 24 25 -26 27 28 29 -30 -31 -32 33 -34 35 36 -37 38 39 -40 41 42 43 44 45 46 47 48 -49 -50 0
uf50-0653 83643 -1 2 3 4 -5 6 -7 8 9 -10 -11 12 -13 -14 -15 16 -17 -18 -19 20 -21 22 23 24 25 -26 27 28 29 -30 31 -32 -33 -34 35 36 -37 38 39 -40 41 42 43 44 45 46 47 48 -49 -50 0
