uf50-0110 44071 -1 2 3 -4 -5 6 -7 -8 9 -10 11 12 -13 -14 -15 16 -17 18 19 20 21 -22 23 -24 -25 -26 -27 -28 29 30 31 32 -33 34 35 36 37 38 -39 -40 41 42 -43 44 45 -46 47 48 49 -50 0
uf50-0110 48547 -1 2 3 -4 5 6 -7 -8 9 -10 11 12 -13 -14 -15 16 -17 -18 19 20 21 -22 23 -24 -25 -26 -27 -28 29 30 31 32 -33 34 35 36 37 38 -39 -40 41 42 -43 44 45 -46 47 48 49 50 0
uf50-0110 39359 -1 2 3 -4 -5 6 -7 -8 9 -10 11 12 -13 14 -15 16 -17 18 19 20 21 -22 23 -24 -25 -26 -27 -28 29 30 31 -32 -33 -34 35 36 37 38 39 -40 41 -42 -43 44 45 46 -47 48 49 -50 0
uf50-0110 53730 -1 2 -3 4 5 6 -7 -8 9 -10 11 -12 -13 -14 -15 -16 -17 -18 19 20 -21 22 23 24 25 -26 -27 28 29 -30 31 32 -33 -34 35 36 37 38 -39 -40 41 -42 -43 44 45 46 47 48 49 -50 0
uf50-0110 44071 -1 2 3 -4 -5 6 -7 -8 9 -10 11 12 -13 -14 -15 16 -17 18 19 20 21 -22 23 -24 -25 -26 -27 -28 29 30 31 32 -33 34 35 36 37 38 -39 -40 41 42 -43 44 45 -46 47 48 49 -50 0
uf50-0110 39359 -1 2 3 -4 -5 6 -7 -8 9 -10 11 12 -13 14 -15 16 -17 18 19 20 21 -22 23 -24 -25 -26 -27 -28 29 30 31 -32 -33 -34 35 36 37 38 39 -40 41 -42 -43 44 45 46 -47 48 49 -50 0
uf50-0110 44071 -1 2 3 -4 -5 6 -7 -8 9 -10 11 12 -13 -14 -15 16 -17 18 19 20 21 -22 23 -24 -25 -26 -27 -28 29 30 31 32 -33 34 35 36 37 38 -39 -40 41 42 -43 44 45 -46 47 48 49 -50 0
uf50-0110 53730 -1 2 -3 4 5 6 -7 -8 9 -10 11 -12 -13 -14 -15 -16 -17 -18 19 20 -21 22 23 24 25 -26 -27 28 29 -30 31 32 -33 -34 35 36 37 38 -39 -40 41 -42 -43 44 45 46 47 48 49 -50 0
uf50-0110 39359 -1 2 3 -4 -5 6 -7 -8 9 -10 11 12 -13 14 -15 16 -17 18 19 20 21 -22 23 -24 -25 -26 -27 -28 29 30 31 -32 -33 -34 35 36 37 38 39 -40 41 -42 -43 44 45 46 -47 48 49 -50 0
uf50-0110 53730 -1 2 -3 4 5 6 -7 -8 9 -10 11 -12 -13 -14 -15 -16 -17 -18 19 20 -21 22 23 24 25 -26 -27 28 29 -30 31 32 -33 -34 35 36 37 38 -39 -40 41 -42 -43 44 45 46 47 48 49 -50 0
uf50-0110 48547 -1 2 3 -4 5 6 -7 -8 9 -10 11 12 -13 -14 -15 16 -17 -18 19 20 21 -22 23 -24 -25 -26 -27 -28 29 30 31 32 -33 34 35 36 37 38 -39 -40 41 42 -43 44 45 -46 47 48 49 50 0
uf50-0110 48547 -1 2 3 -4 5 6 -7 -8 9 -10 11 12 -13 -14 -15 16 -17 -18 19 20 21 -22 23 -24 -25 -26 -27 -28 29 30 31 32 -33 34 35 36 37 38 -39 -40 41 42 -43 44 45 -46 47 48 49 50 0
uf50-0110 39359 -1 2 3 -4 -5 6 -7 -8 9 -10 11 12 -13 14 -15 16 -17 18 19 20 21 -22 23 -24 -25 -26 -27 -28 29 30 31 -32 -33 -34 35 36 37 38 39 -40 41 -42 -43 44 45 46 -47 48 49 -50 0
uf50-0110 38887 -1 2 -3 -4 -5 6 -7 -8 9 -10 11 12 -13 -14 -15 16 17 -18 19 20 -21 22 23 -24 -25 -26 -27 -28 29 30 31 -32 -33 -34 35 36 37 38 39 -40 41 -42 -43 44 45 46 47 48 49 50 0
uf50-0110 53730 -1 2 -3 4 5 6 -7 -8 9 -10 11 -12 -13 -14 -15 -16 -17 -18 19 20 -21 22 23 24 25 -26 -27 28 29 -30 31 32 -33 -34 35 36 37 38 -39 -40 41 -42 -43 44 45 46 47 48 49 -50 0
uf50-0110 53730 -1 2 -3 4 5 6 -7 -8 9 -10 11 -12 -13 -14 -15 -16 -17 -18 19 20 -21 22 23 24 25 -26 -27 28 29 -30 31 32 -33 -34 35 36 37 38 -39 -40 41 -42 -43 44 45 46 47 48 49 -50 0
uf50-0110 48547 -1 2 3 -4 5 6 -7 -8 9 -10 11 12 -13 -14 -15 16 -17 -18 19 20 21 -22 23 -24 -25 -26 -27 -28 29 30 31 32 -33 34 35 36 37 38 -39 -40 41 42 -43 44 45 -46 47 48 49 50 0
uf50-0110 39240 -1 2 3 -4 -5 6 -7 -8 -9 -10 -11 12 13 14 -15 -16 -17 18 -19 20 21 -22 23 -24 -25 -26 -27 -28 29 30 31 -32 -33 -34 35 36 37 38 39 -40 41 -42 -43 44 45 46 -47 48 49 -50 0
uf50-0110 53730 -1 2 -3 4 5 6 -7 -8 9 -10 11 -12 -13 -14 -15 -16 -17 -18 19 20 -21 22 23 24 25 -26 -27 28 29 -30 31 32 -33 -34 35 36 37 38 -39 -40 41 -42 -43 44 45 46 47 48 49 -50 0
uf50-0110 40418 -1 2 3 -4 -5 6 -7 -8 -9 -10 -11 12 13 14 -15 -16 -17 18 -19 20 21 -22 23 -24 -25 -26 -27 -28 29 30 31 -32 -33 34 35 36 37 38 39 -40 41 -42 -43 44 -45 -46 -47 48 49 -50 0
uf50-0110 44071 -1 2 3 -4 -5 6 -7 -8 9 -10 11 12 -13 -14 -15 16 -17 18 19 20 21 -22 23 -24 -25 -26 -27 -28 29 30 31 32 -33 34 35 36 37 38 -39 -40 41 42 -43 44 45 -46 47 48 49 -50 0
uf50-0110 52316 -1 2 -3 4 5 6 -7 -8 9 -10 11 -12 -13 -14 -15 -16 -17 -18 19 20 -21 22 23 24 25 -26 -27 28 29 -30 31 32 -33 -34 35 36 37 38 -39 -40 41 -42 -43 44 -45 46 47 48 49 -50 0
uf50-0110 38887 -1 2 -3 -4 -5 6 -7 -8 9 -10 11 12 -13 -14 -15 16 17 -18 19 20 -21 22 23 -24 -25 -26 -27 -28 29 30 31 -32 -33 -34 35 36 37 38 39 -40 41 -42 -43 44 45 46 47 48 49 50 0
uf50-0110 38887 -1 2 -3 -4 -5 6 -7 -8 9 -10 11 12 -13 -14 -15 16 17 -18 19 20 -21 22 23 -24 -25 -26 -27 -28 29 30 31 -32 -33 -34 35 36 37 38 39 -40 41 -42 -43 44 45 46 47 48 49 50 0
uf50-0110 39359 -1 2 3 -4 -5 6 -7 -8 9 -10 11 12 -13 14 -15 16 -17 18 19 20 21 -22 23 -24 -25 -26 -27 -28 29 30 31 -32 -33 -34 35 36 37 38 39 -40 41 -42 -43 44 45 46 -47 48 49 -50 0
uf50-0110 53730 -1 2 -3 4 5 6 -7 -8 9 -10 11 -12 -13 -14 -15 -16 -17 -18 19 20 -21 22 23 24 25 -26 -27 28 29 -30 31 32 -33 -34 35 36 37 38 -39 -40 41 -42 -43 44 45 46 47 48 49 -50 0
uf50-0110 48547 -1 2 3 -4 5 6 -7 -8 9 -10 11 12 -13 -14 -15 16 -17 -18 19 20 21 -22 23 -24 -25 -26 -27 -28 29 30 31 32 -33 34 35 36 37 38 -39 -40 41 42 -43 44 45 -46 47 48 49 50 0
uf50-0110 48547 -1 2 3 -4 5 6 -7 -8 9 -10 11 12 -13 -14 -15 16 -17 -18 19 20 21 -22 23 -24 -25 -26 -27 -28 29 30 31 32 -33 34 35 36 37 38 -39 -40 41 42 -43 44 45 -46 47 48 49 50 0
uf50-0110 53730 -1 2 -3 4 5 6 -7 -8 9 -10 11 -12 -13 -14 -15 -16 -17 -18 19 20 -21 22 23 24 25 -26 -27 28 29 -30 31 32 -33 -34 35 36 37 38 -39 -40 41 -42 -43 44 45 46 47 48 49 -50 0
uf50-0110 43364 -1 2 3 -4 -5 6 -7 -8 9 -10 11 12 -13 -14 -15 16 -17 -18 19 20 21 -22 23 -24 -25 -26 -27 -28 29 30 31 32 -33 34 35 36 37 38 -39 -40 41 42 -43 44 45 -46 47 48 49 50 0
uf50-0110 53730 -1 2 -3 4 5 6 -7 -8 9 -10 11 -12 -13 -14 -15 -16 -17 -18 19 20 -21 22 23 24 25 -26 -27 28 29 -30 31 32 -33 -34 35 36 37 38 -39 -40 41 -42 -43 44 45 46 47 48 49 -50 0
uf50-0110 46427 -1 2 -3 -4 5 6 -7 -8 9 -10 11 -12 -13 -14 -15 -16 -17 -18 19 20 -21 22 23 24 25 -26 -27 28 29 -30 31 32 -33 -34 35 36 37 38 -39 -40 41 -42 -43 44 45 46 47 48 49 -50 0
uf50-0110 44071 -1 2 3 -4 -5 6 -7 -8 9 -10 11 12 -13 -14 -15 16 -17 18 19 20 21 -22 23 -24 -25 -26 -27 -28 29 30 31 32 -33 34 35 36 37 38 -39 -40 41 42 -43 44 45 -46 47 48 49 -50 0
uf50-0110 38887 -1 2 -3 -4 -5 6 -7 -8 9 -10 11 12 -13 -14 -15 16 17 -18 19 20 -21 22 23 -24 -25 -26 -27 -28 29 30 31 -32 -33 -34 35 36 37 38 39 -40 41 -42 -43 44 45 46 47 48 49 50 0
uf50-0110 48547 -1 2 3 -4 5 6 -7 -8 9 -10 11 12 -13 -14 -15 16 -17 -18 19 20 21 -22 23 -24 -25 -26 -27 -28 29 30 31 32 -33 34 35 36 37 38 -39 -40 41 42 -43 44 45 -46 47 48 49 50 0
uf50-0110 53730 -1 2 -3 4 5 6 -7 -8 9 -10 11 -12 -13 -14 -15 -16 -17 -18 19 20 -21 22 23 24 25 -26 -27 28 29 -30 31 32 -33 -34 35 36 37 38 -39 -40 41 -42 -43 44 45 46 47 48 49 -50 0
uf50-0110 44071 -1 2 3 -4 -5 6 -7 -8 9 -10 11 12 -13 -14 -15 16 -17 18 19 20 21 -22 23 -24 -25 -26 -27 -28 29 30 31 32 -33 34 35 36 37 38 -39 -40 41 42 -43 44 45 -46 47 48 49 -50 0
uf50-0110 53730 -1 2 -3 4 5 6 -7 -8 9 -10 11 -12 -13 -14 -15 -16 -17 -18 19 20 -21 22 23 24 25 -26 -27 28 29 -30 31 32 -33 -34 35 36 37 38 -39 -40 41 -42 -43 44 45 46 47 48 49 -50 0
uf50-0110 48547 -1 2 3 -4 5 6 -7 -8 9 -10 11 12 -13 -14 -15 16 -17 -18 19 20 21 -22 23 -24 -25 -26 -27 -28 29 30 31 32 -33 34 35 36 37 38 -39 -40 41 42 -43 44 45 -46 47 48 49 50 0
uf50-0110 48547 -1 2 3 -4 5 6 -7 -8 9 -10 11 12 -13 -14 -15 16 -17 -18 19 20 21 -22 23 -24 -25 -26 -27 -28 29 30 31 32 -33 34 35 36 37 38 -39 -40 41 42 -43 44 45 -46 47 48 49 50 0
uf50-0110 39359 -1 2 3 -4 -5 6 -7 -8 9 -10 11 12 -13 14 -15 16 -17 18 19 20 21 -22 23 -24 -25 -26 -27 -28 29 30 31 -32 -33 -34 35 36 37 38 39 -40 41 -42 -43 44 45 46 -47 48 49 -50 0
uf50-0110 39359 -1 2 3 -4 -5 6 -7 -8 9 -10 11 12 -13 14 -15 16 -17 18 19 20 21 -22 23 -24 -25 -26 -27 -28 29 30 31 -32 -33 -34 35 36 37 38 39 -40 41 -42 -43 44 45 46 -47 48 49 -50 0
uf50-0110 48547 -1 2 3 -4 5 6 -7 -8 9 -10 11 12 -13 -14 -15 16 -17 -18 19 20 21 -22 23 -24 -25 -26 -27 -28 29 30 31 32 -33 34 35 36 37 38 -39 -40 41 42 -43 44 45 -46 47 48 49 50 0
uf50-0110 44071 -1 2 3 -4 -5 6 -7 -8 9 -10 11 12 -13 -14 -15 16 -17 18 19 20 21 -22 23 -24 -25 -26 -27 -28 29 30 31 32 -33 34 35 36 37 38 -39 -40 41 42 -43 44 45 -46 47 48 49 -50 0
uf50-0110 38887 -1 2 -3 -4 -5 6 -7 -8 9 -10 11 12 -13 -14 -15 16 17 -18 19 20 -21 22 23 -24 -25 -26 -27 -28 29 30 31 -32 -33 -34 35 36 37 38 39 -40 41 -42 -43 44 45 46 47 48 49 50 0
uf50-0110 53730 -1 2 -3 4 5 6 -7 -8 9 -10 11 -12 -13 -14 -15 -16 -17 -18 19 20 -21 22 23 24 25 -26 -27 28 29 -30 31 32 -33 -34 35 36 37 38 -39 -40 41 -42 -43 44 45 46 47 48 49 -50 0
uf50-0110 44071 -1 2 3 -4 -5 6 -7 -8 9 -10 11 12 -13 -14 -15 16 -17 18 19 20 21 -22 23 -24 -25 -26 -27 -28 29 30 31 32 -33 34 35 36 37 38 -39 -40 41 42 -43 44 45 -46 47 48 49 -50 0
uf50-0110 40418 -1 2 3 -4 -5 6 -7 -8 -9 -10 -11 12 13 14 -15 -16 -17 18 -19 20 21 -22 23 -24 -25 -26 -27 -28 29 30 31 -32 -33 34 35 36 37 38 39 -40 41 -42 -43 44 -45 -46 -47 48 49 -50 0
uf50-0110 53730 -1 2 -3 4 5 6 -7 -8 9 -10 11 -12 -13 -14 -15 -16 -17 -18 19 20 -21 22 23 24 25 -26 -27 28 29 -30 31 32 -33 -34 35 36 37 38 -39 -40 41 -42 -43 44 45 46 47 48 49 -50 0
uf50-0110 39359 -1 2 3 -4 -5 6 -7 -8 9 -10 11 12 -13 14 -15 16 -17 18 19 20 21 -22 23 -24 -25 -26 -27 -28 29 30 31 -32 -33 -34 35 36 37 38 39 -40 41 -42 -43 44 45 46 -47 48 49 -50 0
uf50-0110 39359 -1 2 3 -4 -5 6 -7 -8 9 -10 11 12 -13 14 -15 16 -17 18 19 20 21 -22 23 -24 -25 -26 -27 -28 29 30 31 -32 -33 -34 35 36 37 38 39 -40 41 -42 -43 44 45 46 -47 48 49 -50 0
uf50-0110 48547 -1 2 3 -4 5 6 -7 -8 9 -10 11 12 -13 -14 -15 16 -17 -18 19 20 21 -22 23 -24 -25 -26 -27 -28 29 30 31 32 -33 34 35 36 37 38 -39 -40 41 42 -43 44 45 -46 47 48 49 50 0
uf50-0110 48547 -1 2 3 -4 5 6 -7 -8 9 -10 11 12 -13 -14 -15 16 -17 -18 19 20 21 -22 23 -24 -25 -26 -27 -28 29 30 31 32 -33 34 35 36 37 38 -39 -40 41 42 -43 44 45 -46 47 48 49 50 0
uf50-0110 39359 -1 2 3 -4 -5 6 -7 -8 9 -10 11 12 -13 14 -15 16 -17 18 19 20 21 -22 23 -24 -25 -26 -27 -28 29 30 31 -32 -33 -34 35 36 37 38 39 -40 41 -42 -43 44 45 46 -47 48 49 -50 0
uf50-0110 44071 -1 2 3 -4 -5 6 -7 -8 9 -10 11 12 -13 -14 -15 16 -17 18 19 20 21 -22 23 -24 -25 -26 -27 -28 29 30 31 32 -33 34 35 36 37 38 -39 -40 41 42 -43 44 45 -46 47 48 49 -50 0
uf50-0110 48547 -1 2 3 -4 5 6 -7 -8 9 -10 11 12 -13 -14 -15 16 -17 -18 19 20 21 -22 23 -24 -25 -26 -27 -28 29 30 31 32 -33 34 35 36 37 38 -39 -40 41 42 -43 44 45 -46 47 48 49 50 0
uf50-0110 53730 -1 2 -3 4 5 6 -7 -8 9 -10 11 -12 -13 -14 -15 -16 -17 -18 19 20 -21 22 23 24 25 -26 -27 28 29 -30 31 32 -33 -34 35 36 37 38 -39 -40 41 -42 -43 44 45 46 47 48 49 -50 0
uf50-0110 38887 -1 2 -3 -4 -5 6 -7 -8 9 -10 11 12 -13 -14 -15 16 17 -18 19 20 -21 22 23 -24 -25 -26 -27 -28 29 30 31 -32 -33 -34 35 36 37 38 39 -40 41 -42 -43 44 45 46 47 48 49 50 0
uf50-0110 44071 -1 2 3 -4 -5 6 -7 -8 9 -10 11 12 -13 -14 -15 16 -17 18 19 20 21 -22 23 -24 -25 -26 -27 -28 29 30 31 32 -33 34 35 36 37 38 -39 -40 41 42 -43 44 45 -46 47 48 49 -50 0
uf50-0110 39359 -1 2 3 -4 -5 6 -7 -8 9 -10 11 12 -13 14 -15 16 -17 18 19 20 21 -22 23 -24 -25 -26 -27 -28 29 30 31 -32 -33 -34 35 36 37 38 39 -40 41 -42 -43 44 45 46 -47 48 49 -50 0
uf50-0110 43953 -1 2 3 -4 -5 6 -7 -8 9 -10 11 12 -13 -14 -15 16 -17 18 19 20 21 -22 23 -24 -25 -26 -27 -28 29 30 31 32 -33 34 35 36 37 38 -39 -40 41 42 -43 44 45 -46 47 48 -49 -50 0
uf50-0110 44071 -1 2 3 -4 -5 6 -7 -8 9 -10 11 12 -13 -14 -15 16 -17 18 19 20 21 -22 23 -24 -25 -26 -27 -28 29 30 31 32 -33 34 35 36 37 38 -39 -40 41 42 -43 44 45 -46 47 48 49 -50 0
uf50-0110 40418 -1 2 3 -4 -5 6 -7 -8 -9 -10 -11 12 13 14 -15 -16 -17 18 -19 20 21 -22 23 -24 -25 -26 -27 -28 29 30 31 -32 -33 34 35 36 37 38 39 -40 41 -42 -43 44 -45 -46 -47 48 49 -50 0
uf50-0110 39359 -1 2 3 -4 -5 6 -7 -8 9 -10 11 12 -13 14 -15 16 -17 18 19 20 21 -22 23 -24 -25 -26 -27 -28 29 30 31 -32 -33 -34 35 36 37 38 39 -40 41 -42 -43 44 45 46 -47 48 49 -50 0
uf50-0110 48547 -1 2 3 -4 5 6 -7 -8 9 -10 11 12 -13 -14 -15 16 -17 -18 19 20 21 -22 23 -24 -25 -26 -27 -28 29 30 31 32 -33 34 35 36 37 38 -39 -40 41 42 -43 44 45 -46 47 48 49 50 0
uf50-0110 44071 -1 2 3 -4 -5 6 -7 -8 9 -10 11 12 -13 -14 -15 16 -17 18 19 20 21 -22 23 -24 -25 -26 -27 -28 29 30 31 32 -33 34 35 36 37 38 -39 -40 41 42 -43 44 45 -46 47 48 49 -50 0
uf50-0110 53730 -1 2 -3 4 5 6 -7 -8 9 -10 11 -12 -13 -14 -15 -16 -17 -18 19 20 -21 22 23 24 25 -26 -27 28 29 -30 31 32 -33 -34 35 36 37 38 -39 -40 41 -42 -43 44 45 46 47 48 49 -50 0
uf50-0110 44071 -1 2 3 -4 -5 6 -7 -8 9 -10 11 12 -13 -14 -15 16 -17 18 19 20 21 -22 23 -24 -25 -26 -27 -28 29 30 31 32 -33 34 35 36 37 38 -39 -40 41 42 -43 44 45 -46 47 48 49 -50 0
uf50-0110 44071 -1 2 3 -4 -5 6 -7 -8 9 -10 11 12 -13 -14 -15 16 -17 18 19 20 21 -22 23 -24 -25 -26 -27 -28 29 30 31 32 -33 34 35 36 37 38 -39 -40 41 42 -43 44 45 -46 47 48 49 -50 0
uf50-0110 46191 -1 2 3 -4 5 6 -7 -8 -9 -10 11 12 -13 -14 -15 16 -17 -18 19 20 21 -22 23 -24 -25 -26 -27 -28 29 30 31 32 -33 34 35 36 37 38 -39 -40 41 42 -43 44 45 -46 47 48 49 50 0
uf50-0110 38887 -1 2 -3 -4 -5 6 -7 -8 9 -10 11 12 -13 -14 -15 16 17 -18 19 20 -21 22 23 -24 -25 -26 -27 -28 29 30 31 -32 -33 -34 35 36 37 38 39 -40 41 -42 -43 44 45 46 47 48 49 50 0
uf50-0110 53730 -1 2 -3 4 5 6 -7 -8 9 -10 11 -12 -13 -14 -15 -16 -17 -18 19 20 -21 22 23 24 25 -26 -27 28 29 -30 31 32 -33 -34 35 36 37 38 -39 -40 41 -42 -43 44 45 46 47 48 49 -50 0
uf50-0110 48547 -1 2 3 -4 5 6 -7 -8 9 -10 11 12 -13 -14 -15 16 -17 -18 19 20 21 -22 23 -24 -25 -26 -27 -28 29 30 31 32 -33 34 35 36 37 38 -39 -40 41 42 -43 44 45 -46 47 48 49 50 0
uf50-0110 53730 -1 2 -3 4 5 6 -7 -8 9 -10 11 -12 -13 -14 -15 -16 -17 -18 19 20 -21 22 23 24 25 -26 -27 28 29 -30 31 32 -33 -34 35 36 37 38 -39 -40 41 -42 -43 44 45 46 47 48 49 -50 0
uf50-0110 53730 -1 2 -3 4 5 6 -7 -8 9 -10 11 -12 -13 -14 -15 -16 -17 -18 19 20 -21 22 23 24 25 -26 -27 28 29 -30 31 32 -33 -34 35 36 37 38 -39 -40 41 -42 -43 44 45 46 47 48 49 -50 0
uf50-0110 44071 -1 2 3 -4 -5 6 -7 -8 9 -10 11 12 -13 -14 -15 16 -17 18 19 20 21 -22 23 -24 -25 -26 -27 -28 29 30 31 32 -33 34 35 36 37 38 -39 -40 41 42 -43 44 45 -46 47 48 49 -50 0
uf50-0110 44071 -1 2 3 -4 -5 6 -7 -8 9 -10 11 12 -13 -14 -15 16 -17 18 19 20 21 -22 23 -24 -25 -26 -27 -28 29 30 31 32 -33 34 35 36 37 38 -39 -40 41 42 -43 44 45 -46 47 48 49 -50 0
uf50-0110 44071 -1 2 3 -4 -5 6 -7 -8 9 -10 11 12 -13 -14 -15 16 -17 18 19 20 21 -22 23 -24 -25 -26 -27 -28 29 30 31 32 -33 34 35 36 37 38 -39 -40 41 42 -43 44 45 -46 47 48 49 -50 0
uf50-0110 38887 -1 2 -3 -4 -5 6 -7 -8 9 -10 11 12 -13 -14 -15 16 17 -18 19 20 -21 22 23 -24 -25 -26 -27 -28 29 30 31 -32 -33 -34 35 36 37 38 39 -40 41 -42 -43 44 45 46 47 48 49 50 0
uf50-0110 44071 -1 2 3 -4 -5 6 -7 -8 9 -10 11 12 -13 -14 -15 16 -17 18 19 20 21 -22 23 -24 -25 -26 -27 -28 29 30 31 32 -33 34 35 36 37 38 -39 -40 41 42 -43 44 45 -46 47 48 49 -50 0
uf50-0110 53730 -1 2 -3 4 5 6 -7 -8 9 -10 11 -12 -13 -14 -15 -16 -17 -18 19 20 -21 22 23 24 25 -26 -27 28 29 -30 31 32 -33 -34 35 36 37 38 -39 -40 41 -42 -43 44 45 46 47 48 49 -50 0
uf50-0110 53730 -1 2 -3 4 5 6 -7 -8 9 -10 11 -12 -13 -14 -15 -16 -17 -18 19 20 -21 22 23 24 25 -26 -27 28 29 -30 31 32 -33 -34 35 36 37 38 -39 -40 41 -42 -43 44 45 46 47 48 49 -50 0
uf50-0110 53730 -1 2 -3 4 5 6 -7 -8 9 -10 11 -12 -13 -14 -15 -16 -17 -18 19 20 -21 22 23 24 25 -26 -27 28 29 -30 31 32 -33 -34 35 36 37 38 -39 -40 41 -42 -43 44 45 46 47 48 49 -50 0
uf50-0110 35824 -1 2 -3 -4 5 6 -7 -8 9 -10 11 12 -13 -14 -15 16 -17 -18 19 20 -21 22 23 -24 -25 -26 -27 -28 29 30 31 32 -33 -34 35 36 37 38 -39 -40 41 -42 -43 44 45 46 47 48 49 50 0
uf50-0110 48547 -1 2 3 -4 5 6 -7 -8 9 -10 11 12 -13 -14 -15 16 -17 -18 19 20 21 -22 23 -24 -25 -26 -27 -28 29 30 31 32 -33 34 35 36 37 38 -39 -40 41 42 -43 44 45 -46 47 48 49 50 0
uf50-0110 38887 -1 2 -3 -4 -5 6 -7 -8 9 -10 11 12 -13 -14 -15 16 17 -18 19 20 -21 22 23 -24 -25 -26 -27 -28 29 30 31 -32 -33 -34 35 36 37 38 39 -40 41 -42 -43 44 45 46 47 48 49 50 0
uf50-0110 53730 -1 2 -3 4 5 6 -7 -8 9 -10 11 -12 -13 -14 -15 -16 -17 -18 19 20 -21 22 23 24 25 -26 -27 28 29 -30 31 32 -33 -34 35 36 37 38 -39 -40 41 -42 -43 44 45 46 47 48 49 -50 0
uf50-0110 38887 -1 2 -3 -4 -5 6 -7 -8 9 -10 11 12 -13 -14 -15 16 17 -18 19 20 -21 22 23 -24 -25 -26 -27 -28 29 30 31 -32 -33 -34 35 36 37 38 39 -40 41 -42 -43 44 45 46 47 48 49 50 0
uf50-0110 53730 -1 2 -3 4 5 6 -7 -8 9 -10 11 -12 -13 -14 -15 -16 -17 -18 19 20 -21 22 23 24 25 -26 -27 28 29 -30 31 32 -33 -34 35 36 37 38 -39 -40 41 -42 -43 44 45 46 47 48 49 -50 0
uf50-0110 48547 -1 2 3 -4 5 6 -7 -8 9 -10 11 12 -13 -14 -15 16 -17 -18 19 20 21 -22 23 -24 -25 -26 -27 -28 29 30 31 32 -33 34 35 36 37 38 -39 -40 41 42 -43 44 45 -46 47 48 49 50 0
uf50-0110 40418 -1 2 3 -4 -5 6 -7 -8 -9 -10 -11 12 13 14 -15 -16 -17 18 -19 20 21 -22 23 -24 -25 -26 -27 -28 29 30 31 -32 -33 34 35 36 37 38 39 -40 41 -42 -43 44 -45 -46 -47 48 49 -50 0
uf50-0110 40418 -1 2 3 -4 -5 6 -7 -8 -9 -10 -11 12 13 14 -15 -16 -17 18 -19 20 21 -22 23 -24 -25 -26 -27 -28 29 30 31 -32 -33 34 35 36 37 38 39 -40 41 -42 -43 44 -45 -46 -47 48 49 -50 0
uf50-0110 53730 -1 2 -3 4 5 6 -7 -8 9 -10 11 -12 -13 -14 -15 -16 -17 -18 19 20 -21 22 23 24 25 -26 -27 28 29 -30 31 32 -33 -34 35 36 37 38 -39 -40 41 -42 -43 44 45 46 47 48 49 -50 0
uf50-0110 44071 -1 2 3 -4 -5 6 -7 -8 9 -10 11 12 -13 -14 -15 16 -17 18 19 20 21 -22 23 -24 -25 -26 -27 -28 29 30 31 32 -33 34 35 36 37 38 -39 -40 41 42 -43 44 45 -46 47 48 49 -50 0
uf50-0110 53730 -1 2 -3 4 5 6 -7 -8 9 -10 11 -12 -13 -14 -15 -16 -17 -18 19 20 -21 22 23 24 25 -26 -27 28 29 -30 31 32 -33 -34 35 36 37 38 -39 -40 41 -42 -43 44 45 46 47 48 49 -50 0
uf50-0110 38887 -1 2 -3 -4 -5 6 -7 -8 9 -10 11 12 -13 -14 -15 16 17 -18 19 20 -21 22 23 -24 -25 -26 -27 -28 29 30 31 -32 -33 -34 35 36 37 38 39 -40 41 -42 -43 44 45 46 47 48 49 50 0
uf50-0110 48547 -1 2 3 -4 5 6 -7 -8 9 -10 11 12 -13 -14 -15 16 -17 -18 19 20 21 -22 23 -24 -25 -26 -27 -28 29 30 31 32 -33 34 35 36 37 38 -39 -40 41 42 -43 44 45 -46 47 48 49 50 0
uf50-0110 44071 -1 2 3 -4 -5 6 -7 -8 9 -10 11 12 -13 -14 -15 16 -17 18 19 20 21 -22 23 -24 -25 -26 -27 -28 29 30 31 32 -33 34 35 36 37 38 -39 -40 41 42 -43 44 45 -46 47 48 49 -50 0
uf50-0110 46191 -1 2 3 -4 5 6 -7 -8 -9 -10 11 12 -13 -14 -15 16 -17 -18 19 20 21 -22 23 -24 -25 -26 -27 -28 29 30 31 32 -33 34 35 36 37 38 -39 -40 41 42 -43 44 45 -46 47 48 49 50 0
uf50-0110 48547 -1 2 3 -4 5 6 -7 -8 9 -10 11 12 -13 -14 -15 16 -17 -18 19 20 21 -22 23 -24 -25 -26 -27 -28 29 30 31 32 -33 34 35 36 37 38 -39 -40 41 42 -43 44 45 -46 47 48 49 50 0
