uf50-0239 42569 -1 2 -3 4 5 6 7 8 -9 -10 11 12 -13 -14 -15 16 -17 -18 19 20 21 -22 -23 -24 -25 26 -27 -28 29 30 31 -32 -33 34 35 36 37 38 -39 -40 41 42 -43 -44 45 46 -47 48 -49 50 0
uf50-0239 46558 -1 2 -3 4 5 6 -7 8 -9 -10 11 12 -13 -14 15 -16 -17 -18 19 -20 21 -22 -23 24 -25 26 -27 -28 29 30 31 -32 -33 34 35 36 37 38 -39 -40 41 42 -43 -44 45 46 -47 48 49 50 0
uf50-0239 61306 1 -2 -3 4 -5 -6 7 8 -9 10 11 12 -13 -14 -15 -16 17 -18 -19 20 21 -22 -23 -24 25 26 -27 -28 29 30 31 -32 33 34 -35 36 37 -38 -39 40 -41 42 -43 44 45 46 -47 -48 -49 50 0
uf50-0239 46558 -1 2 -3 4 5 6 -7 8 -9 -10 11 12 -13 -14 15 -16 -17 -18 19 -20 21 -22 -23 24 -25 26 -27 -28 29 30 31 -32 -33 34 35 36 37 38 -39 -40 41 42 -43 -44 45 46 -47 48 49 50 0
uf50-0239 46558 -1 2 -3 4 5 6 -7 8 -9 -10 11 12 -13 -14 15 -16 -17 -18 19 -20 21 -22 -23 24 -25 26 -27 -28 29 30 31 -32 -33 34 35 36 37 38 -39 -40 41 42 -43 -44 45 46 -47 48 49 50 0
uf50-0239 46558 -1 2 -3 4 5 6 -7 8 -9 -10 11 12 -13 -14 15 -16 -17 -18 19 -20 21 -22 -23 24 -25 26 -27 -28 29 30 31 -32 -33 34 35 36 37 38 -39 -40 41 42 -43 -44 45 46 -47 48 49 50 0
uf50-0239 46558 -1 2 -3 4 5 6 -7 8 -9 -10 11 12 -13 -14 15 -16 -17 -18 19 -20 21 -22 -23 24 -25 26 -27 -28 29 30 31 -32 -33 34 35 36 37 38 -39 -40 41 42 -43 -44 45 46 -47 48 49 50 0
uf50-0239 46558 -1 2 -3 4 5 6 -7 8 -9 -10 11 12 -13 -14 15 -16 -17 -18 19 -20 21 -22 -23 24 -25 26 -27 -28 29 30 31 -32 -33 34 35 36 37 38 -39 -40 41 42 -43 -44 45 46 -47 48 49 50 0
uf50-0239 46558 -1 2 -3 4 5 6 -7 8 -9 -10 11 12 -13 -14 15 -16 -17 -18 19 -20 21 -22 -23 24 -25 26 -27 -28 29 30 31 -32 -33 34 35 36 37 38 -39 -40 41 42 -43 -44 45 46 -47 48 49 50 0
uf50-0239 45400 -1 2 -3 4 5 6 -7 8 -9 -10 11 12 -13 -14 15 16 -17 -18 19 20 21 -22 -23 24 -25 26 -27 -28 29 30 31 -32 -33 34 35 36 37 38 -39 -40 41 42 -43 -44 45 46 -47 48 -49 50 0
uf50-0239 46558 -1 2 -3 4 5 6 -7 8 -9 -10 11 12 -13 -14 15 -16 -17 -18 19 -20 21 -22 -23 24 -25 26 -27 -28 29 30 31 -32 -33 34 35 36 37 38 -39 -40 41 42 -43 -44 45 46 -47 48 49 50 0
uf50-0239 46558 -1 2 -3 4 5 6 -7 8 -9 -10 11 12 -13 -14 15 -16 -17 -18 19 -20 21 -22 -23 24 -25 26 -27 -28 29 30 31 -32 -33 34 35 36 37 38 -39 -40 41 42 -43 -44 45 46 -47 48 49 50 0
uf50-0239 87678 -1 -2 3 4 5 6 -7 8 -9 -10 11 12 -13 -14 -15 -16 17 18 19 20 21 -22 -23 -24 25 -26 -27 28 29 30 31 32 33 -34 -35 36 37 38 39 40 -41 42 -43 -44 45 -46 -47 -48 -49 -50 0
uf50-0239 46558 -1 2 -3 4 5 6 -7 8 -9 -10 11 12 -13 -14 15 -16 -17 -18 19 -20 21 -22 -23 24 -25 26 -27 -28 29 30 31 -32 -33 34 35 36 37 38 -39 -40 41 42 -43 -44 45 46 -47 48 49 50 0
uf50-0239 46558 -1 2 -3 4 5 6 -7 8 -9 -10 11 12 -13 -14 15 -16 -17 -18 19 -20 21 -22 -23 24 -25 26 -27 -28 29 30 31 -32 -33 34 35 36 37 38 -39 -40 41 42 -43 -44 45 46 -47 48 49 50 0
uf50-0239 46558 -1 2 -3 4 5 6 -7 8 -9 -10 11 12 -13 -14 15 -16 -17 -18 19 -20 21 -22 -23 24 -25 26 -27 -28 29 30 31 -32 -33 34 35 36 37 38 -39 -40 41 42 -43 -44 45 46 -47 48 49 50 0
uf50-0239 39534 -1 2 -3 4 -5 6 7 8 -9 -10 11 12 -13 -14 -15 16 -17 -18 19 20 21 -22 -23 -24 -25 26 -27 -28 29 30 31 -32 33 34 35 36 37 38 -39 -40 -41 42 -43 -44 45 46 -47 48 -49 50 0
uf50-0239 46558 -1 2 -3 4 5 6 -7 8 -9 -10 11 12 -13 -14 15 -16 -17 -18 19 -20 21 -22 -23 24 -25 26 -27 -28 29 30 31 -32 -33 34 35 36 37 38 -39 -40 41 42 -43 -44 45 46 -47 48 49 50 0
uf50-0239 46558 -1 2 -3 4 5 6 -7 8 -9 -10 11 12 -13 -14 15 -16 -17 -18 19 -20 21 -22 -23 24 -25 26 -27 -28 29 30 31 -32 -33 34 35 36 37 38 -39 -40 41 42 -43 -44 45 46 -47 48 49 50 0
uf50-0239 52610 1 -2 -3 4 5 -6 7 8 -9 -10 11 12 -13 -14 -15 -16 -17 18 -19 20 21 -22 -23 -24 25 26 -27 -28 29 30 31 -32 -33 34 -35 36 37 -38 -39 40 -41 42 -43 44 45 46 -47 -48 -49 50 0
uf50-0239 45400 -1 2 -3 4 5 6 -7 8 -9 -10 11 12 -13 -14 15 16 -17 -18 19 20 21 -22 -23 24 -25 26 -27 -28 29 30 31 -32 -33 34 35 36 37 38 -39 -40 41 42 -43 -44 45 46 -47 48 -49 50 0
uf50-0239 87678 -1 -2 3 4 5 6 -7 8 -9 -10 11 12 -13 -14 -15 -16 17 18 19 20 21 -22 -23 -24 25 -26 -27 28 29 30 31 32 33 -34 -35 36 37 38 39 40 -41 42 -43 -44 45 -46 -47 -48 -49 -50 0
uf50-0239 46558 -1 2 -3 4 5 6 -7 8 -9 -10 11 12 -13 -14 15 -16 -17 -18 19 -20 21 -22 -23 24 -25 26 -27 -28 29 30 31 -32 -33 34 35 36 37 38 -39 -40 41 42 -43 -44 45 46 -47 48 49 50 0
uf50-0239 45400 -1 2 -3 4 5 6 -7 8 -9 -10 11 12 -13 -14 15 16 -17 -18 19 20 21 -22 -23 24 -25 26 -27 -28 29 30 31 -32 -33 34 35 36 37 38 -39 -40 41 42 -43 -44 45 46 -47 48 -49 50 0
uf50-0239 66319 1 -2 -3 4 5 -6 7 8 -9 10 11 12 -13 -14 -15 -16 17 -18 -19 20 21 -22 -23 -24 25 26 -27 -28 29 30 31 -32 33 34 -35 36 37 -38 -39 40 -41 42 -43 44 45 46 -47 -48 -49 50 0
uf50-0239 53565 1 -2 -3 4 -5 -6 7 8 -9 -10 11 12 -13 -14 -15 -16 17 -18 -19 20 21 -22 -23 -24 25 26 -27 -28 29 30 31 -32 33 34 -35 36 37 -38 -39 40 -41 42 -43 44 45 46 -47 -48 -49 -50 0
uf50-0239 45400 -1 2 -3 4 5 6 -7 8 -9 -10 11 12 -13 -14 15 16 -17 -18 19 20 21 -22 -23 24 -25 26 -27 -28 29 30 31 -32 -33 34 35 36 37 38 -39 -40 41 42 -43 -44 45 46 -47 48 -49 50 0
uf50-0239 45400 -1 2 -3 4 5 6 -7 8 -9 -10 11 12 -13 -14 15 16 -17 -18 19 20 21 -22 -23 24 -25 26 -27 -28 29 30 31 -32 -33 34 35 36 37 38 -39 -40 41 42 -43 -44 45 46 -47 48 -49 50 0
uf50-0239 65977 1 -2 -3 4 5 -6 7 8 -9 -10 11 12 -13 -14 -15 -16 17 18 -19 20 21 -22 -23 -24 25 26 -27 -28 29 30 31 -32 33 34 -35 36 37 -38 -39 40 -41 42 -43 44 45 46 -47 -48 -49 -50 0
uf50-0239 46558 -1 2 -3 4 5 6 -7 8 -9 -10 11 12 -13 -14 15 -16 -17 -18 19 -20 21 -22 -23 24 -25 26 -27 -28 29 30 31 -32 -33 34 35 36 37 38 -39 -40 41 42 -43 -44 45 46 -47 48 49 50 0
uf50-0239 46558 -1 2 -3 4 5 6 -7 8 -9 -10 11 12 -13 -14 15 -16 -17 -18 19 -20 21 -22 -23 24 -25 26 -27 -28 29 30 31 -32 -33 34 35 36 37 38 -39 -40 41 42 -43 -44 45 46 -47 48 49 50 0
uf50-0239 87678 -1 -2 3 4 5 6 -7 8 -9 -10 11 12 -13 -14 -15 -16 17 18 19 20 21 -22 -23 -24 25 -26 -27 28 29 30 31 32 33 -34 -35 36 37 38 39 40 -41 42 -43 -44 45 -46 -47 -48 -49 -50 0
uf50-0239 46558 -1 2 -3 4 5 6 -7 8 -9 -10 11 12 -13 -14 15 -16 -17 -18 19 -20 21 -22 -23 24 -25 26 -27 -28 29 30 31 -32 -33 34 35 36 37 38 -39 -40 41 42 -43 -44 45 46 -47 48 49 50 0
uf50-0239 45400 -1 2 -3 4 5 6 -7 8 -9 -10 11 12 -13 -14 15 16 -17 -18 19 20 21 -22 -23 24 -25 26 -27 -28 29 30 31 -32 -33 34 35 36 37 38 -39 -40 41 42 -43 -44 45 46 -47 48 -49 50 0
uf50-0239 43899 -1 2 -3 4 5 6 -7 8 -9 -10 11 12 -13 -14 15 16 -17 -18 19 -20 21 -22 -23 24 -25 26 -27 -28 29 30 31 -32 -33 34 35 36 37 38 -39 -40 41 42 -43 -44 45 46 -47 48 -49 50 0
uf50-0239 46558 -1 2 -3 4 5 6 -7 8 -9 -10 11 12 -13 -14 15 -16 -17 -18 19 -20 21 -22 -23 24 -25 26 -27 -28 29 30 31 -32 -33 34 35 36 37 38 -39 -40 41 42 -43 -44 45 46 -47 48 49 50 0
uf50-0239 87678 -1 -2 3 4 5 6 -7 8 -9 -10 11 12 -13 -14 -15 -16 17 18 19 20 21 -22 -23 -24 25 -26 -27 28 29 30 31 32 33 -34 -35 36 37 38 39 40 -41 42 -43 -44 45 -46 -47 -48 -49 -50 0
uf50-0239 68603 1 -2 -3 4 -5 -6 7 8 -9 10 11 12 -13 -14 -15 -16 17 -18 -19 20 21 -22 -23 -24 25 26 -27 -28 29 30 31 -32 33 34 -35 36 37 -38 -39 40 -41 42 -43 44 45 46 -47 -48 49 50 0
uf50-0239 46558 -1 2 -3 4 5 6 -7 8 -9 -10 11 12 -13 -14 15 -16 -17 -18 19 -20 21 -22 -23 24 -25 26 -27 -28 29 30 31 -32 -33 34 35 36 37 38 -39 -40 41 42 -43 -44 45 46 -47 48 49 50 0
uf50-0239 45400 -1 2 -3 4 5 6 -7 8 -9 -10 11 12 -13 -14 15 16 -17 -18 19 20 21 -22 -23 24 -25 26 -27 -28 29 30 31 -32 -33 34 35 36 37 38 -39 -40 41 42 -43 -44 45 46 -47 48 -49 50 0
uf50-0239 45400 -1 2 -3 4 5 6 -7 8 -9 -10 11 12 -13 -14 15 16 -17 -18 19 20 21 -22 -23 24 -25 26 -27 -28 29 30 31 -32 -33 34 35 36 37 38 -39 -40 41 42 -43 -44 45 46 -47 48 -49 50 0
uf50-0239 87678 -1 -2 3 4 5 6 -7 8 -9 -10 11 12 -13 -14 -15 -16 17 18 19 20 21 -22 -23 -24 25 -26 -27 28 29 30 31 32 33 -34 -35 36 37 38 39 40 -41 42 -43 -44 45 -46 -47 -48 -49 -50 0
uf50-0239 66488 1 -2 -3 4 5 -6 7 8 -9 -10 11 12 -13 -14 -15 -16 17 18 -19 20 21 -22 -23 -24 25 26 -27 -28 29 30 -31 -32 33 34 -35 36 37 -38 -39 40 -41 42 -43 44 45 46 -47 -48 -49 50 0
uf50-0239 46558 -1 2 -3 4 5 6 -7 8 -9 -10 11 12 -13 -14 15 -16 -17 -18 19 -20 21 -22 -23 24 -25 26 -27 -28 29 30 31 -32 -33 34 35 36 37 38 -39 -40 41 42 -43 -44 45 46 -47 48 49 50 0
uf50-0239 46558 -1 2 -3 4 5 6 -7 8 -9 -10 11 12 -13 -14 15 -16 -17 -18 19 -20 21 -22 -23 24 -25 26 -27 -28 29 30 31 -32 -33 34 35 36 37 38 -39 -40 41 42 -43 -44 45 46 -47 48 49 50 0
uf50-0239 73922 1 -2 -3 4 5 -6 7 8 -9 -10 11 12 -13 -14 -15 -16 17 18 -19 20 21 -22 -23 -24 25 26 -27 -28 29 30 31 -32 33 34 -35 36 37 -38 -39 40 -41 42 -43 44 45 46 -47 -48 49 50 0
uf50-0239 46558 -1 2 -3 4 5 6 -7 8 -9 -10 11 12 -13 -14 15 -16 -17 -18 19 -20 21 -22 -23 24 -25 26 -27 -28 29 30 31 -32 -33 34 35 36 37 38 -39 -40 41 42 -43 -44 45 46 -47 48 49 50 0
uf50-0239 45400 -1 2 -3 4 5 6 -7 8 -9 -10 11 12 -13 -14 15 16 -17 -18 19 20 21 -22 -23 24 -25 26 -27 -28 29 30 31 -32 -33 34 35 36 37 38 -39 -40 41 42 -43 -44 45 46 -47 48 -49 50 0
uf50-0239 87678 -1 -2 3 4 5 6 -7 8 -9 -10 11 12 -13 -14 -15 -16 17 18 19 20 21 -22 -23 -24 25 -26 -27 28 29 30 31 32 33 -34 -35 36 37 38 39 40 -41 42 -43 -44 45 -46 -47 -48 -49 -50 0
uf50-0239 87678 -1 -2 3 4 5 6 -7 8 -9 -10 11 12 -13 -14 -15 -16 17 18 19 20 21 -22 -23 -24 25 -26 -27 28 29 30 31 32 33 -34 -35 36 37 38 39 40 -41 42 -43 -44 45 -46 -47 -48 -49 -50 0
uf50-0239 66319 1 -2 -3 4 5 -6 7 8 -9 10 11 12 -13 -14 -15 -16 17 -18 -19 20 21 -22 -23 -24 25 26 -27 -28 29 30 31 -32 33 34 -35 36 37 -38 -39 40 -41 42 -43 44 45 46 -47 -48 -49 50 0
uf50-0239 48792 1 -2 -3 4 5 -6 7 8 -9 10 11 12 -13 -14 -15 -16 -17 -18 19 20 21 -22 -23 -24 -25 26 -27 -28 29 30 31 -32 -33 34 35 36 37 -38 -39 40 -41 42 -43 44 45 46 -47 -48 -49 50 0
uf50-0239 43899 -1 2 -3 4 5 6 -7 8 -9 -10 11 12 -13 -14 15 16 -17 -18 19 -20 21 -22 -23 24 -25 26 -27 -28 29 30 31 -32 -33 34 35 36 37 38 -39 -40 41 42 -43 -44 45 46 -47 48 -49 50 0
uf50-0239 87609 -1 -2 3 4 5 6 -7 8 -9 -10 11 12 -13 -14 -15 -16 17 18 19 20 21 -22 -23 -24 25 -26 -27 28 29 -30 31 32 33 -34 -35 36 37 38 39 40 -41 42 -43 -44 45 -46 -47 -48 -49 -50 0
uf50-0239 45400 -1 2 -3 4 5 6 -7 8 -9 -10 11 12 -13 -14 15 16 -17 -18 19 20 21 -22 -23 24 -25 26 -27 -28 29 30 31 -32 -33 34 35 36 37 38 -39 -40 41 42 -43 -44 45 46 -47 48 -49 50 0
uf50-0239 45400 -1 2 -3 4 5 6 -7 8 -9 -10 11 12 -13 -14 15 16 -17 -18 19 20 21 -22 -23 24 -25 26 -27 -28 29 30 31 -32 -33 34 35 36 37 38 -39 -40 41 42 -43 -44 45 46 -47 48 -49 50 0
uf50-0239 46558 -1 2 -3 4 5 6 -7 8 -9 -10 11 12 -13 -14 15 -16 -17 -18 19 -20 21 -22 -23 24 -25 26 -27 -28 29 30 31 -32 -33 34 35 36 37 38 -39 -40 41 42 -43 -44 45 46 -47 48 49 50 0
uf50-0239 46558 -1 2 -3 4 5 6 -7 8 -9 -10 11 12 -13 -14 15 -16 -17 -18 19 -20 21 -22 -23 24 -25 26 -27 -28 29 30 31 -32 -33 34 35 36 37 38 -39 -40 41 42 -43 -44 45 46 -47 48 49 50 0
uf50-0239 42569 -1 2 -3 4 5 6 7 8 -9 -10 11 12 -13 -14 -15 16 -17 -18 19 20 21 -22 -23 -24 -25 26 -27 -28 29 30 31 -32 -33 34 35 36 37 38 -39 -40 41 42 -43 -44 45 46 -47 48 -49 50 0
uf50-0239 46558 -1 2 -3 4 5 6 -7 8 -9 -10 11 12 -13 -14 15 -16 -17 -18 19 -20 21 -22 -23 24 -25 26 -27 -28 29 30 31 -32 -33 34 35 36 37 38 -39 -40 41 42 -43 -44 45 46 -47 48 49 50 0
uf50-0239 46558 -1 2 -3 4 5 6 -7 8 -9 -10 11 12 -13 -14 15 -16 -17 -18 19 -20 21 -22 -23 24 -25 26 -27 -28 29 30 31 -32 -33 34 35 36 37 38 -39 -40 41 42 -43 -44 45 46 -47 48 49 50 0
uf50-0239 60658 1 -2 -3 4 -5 -6 7 8 -9 10 11 12 -13 -14 -15 -16 17 -18 -19 20 21 -22 -23 -24 25 26 -27 -28 29 30 31 -32 33 34 -35 36 37 -38 -39 40 -41 42 -43 44 45 46 -47 -48 -49 -50 0
uf50-0239 46558 -1 2 -3 4 5 6 -7 8 -9 -10 11 12 -13 -14 15 -16 -17 -18 19 -20 21 -22 -23 24 -25 26 -27 -28 29 30 31 -32 -33 34 35 36 37 38 -39 -40 41 42 -43 -44 45 46 -47 48 49 50 0
uf50-0239 87678 -1 -2 3 4 5 6 -7 8 -9 -10 11 12 -13 -14 -15 -16 17 18 19 20 21 -22 -23 -24 25 -26 -27 28 29 30 31 32 33 -34 -35 36 37 38 39 40 -41 42 -43 -44 45 -46 -47 -48 -49 -50 0
uf50-0239 45400 -1 2 -3 4 5 6 -7 8 -9 -10 11 12 -13 -14 15 16 -17 -18 19 20 21 -22 -23 24 -25 26 -27 -28 29 30 31 -32 -33 34 35 36 37 38 -39 -40 41 42 -43 -44 45 46 -47 48 -49 50 0
uf50-0239 46558 -1 2 -3 4 5 6 -7 8 -9 -10 11 12 -13 -14 15 -16 -17 -18 19 -20 21 -22 -23 24 -25 26 -27 -28 29 30 31 -32 -33 34 35 36 37 38 -39 -40 41 42 -43 -44 45 46 -47 48 49 50 0
uf50-0239 46558 -1 2 -3 4 5 6 -7 8 -9 -10 11 12 -13 -14 15 -16 -17 -18 19 -20 21 -22 -23 24 -25 26 -27 -28 29 30 31 -32 -33 34 35 36 37 38 -39 -40 41 42 -43 -44 45 46 -47 48 49 50 0
uf50-0239 42569 -1 2 -3 4 5 6 7 8 -9 -10 11 12 -13 -14 -15 16 -17 -18 19 20 21 -22 -23 -24 -25 26 -27 -28 29 30 31 -32 -33 34 35 36 37 38 -39 -40 41 42 -43 -44 45 46 -47 48 -49 50 0
uf50-0239 61306 1 -2 -3 4 -5 -6 7 8 -9 10 11 12 -13 -14 -15 -16 17 -18 -19 20 21 -22 -23 -24 25 26 -27 -28 29 30 31 -32 33 34 -35 36 37 -38 -39 40 -41 42 -43 44 45 46 -47 -48 -49 50 0
uf50-0239 46558 -1 2 -3 4 5 6 -7 8 -9 -10 11 12 -13 -14 15 -16 -17 -18 19 -20 21 -22 -23 24 -25 26 -27 -28 29 30 31 -32 -33 34 35 36 37 38 -39 -40 41 42 -43 -44 45 46 -47 48 49 50 0
uf50-0239 45400 -1 2 -3 4 5 6 -7 8 -9 -10 11 12 -13 -14 15 16 -17 -18 19 20 21 -22 -23 24 -25 26 -27 -28 29 30 31 -32 -33 34 35 36 37 38 -39 -40 41 42 -43 -44 45 46 -47 48 -49 50 0
uf50-0239 46558 -1 2 -3 4 5 6 -7 8 -9 -10 11 12 -13 -14 15 -16 -17 -18 19 -20 21 -22 -23 24 -25 26 -27 -28 29 30 31 -32 -33 34 35 36 37 38 -39 -40 41 42 -43 -44 45 46 -47 48 49 50 0
uf50-0239 46558 -1 2 -3 4 5 6 -7 8 -9 -10 11 12 -13 -14 15 -16 -17 -18 19 -20 21 -22 -23 24 -25 26 -27 -28 29 30 31 -32 -33 34 35 36 37 38 -39 -40 41 42 -43 -44 45 46 -47 48 49 50 0
uf50-0239 46558 -1 2 -3 4 5 6 -7 8 -9 -10 11 12 -13 -14 15 -16 -17 -18 19 -20 21 -22 -23 24 -25 26 -27 -28 29 30 31 -32 -33 34 35 36 37 38 -39 -40 41 42 -43 -44 45 46 -47 48 49 50 0
uf50-0239 87678 -1 -2 3 4 5 6 -7 8 -9 -10 11 12 -13 -14 -15 -16 17 18 19 20 21 -22 -23 -24 25 -26 -27 28 29 30 31 32 33 -34 -35 36 37 38 39 40 -41 42 -43 -44 45 -46 -47 -48 -49 -50 0
uf50-0239 45400 -1 2 -3 4 5 6 -7 8 -9 -10 11 12 -13 -14 15 16 -17 -18 19 20 21 -22 -23 24 -25 26 -27 -28 29 30 31 -32 -33 34 35 36 37 38 -39 -40 41 42 -43 -44 45 46 -47 48 -49 50 0
uf50-0239 46558 -1 2 -3 4 5 6 -7 8 -9 -10 11 12 -13 -14 15 -16 -17 -18 19 -20 21 -22 -23 24 -25 26 -27 -28 29 30 31 -32 -33 34 35 36 37 38 -39 -40 41 42 -43 -44 45 46 -47 48 49 50 0
uf50-0239 45400 -1 2 -3 4 5 6 -7 8 -9 -10 11 12 -13 -14 15 16 -17 -18 19 20 21 -22 -23 24 -25 26 -27 -28 29 30 31 -32 -33 34 35 36 37 38 -39 -40 41 42 -43 -44 45 46 -47 48 -49 50 0
uf50-0239 46558 -1 2 -3 4 5 6 -7 8 -9 -10 11 12 -13 -14 15 -16 -17 -18 19 -20 21 -22 -23 24 -25 26 -27 -28 29 30 31 -32 -33 34 35 36 37 38 -39 -40 41 42 -43 -44 45 46 -47 48 49 50 0
uf50-0239 87678 -1 -2 3 4 5 6 -7 8 -9 -10 11 12 -13 -14 -15 -16 17 18 19 20 21 -22 -23 -24 25 -26 -27 28 29 30 31 32 33 -34 -35 36 37 38 39 40 -41 42 -43 -44 45 -46 -47 -48 -49 -50 0
uf50-0239 45400 -1 2 -3 4 5 6 -7 8 -9 -10 11 12 -13 -14 15 16 -17 -18 19 20 21 -22 -23 24 -25 26 -27 -28 29 30 31 -32 -33 34 35 36 37 38 -39 -40 41 42 -43 -44 45 46 -47 48 -49 50 0
uf50-0239 87678 -1 -2 3 4 5 6 -7 8 -9 -10 11 12 -13 -14 -15 -16 17 18 19 20 21 -22 -23 -24 25 -26 -27 28 29 30 31 32 33 -34 -35 36 37 38 39 40 -41 42 -43 -44 45 -46 -47 -48 -49 -50 0
uf50-0239 46558 -1 2 -3 4 5 6 -7 8 -9 -10 11 12 -13 -14 15 -16 -17 -18 19 -20 21 -22 -23 24 -25 26 -27 -28 29 30 31 -32 -33 34 35 36 37 38 -39 -40 41 42 -43 -44 45 46 -47 48 49 50 0
uf50-0239 52610 1 -2 -3 4 5 -6 7 8 -9 -10 11 12 -13 -14 -15 -16 -17 18 -19 20 21 -22 -23 -24 25 26 -27 -28 29 30 31 -32 -33 34 -35 36 37 -38 -39 40 -41 42 -43 44 45 46 -47 -48 -49 50 0
uf50-0239 87678 -1 -2 3 4 5 6 -7 8 -9 -10 11 12 -13 -14 -15 -16 17 18 19 20 21 -22 -23 -24 25 -26 -27 28 29 30 31 32 33 -34 -35 36 37 38 39 40 -41 42 -43 -44 45 -46 -47 -48 -49 -50 0
uf50-0239 46558 -1 2 -3 4 5 6 -7 8 -9 -10 11 12 -13 -14 15 -16 -17 -18 19 -20 21 -22 -23 24 -25 26 -27 -28 29 30 31 -32 -33 34 35 36 37 38 -39 -40 41 42 -43 -44 45 46 -47 48 49 50 0
uf50-0239 46558 -1 2 -3 4 5 6 -7 8 -9 -10 11 12 -13 -14 15 -16 -17 -18 19 -20 21 -22 -23 24 -25 26 -27 -28 29 30 31 -32 -33 34 35 36 37 38 -39 -40 41 42 -43 -44 45 46 -47 48 49 50 0
uf50-0239 46558 -1 2 -3 4 5 6 -7 8 -9 -10 11 12 -13 -14 15 -16 -17 -18 19 -20 21 -22 -23 24 -25 26 -27 -28 29 30 31 -32 -33 34 35 36 37 38 -39 -40 41 42 -43 -44 45 46 -47 48 49 50 0
uf50-0239 46558 -1 2 -3 4 5 6 -7 8 -9 -10 11 12 -13 -14 15 -16 -17 -18 19 -20 21 -22 -23 24 -25 26 -27 -28 29 30 31 -32 -33 34 35 36 37 38 -39 -40 41 42 -43 -44 45 46 -47 48 49 50 0
uf50-0239 45400 -1 2 -3 4 5 6 -7 8 -9 -10 11 12 -13 -14 15 16 -17 -18 19 20 21 -22 -23 24 -25 26 -27 -28 29 30 31 -32 -33 34 35 36 37 38 -39 -40 41 42 -43 -44 45 46 -47 48 -49 50 0
uf50-0239 52610 1 -2 -3 4 5 -6 7 8 -9 -10 11 12 -13 -14 -15 -16 -17 18 -19 20 21 -22 -23 -24 25 26 -27 -28 29 30 31 -32 -33 34 -35 36 37 -38 -39 40 -41 42 -43 44 45 46 -47 -48 -49 50 0
uf50-0239 45400 -1 2 -3 4 5 6 -7 8 -9 -10 11 12 -13 -14 15 16 -17 -18 19 20 21 -22 -23 24 -25 26 -27 -28 29 30 31 -32 -33 34 35 36 37 38 -39 -40 41 42 -43 -44 45 46 -47 48 -49 50 0
uf50-0239 48144 1 -2 -3 4 5 -6 7 8 -9 10 11 12 -13 -14 -15 -16 -17 -18 19 20 21 -22 -23 -24 -25 26 -27 -28 29 30 31 -32 -33 34 35 36 37 -38 -39 40 -41 42 -43 44 45 46 -47 -48 -49 -50 0
uf50-0239 73922 1 -2 -3 4 5 -6 7 8 -9 -10 11 12 -13 -14 -15 -16 17 18 -19 20 21 -22 -23 -24 25 26 -27 -28 29 30 31 -32 33 34 -35 36 37 -38 -39 40 -41 42 -43 44 45 46 -47 -48 49 50 0
uf50-0239 85990 -1 -2 3 4 5 6 -7 8 -9 -10 11 12 -13 -14 -15 -16 17 18 19 20 21 -22 -23 -24 25 -26 -27 28 29 30 31 32 33 -34 -35 36 37 -38 39 40 -41 42 -43 -44 45 -46 -47 -48 -49 -50 0
uf50-0239 65671 1 -2 -3 4 5 -6 7 8 -9 10 11 12 -13 -14 -15 -16 17 -18 -19 20 21 -22 -23 -24 25 26 -27 -28 29 30 31 -32 33 34 -35 36 37 -38 -39 40 -41 42 -43 44 45 46 -47 -48 -49 -50 0
uf50-0239 46558 -1 2 -3 4 5 6 -7 8 -9 -10 11 12 -13 -14 15 -16 -17 -18 19 -20 21 -22 -23 24 -25 26 -27 -28 29 30 31 -32 -33 34 35 36 37 38 -39 -40 41 42 -43 -44 45 46 -47 48 49 50 0
uf50-0239 46558 -1 2 -3 4 5 6 -7 8 -9 -10 11 12 -13 -14 15 -16 -17 -18 19 -20 21 -22 -23 24 -25 26 -27 -28 29 30 31 -32 -33 34 35 36 37 38 -39 -40 41 42 -43 -44 45 46 -47 48 49 50 0
uf50-0239 52304 1 -2 -3 4 5 -6 7 8 -9 10 11 12 -13 -14 -15 -16 -17 -18 -19 20 21 -22 -23 -24 25 26 -27 -28 29 30 31 -32 -33 34 -35 36 37 -38 -39 40 -41 42 -43 44 45 46 -47 -48 -49 50 0
uf50-0239 61510 1 -2 -3 4 -5 -6 7 8 -9 -10 11 12 -13 -14 -15 -16 17 -18 -19 20 21 -22 -23 -24 25 26 -27 -28 29 30 31 -32 33 34 -35 36 37 -38 -39 40 -41 42 -43 44 45 46 -47 -48 49 50 0
