uf50-0925 102196 -1 2 3 4 5 6 7 8 9 -10 -11 12 13 14 -15 16 -17 18 19 -20 -21 22 -23 24 -25 -26 27 28 29 30 31 32 33 34 -35 36 -37 38 -39 40 -41 -42 -43 44 -45 46 47 -48 49 -50 0
uf50-0925 83838 -1 2 3 4 -5 6 7 -8 9 -10 11 12 13 14 -15 -16 -17 18 19 -20 -21 22 -23 24 -25 26 27 -28 29 -30 31 32 -33 34 -35 36 -37 38 39 40 41 42 43 -44 -45 46 47 48 49 -50 0
uf50-0925 83838 -1 2 3 4 -5 6 7 -8 9 -10 11 12 13 14 -15 -16 -17 18 19 -20 -21 22 -23 24 -25 26 27 -28 29 -30 31 32 -33 34 -35 36 -37 38 39 40 41 42 43 -44 -45 46 47 48 49 -50 0
uf50-0925 92269 -1 2 3 4 5 6 7 8 9 -10 -11 12 13 -14 -15 16 -17 -18 19 -20 -21 22 -23 24 -25 -26 27 28 29 30 31 -32 33 34 -35 36 -37 -38 -39 40 -41 -42 -43 44 45 46 47 -48 49 -50 0
uf50-0925 93324 -1 2 3 4 5 6 7 8 9 -10 -11 12 13 14 -15 16 -17 18 19 -20 -21 22 -23 24 -25 -26 27 28 29 30 31 -32 33 34 -35 36 -37 -38 -39 40 -41 -42 -43 44 45 46 47 -48 49 -50 0
uf50-0925 81126 -1 2 3 4 -5 6 7 -8 9 -10 11 12 13 14 -15 -16 -17 18 19 20 -21 22 -23 24 -25 26 27 -28 29 -30 31 32 -33 -34 -35 36 37 -38 39 40 -41 42 43 -44 45 -46 47 48 49 50 0
uf50-0925 93149 -1 2 3 4 5 6 7 8 9 -10 -11 12 13 14 -15 16 -17 -18 19 -20 -21 22 -23 24 -25 -26 27 28 29 30 31 -32 33 34 -35 36 -37 -38 -39 40 -41 -42 -43 44 45 46 47 -48 49 -50 0
uf50-0925 94839 -1 2 3 4 5 6 7 8 9 -10 -11 12 13 14 -15 16 -17 18 19 -20 -21 22 -23 24 -25 -26 27 28 29 30 31 -32 33 34 -35 36 -37 38 -39 40 -41 -42 -43 44 -45 46 47 -48 49 -50 0
uf50-0925 100130 -1 2 3 4 5 6 7 8 9 -10 -11 12 13 14 -15 16 -17 18 19 -20 -21 22 -23 24 -25 -26 27 -28 29 30 31 32 33 34 -35 36 -37 -38 -39 40 41 -42 -43 44 45 46 47 -48 49 -50 0
uf50-0925 83513 -1 2 3 4 5 6 7 8 9 -10 -11 12 13 14 -15 16 -17 18 19 -20 -21 22 -23 24 -25 -26 27 -28 29 30 31 -32 33 34 -35 36 -37 -38 -39 40 -41 -42 -43 44 -45 46 47 -48 49 -50 0
uf50-0925 100130 -1 2 3 4 5 6 7 8 9 -10 -11 12 13 14 -15 16 -17 18 19 -20 -21 22 -23 24 -25 -26 27 -28 29 30 31 32 33 34 -35 36 -37 -38 -39 40 41 -42 -43 44 45 46 47 -48 49 -50 0
uf50-0925 89196 -1 2 3 4 5 6 7 8 9 -10 -11 12 13 14 -15 16 -17 18 19 -20 -21 22 -23 24 -25 -26 27 28 29 30 31 -32 33 34 -35 36 -37 -38 -39 40 -41 -42 -43 44 45 -46 47 -48 49 -50 0
uf50-0925 78286 1 2 3 4 -5 6 7 -8 9 -10 11 12 13 14 -15 -16 17 18 19 -20 -21 22 -23 24 -25 26 27 -28 29 -30 31 -32 33 -34 -35 36 37 -38 39 40 41 42 43 -44 45 46 -47 48 49 50 0
uf50-0925 93149 -1 2 3 4 5 6 7 8 9 -10 -11 12 13 14 -15 16 -17 -18 19 -20 -21 22 -23 24 -25 -26 27 28 29 30 31 -32 33 34 -35 36 -37 -38 -39 40 -41 -42 -43 44 45 46 47 -48 49 -50 0
uf50-0925 93324 -1 2 3 4 5 6 7 8 9 -10 -11 12 13 14 -15 16 -17 18 19 -20 -21 22 -23 24 -25 -26 27 28 29 30 31 -32 33 34 -35 36 -37 -38 -39 40 -41 -42 -43 44 45 46 47 -48 49 -50 0
uf50-0925 102196 -1 2 3 4 5 6 7 8 9 -10 -11 12 13 14 -15 16 -17 18 19 -20 -21 22 -23 24 -25 -26 27 28 29 30 31 32 33 34 -35 36 -37 38 -39 40 -41 -42 -43 44 -45 46 47 -48 49 -50 0
uf50-0925 83838 -1 2 3 4 -5 6 7 -8 9 -10 11 12 13 14 -15 -16 -17 18 19 -20 -21 22 -23 24 -25 26 27 -28 29 -30 31 32 -33 34 -35 36 -37 38 39 40 41 42 43 -44 -45 46 47 48 49 -50 0
uf50-0925 86868 -1 2 3 4 5 6 7 8 9 -10 -11 12 13 14 -15 16 -17 -18 19 -20 -21 22 -23 24 -25 -26 27 -28 29 30 31 -32 33 34 -35 36 -37 -38 -39 40 -41 -42 -43 44 45 46 47 -48 49 -50 0
uf50-0925 81386 -1 2 3 4 -5 6 7 -8 9 -10 11 12 13 14 -15 -16 -17 18 19 -20 -21 22 -23 24 -25 26 27 -28 29 -30 31 32 -33 -34 -35 36 37 38 39 40 41 42 43 -44 -45 -46 47 48 49 50 0
uf50-0925 81386 -1 2 3 4 -5 6 7 -8 9 -10 11 12 13 14 -15 -16 -17 18 19 -20 -21 22 -23 24 -25 26 27 -28 29 -30 31 32 -33 -34 -35 36 37 38 39 40 41 42 43 -44 -45 -46 47 48 49 50 0
uf50-0925 93324 -1 2 3 4 5 6 7 8 9 -10 -11 12 13 14 -15 16 -17 18 19 -20 -21 22 -23 24 -25 -26 27 28 29 30 31 -32 33 34 -35 36 -37 -38 -39 40 -41 -42 -43 44 45 46 47 -48 49 -50 0
uf50-0925 92773 -1 2 3 4 5 6 7 8 9 -10 -11 12 13 14 -15 16 -17 18 19 -20 -21 22 -23 24 -25 -26 27 -28 29 30 31 -32 33 34 -35 36 -37 -38 -39 40 41 -42 -43 44 45 46 47 -48 49 -50 0
uf50-0925 92444 -1 2 3 4 5 6 7 8 9 -10 -11 12 13 -14 -15 16 -17 18 19 -20 -21 22 -23 24 -25 -26 27 28 29 30 31 -32 33 34 -35 36 -37 -38 -39 40 -41 -42 -43 44 45 46 47 -48 49 -50 0
uf50-0925 93324 -1 2 3 4 5 6 7 8 9 -10 -11 12 13 14 -15 16 -17 18 19 -20 -21 22 -23 24 -25 -26 27 28 29 30 31 -32 33 34 -35 36 -37 -38 -39 40 -41 -42 -43 44 45 46 47 -48 49 -50 0
uf50-0925 82535 -1 2 3 4 -5 6 7 -8 9 -10 -11 12 13 14 -15 -16 -17 18 19 -20 -21 22 -23 24 -25 26 27 -28 29 -30 31 32 -33 34 -35 36 -37 38 39 40 41 42 43 -44 -45 46 47 48 49 -50 0
uf50-0925 97151 -1 2 3 4 5 6 7 8 9 -10 -11 12 13 14 -15 16 -17 18 19 -20 -21 22 -23 24 -25 -26 27 28 29 30 31 32 33 34 -35 36 -37 -38 -39 40 -41 -42 -43 44 -45 46 47 -48 49 -50 0
uf50-0925 92598 -1 2 3 4 5 6 7 8 9 -10 -11 12 13 14 -15 16 -17 -18 19 -20 -21 22 -23 24 -25 -26 27 -28 29 30 31 -32 33 34 -35 36 -37 -38 -39 40 41 -42 -43 44 45 46 47 -48 49 -50 0
uf50-0925 83838 -1 2 3 4 -5 6 7 -8 9 -10 11 12 13 14 -15 -16 -17 18 19 -20 -21 22 -23 24 -25 26 27 -28 29 -30 31 32 -33 34 -35 36 -37 38 39 40 41 42 43 -44 -45 46 47 48 49 -50 0
uf50-0925 89196 -1 2 3 4 5 6 7 8 9 -10 -11 12 13 14 -15 16 -17 18 19 -20 -21 22 -23 24 -25 -26 27 28 29 30 31 -32 33 34 -35 36 -37 -38 -39 40 -41 -42 -43 44 45 -46 47 -48 49 -50 0
uf50-0925 79801 1 2 3 4 -5 6 7 -8 9 -10 11 12 13 14 -15 -16 17 18 19 -20 -21 22 -23 24 -25 26 27 -28 29 -30 31 -32 33 -34 -35 36 37 38 39 40 41 42 43 -44 -45 46 -47 48 49 50 0
uf50-0925 88316 -1 2 3 4 5 6 7 8 9 -10 -11 12 13 -14 -15 16 -17 18 19 -20 -21 22 -23 24 -25 -26 27 28 29 30 31 -32 33 34 -35 36 -37 -38 -39 40 -41 -42 -43 44 45 -46 47 -48 49 -50 0
uf50-0925 92773 -1 2 3 4 5 6 7 8 9 -10 -11 12 13 14 -15 16 -17 18 19 -20 -21 22 -23 24 -25 -26 27 -28 29 30 31 -32 33 34 -35 36 -37 -38 -39 40 41 -42 -43 44 45 46 47 -48 49 -50 0
uf50-0925 82915 -1 2 3 4 5 6 7 8 9 -10 -11 12 13 14 -15 16 -17 18 19 -20 -21 22 -23 24 -25 -26 27 -28 29 30 31 -32 33 34 -35 36 -37 -38 -39 40 -41 -42 -43 44 45 -46 47 -48 49 -50 0
uf50-0925 83838 -1 2 3 4 -5 6 7 -8 9 -10 11 12 13 14 -15 -16 -17 18 19 -20 -21 22 -23 24 -25 26 27 -28 29 -30 31 32 -33 34 -35 36 -37 38 39 40 41 42 43 -44 -45 46 47 48 49 -50 0
uf50-0925 94288 -1 2 3 4 5 6 7 8 9 -10 -11 12 13 14 -15 16 -17 18 19 -20 -21 22 -23 24 -25 -26 27 -28 29 30 31 -32 33 34 -35 36 -37 38 -39 40 41 -42 -43 44 -45 46 47 -48 49 -50 0
uf50-0925 83838 -1 2 3 4 -5 6 7 -8 9 -10 11 12 13 14 -15 -16 -17 18 19 -20 -21 22 -23 24 -25 26 27 -28 29 -30 31 32 -33 34 -35 36 -37 38 39 40 41 42 43 -44 -45 46 47 48 49 -50 0
uf50-0925 101470 -1 2 3 4 5 6 7 8 9 -10 -11 12 13 14 -15 16 -17 -18 19 -20 -21 22 -23 24 -25 -26 27 -28 29 30 31 32 33 34 -35 36 -37 38 -39 40 41 -42 -43 44 -45 46 47 -48 49 -50 0
uf50-0925 98068 -1 2 3 4 5 6 7 8 9 -10 -11 12 13 14 -15 16 -17 18 19 -20 -21 22 -23 24 -25 -26 27 28 29 30 31 32 33 34 -35 36 -37 38 -39 40 -41 -42 -43 44 -45 -46 47 -48 49 -50 0
uf50-0925 79801 1 2 3 4 -5 6 7 -8 9 -10 11 12 13 14 -15 -16 17 18 19 -20 -21 22 -23 24 -25 26 27 -28 29 -30 31 -32 33 -34 -35 36 37 38 39 40 41 42 43 -44 -45 46 -47 48 49 50 0
uf50-0925 92773 -1 2 3 4 5 6 7 8 9 -10 -11 12 13 14 -15 16 -17 18 19 -20 -21 22 -23 24 -25 -26 27 -28 29 30 31 -32 33 34 -35 36 -37 -38 -39 40 41 -42 -43 44 45 46 47 -48 49 -50 0
uf50-0925 83838 -1 2 3 4 -5 6 7 -8 9 -10 11 12 13 14 -15 -16 -17 18 19 -20 -21 22 -23 24 -25 26 27 -28 29 -30 31 32 -33 34 -35 36 -37 38 39 40 41 42 43 -44 -45 46 47 48 49 -50 0
uf50-0925 83838 -1 2 3 4 -5 6 7 -8 9 -10 11 12 13 14 -15 -16 -17 18 19 -20 -21 22 -23 24 -25 26 27 -28 29 -30 31 32 -33 34 -35 36 -37 38 39 40 41 42 43 -44 -45 46 47 48 49 -50 0
uf50-0925 83838 -1 2 3 4 -5 6 7 -8 9 -10 11 12 13 14 -15 -16 -17 18 19 -20 -21 22 -23 24 -25 26 27 -28 29 -30 31 32 -33 34 -35 36 -37 38 39 40 41 42 43 -44 -45 46 47 48 49 -50 0
uf50-0925 87043 -1 2 3 4 5 6 7 8 9 -10 -11 12 13 14 -15 16 -17 18 19 -20 -21 22 -23 24 -25 -26 27 -28 29 30 31 -32 33 34 -35 36 -37 -38 -39 40 -41 -42 -43 44 45 46 47 -48 49 -50 0
uf50-0925 94400 -1 2 3 4 5 6 7 8 9 -10 -11 12 13 14 -15 16 -17 18 19 -20 -21 22 -23 24 -25 -26 27 -28 29 30 31 32 33 34 -35 36 -37 -38 -39 40 -41 -42 -43 44 45 46 47 -48 49 -50 0
uf50-0925 93149 -1 2 3 4 5 6 7 8 9 -10 -11 12 13 14 -15 16 -17 -18 19 -20 -21 22 -23 24 -25 -26 27 28 29 30 31 -32 33 34 -35 36 -37 -38 -39 40 -41 -42 -43 44 45 46 47 -48 49 -50 0
uf50-0925 98068 -1 2 3 4 5 6 7 8 9 -10 -11 12 13 14 -15 16 -17 18 19 -20 -21 22 -23 24 -25 -26 27 28 29 30 31 32 33 34 -35 36 -37 38 -39 40 -41 -42 -43 44 -45 -46 47 -48 49 -50 0
uf50-0925 88645 -1 2 3 4 5 6 7 8 9 -10 -11 12 13 14 -15 16 -17 18 19 -20 -21 22 -23 24 -25 -26 27 -28 29 30 31 -32 33 34 -35 36 -37 -38 -39 40 41 -42 -43 44 45 -46 47 -48 49 -50 0
uf50-0925 88645 -1 2 3 4 5 6 7 8 9 -10 -11 12 13 14 -15 16 -17 18 19 -20 -21 22 -23 24 -25 -26 27 -28 29 30 31 -32 33 34 -35 36 -37 -38 -39 40 41 -42 -43 44 45 -46 47 -48 49 -50 0
uf50-0925 92598 -1 2 3 4 5 6 7 8 9 -10 -11 12 13 14 -15 16 -17 -18 19 -20 -21 22 -23 24 -25 -26 27 -28 29 30 31 -32 33 34 -35 36 -37 -38 -39 40 41 -42 -43 44 45 46 47 -48 49 -50 0
uf50-0925 88383 -1 2 3 4 5 6 7 8 9 -10 -11 12 13 14 -15 16 -17 -18 19 -20 -21 22 -23 24 -25 -26 27 -28 29 30 31 -32 33 34 -35 36 -37 38 -39 40 -41 -42 -43 44 -45 46 47 -48 49 -50 0
uf50-0925 83838 -1 2 3 4 -5 6 7 -8 9 -10 11 12 13 14 -15 -16 -17 18 19 -20 -21 22 -23 24 -25 26 27 -28 29 -30 31 32 -33 34 -35 36 -37 38 39 40 41 42 43 -44 -45 46 47 48 49 -50 0
uf50-0925 83838 -1 2 3 4 -5 6 7 -8 9 -10 11 12 13 14 -15 -16 -17 18 19 -20 -21 22 -23 24 -25 26 27 -28 29 -30 31 32 -33 34 -35 36 -37 38 39 40 41 42 43 -44 -45 46 47 48 49 -50 0
uf50-0925 79801 1 2 3 4 -5 6 7 -8 9 -10 11 12 13 14 -15 -16 17 18 19 -20 -21 22 -23 24 -25 26 27 -28 29 -30 31 -32 33 -34 -35 36 37 38 39 40 41 42 43 -44 -45 46 -47 48 49 50 0
uf50-0925 79801 1 2 3 4 -5 6 7 -8 9 -10 11 12 13 14 -15 -16 17 18 19 -20 -21 22 -23 24 -25 26 27 -28 29 -30 31 -32 33 -34 -35 36 37 38 39 40 41 42 43 -44 -45 46 -47 48 49 50 0
uf50-0925 83838 -1 2 3 4 -5 6 7 -8 9 -10 11 12 13 14 -15 -16 -17 18 19 -20 -21 22 -23 24 -25 26 27 -28 29 -30 31 32 -33 34 -35 36 -37 38 39 40 41 42 43 -44 -45 46 47 48 49 -50 0
uf50-0925 92598 -1 2 3 4 5 6 7 8 9 -10 -11 12 13 14 -15 16 -17 -18 19 -20 -21 22 -23 24 -25 -26 27 -28 29 30 31 -32 33 34 -35 36 -37 -38 -39 40 41 -42 -43 44 45 46 47 -48 49 -50 0
uf50-0925 83838 -1 2 3 4 -5 6 7 -8 9 -10 11 12 13 14 -15 -16 -17 18 19 -20 -21 22 -23 24 -25 26 27 -28 29 -30 31 32 -33 34 -35 36 -37 38 39 40 41 42 43 -44 -45 46 47 48 49 -50 0
uf50-0925 102021 -1 2 3 4 5 6 7 8 9 -10 -11 12 13 14 -15 16 -17 -18 19 -20 -21 22 -23 24 -25 -26 27 28 29 30 31 32 33 34 -35 36 -37 38 -39 40 -41 -42 -43 44 -45 46 47 -48 49 -50 0
uf50-0925 102196 -1 2 3 4 5 6 7 8 9 -10 -11 12 13 14 -15 16 -17 18 19 -20 -21 22 -23 24 -25 -26 27 28 29 30 31 32 33 34 -35 36 -37 38 -39 40 -41 -42 -43 44 -45 46 47 -48 49 -50 0
uf50-0925 83838 -1 2 3 4 -5 6 7 -8 9 -10 11 12 13 14 -15 -16 -17 18 19 -20 -21 22 -23 24 -25 26 27 -28 29 -30 31 32 -33 34 -35 36 -37 38 39 40 41 42 43 -44 -45 46 47 48 49 -50 0
uf50-0925 83838 -1 2 3 4 -5 6 7 -8 9 -10 11 12 13 14 -15 -16 -17 18 19 -20 -21 22 -23 24 -25 26 27 -28 29 -30 31 32 -33 34 -35 36 -37 38 39 40 41 42 43 -44 -45 46 47 48 49 -50 0
uf50-0925 101645 -1 2 3 4 5 6 7 8 9 -10 -11 12 13 14 -15 16 -17 18 19 -20 -21 22 -23 24 -25 -26 27 -28 29 30 31 32 33 34 -35 36 -37 38 -39 40 41 -42 -43 44 -45 46 47 -48 49 -50 0
uf50-0925 100506 -1 2 3 4 5 6 7 8 9 -10 -11 12 13 14 -15 16 -17 -18 19 -20 -21 22 -23 24 -25 -26 27 28 29 30 31 32 33 34 -35 36 -37 -38 -39 40 -41 -42 -43 44 45 46 47 -48 49 -50 0
uf50-0925 83838 -1 2 3 4 -5 6 7 -8 9 -10 11 12 13 14 -15 -16 -17 18 19 -20 -21 22 -23 24 -25 26 27 -28 29 -30 31 32 -33 34 -35 36 -37 38 39 40 41 42 43 -44 -45 46 47 48 49 -50 0
uf50-0925 93324 -1 2 3 4 5 6 7 8 9 -10 -11 12 13 14 -15 16 -17 18 19 -20 -21 22 -23 24 -25 -26 27 28 29 30 31 -32 33 34 -35 36 -37 -38 -39 40 -41 -42 -43 44 45 46 47 -48 49 -50 0
uf50-0925 96002 -1 2 3 4 5 6 7 8 9 -10 -11 12 13 14 -15 16 -17 18 19 -20 -21 22 -23 24 -25 -26 27 -28 29 30 31 32 33 34 -35 36 -37 -38 -39 40 41 -42 -43 44 45 -46 47 -48 49 -50 0
uf50-0925 87043 -1 2 3 4 5 6 7 8 9 -10 -11 12 13 14 -15 16 -17 18 19 -20 -21 22 -23 24 -25 -26 27 -28 29 30 31 -32 33 34 -35 36 -37 -38 -39 40 -41 -42 -43 44 45 46 47 -48 49 -50 0
uf50-0925 92598 -1 2 3 4 5 6 7 8 9 -10 -11 12 13 14 -15 16 -17 -18 19 -20 -21 22 -23 24 -25 -26 27 -28 29 30 31 -32 33 34 -35 36 -37 -38 -39 40 41 -42 -43 44 45 46 47 -48 49 -50 0
uf50-0925 97151 -1 2 3 4 5 6 7 8 9 -10 -11 12 13 14 -15 16 -17 18 19 -20 -21 22 -23 24 -25 -26 27 28 29 30 31 32 33 34 -35 36 -37 -38 -39 40 -41 -42 -43 44 -45 46 47 -48 49 -50 0
uf50-0925 102021 -1 2 3 4 5 6 7 8 9 -10 -11 12 13 14 -15 16 -17 -18 19 -20 -21 22 -23 24 -25 -26 27 28 29 30 31 32 33 34 -35 36 -37 38 -39 40 -41 -42 -43 44 -45 46 47 -48 49 -50 0
uf50-0925 93324 -1 2 3 4 5 6 7 8 9 -10 -11 12 13 14 -15 16 -17 18 19 -20 -21 22 -23 24 -25 -26 27 28 29 30 31 -32 33 34 -35 36 -37 -38 -39 40 -41 -42 -43 44 45 46 47 -48 49 -50 0
uf50-0925 95673 -1 2 3 4 5 6 7 8 9 -10 -11 12 13 -14 -15 16 -17 18 19 -20 -21 22 -23 24 -25 -26 27 28 29 30 31 32 33 34 -35 36 -37 -38 -39 40 -41 -42 -43 44 45 -46 47 -48 49 -50 0
uf50-0925 94225 -1 2 3 4 5 6 7 8 9 -10 -11 12 13 14 -15 16 -17 -18 19 -20 -21 22 -23 24 -25 -26 27 -28 29 30 31 32 33 34 -35 36 -37 -38 -39 40 -41 -42 -43 44 45 46 47 -48 49 -50 0
uf50-0925 92773 -1 2 3 4 5 6 7 8 9 -10 -11 12 13 14 -15 16 -17 18 19 -20 -21 22 -23 24 -25 -26 27 -28 29 30 31 -32 33 34 -35 36 -37 -38 -39 40 41 -42 -43 44 45 46 47 -48 49 -50 0
uf50-0925 99801 -1 2 3 4 5 6 7 8 9 -10 -11 12 13 -14 -15 16 -17 18 19 -20 -21 22 -23 24 -25 -26 27 28 29 30 31 32 33 34 -35 36 -37 -38 -39 40 -41 -42 -43 44 45 46 47 -48 49 -50 0
uf50-0925 102196 -1 2 3 4 5 6 7 8 9 -10 -11 12 13 14 -15 16 -17 18 19 -20 -21 22 -23 24 -25 -26 27 28 29 30 31 32 33 34 -35 36 -37 38 -39 40 -41 -42 -43 44 -45 46 47 -48 49 -50 0
uf50-0925 92773 -1 2 3 4 5 6 7 8 9 -10 -11 12 13 14 -15 16 -17 18 19 -20 -21 22 -23 24 -25 -26 27 -28 29 30 31 -32 33 34 -35 36 -37 -38 -39 40 41 -42 -43 44 45 46 47 -48 49 -50 0
uf50-0925 90536 -1 2 3 4 5 6 7 8 9 -10 -11 12 13 14 -15 16 -17 -18 19 -20 -21 22 -23 24 -25 -26 27 28 29 30 31 -32 33 34 -35 36 -37 38 -39 40 -41 -42 -43 44 -45 -46 47 -48 49 -50 0
uf50-0925 92773 -1 2 3 4 5 6 7 8 9 -10 -11 12 13 14 -15 16 -17 18 19 -20 -21 22 -23 24 -25 -26 27 -28 29 30 31 -32 33 34 -35 36 -37 -38 -39 40 41 -42 -43 44 45 46 47 -48 49 -50 0
uf50-0925 102196 -1 2 3 4 5 6 7 8 9 -10 -11 12 13 14 -15 16 -17 18 19 -20 -21 22 -23 24 -25 -26 27 28 29 30 31 32 33 34 -35 36 -37 38 -39 40 -41 -42 -43 44 -45 46 47 -48 49 -50 0
uf50-0925 93149 -1 2 3 4 5 6 7 8 9 -10 -11 12 13 14 -15 16 -17 -18 19 -20 -21 22 -23 24 -25 -26 27 28 29 30 31 -32 33 34 -35 36 -37 -38 -39 40 -41 -42 -43 44 45 46 47 -48 49 -50 0
uf50-0925 83838 -1 2 3 4 -5 6 7 -8 9 -10 11 12 13 14 -15 -16 -17 18 19 -20 -21 22 -23 24 -25 26 27 -28 29 -30 31 32 -33 34 -35 36 -37 38 39 40 41 42 43 -44 -45 46 47 48 49 -50 0
uf50-0925 89196 -1 2 3 4 5 6 7 8 9 -10 -11 12 13 14 -15 16 -17 18 19 -20 -21 22 -23 24 -25 -26 27 28 29 30 31 -32 33 34 -35 36 -37 -38 -39 40 -41 -42 -43 44 45 -46 47 -48 49 -50 0
uf50-0925 79801 1 2 3 4 -5 6 7 -8 9 -10 11 12 13 14 -15 -16 17 18 19 -20 -21 22 -23 24 -25 26 27 -28 29 -30 31 -32 33 -34 -35 36 37 38 39 40 41 42 43 -44 -45 46 -47 48 49 50 0
uf50-0925 88645 -1 2 3 4 5 6 7 8 9 -10 -11 12 13 14 -15 16 -17 18 19 -20 -21 22 -23 24 -25 -26 27 -28 29 30 31 -32 33 34 -35 36 -37 -38 -39 40 41 -42 -43 44 45 -46 47 -48 49 -50 0
uf50-0925 83838 -1 2 3 4 -5 6 7 -8 9 -10 11 12 13 14 -15 -16 -17 18 19 -20 -21 22 -23 24 -25 26 27 -28 29 -30 31 32 -33 34 -35 36 -37 38 39 40 41 42 43 -44 -45 46 47 48 49 -50 0
uf50-0925 82323 -1 2 3 4 -5 6 7 -8 9 -10 11 12 13 14 -15 -16 -17 18 19 -20 -21 22 -23 24 -25 26 27 -28 29 -30 31 32 -33 34 -35 36 -37 -38 39 40 41 42 43 -44 45 46 47 48 49 -50 0
uf50-0925 94839 -1 2 3 4 5 6 7 8 9 -10 -11 12 13 14 -15 16 -17 18 19 -20 -21 22 -23 24 -25 -26 27 28 29 30 31 -32 33 34 -35 36 -37 38 -39 40 -41 -42 -43 44 -45 46 47 -48 49 -50 0
uf50-0925 82535 -1 2 3 4 -5 6 7 -8 9 -10 -11 12 13 14 -15 -16 -17 18 19 -20 -21 22 -23 24 -25 26 27 -28 29 -30 31 32 -33 34 -35 36 -37 38 39 40 41 42 43 -44 -45 46 47 48 49 -50 0
uf50-0925 92269 -1 2 3 4 5 6 7 8 9 -10 -11 12 13 -14 -15 16 -17 -18 19 -20 -21 22 -23 24 -25 -26 27 28 29 30 31 -32 33 34 -35 36 -37 -38 -39 40 -41 -42 -43 44 45 46 47 -48 49 -50 0
uf50-0925 94400 -1 2 3 4 5 6 7 8 9 -10 -11 12 13 14 -15 16 -17 18 19 -20 -21 22 -23 24 -25 -26 27 -28 29 30 31 32 33 34 -35 36 -37 -38 -39 40 -41 -42 -43 44 45 46 47 -48 49 -50 0
uf50-0925 82323 -1 2 3 4 -5 6 7 -8 9 -10 11 12 13 14 -15 -16 -17 18 19 -20 -21 22 -23 24 -25 26 27 -28 29 -30 31 32 -33 34 -35 36 -37 -38 39 40 41 42 43 -44 45 46 47 48 49 -50 0
uf50-0925 83838 -1 2 3 4 -5 6 7 -8 9 -10 11 12 13 14 -15 -16 -17 18 19 -20 -21 22 -23 24 -25 26 27 -28 29 -30 31 32 -33 34 -35 36 -37 38 39 40 41 42 43 -44 -45 46 47 48 49 -50 0
uf50-0925 83838 -1 2 3 4 -5 6 7 -8 9 -10 11 12 13 14 -15 -16 -17 18 19 -20 -21 22 -23 24 -25 26 27 -28 29 -30 31 32 -33 34 -35 36 -37 38 39 40 41 42 43 -44 -45 46 47 48 49 -50 0
uf50-0925 88645 -1 2 3 4 5 6 7 8 9 -10 -11 12 13 14 -15 16 -17 18 19 -20 -21 22 -23 24 -25 -26 27 -28 29 30 31 -32 33 34 -35 36 -37 -38 -39 40 41 -42 -43 44 45 -46 47 -48 49 -50 0
uf50-0925 100681 -1 2 3 4 5 6 7 8 9 -10 -11 12 13 14 -15 16 -17 18 19 -20 -21 22 -23 24 -25 -26 27 28 29 30 31 32 33 34 -35 36 -37 -38 -39 40 -41 -42 -43 44 45 46 47 -48 49 -50 0
uf50-0925 83838 -1 2 3 4 -5 6 7 -8 9 -10 11 12 13 14 -15 -16 -17 18 19 -20 -21 22 -23 24 -25 26 27 -28 29 -30 31 32 -33 34 -35 36 -37 38 39 40 41 42 43 -44 -45 46 47 48 49 -50 0
uf50-0925 92444 -1 2 3 4 5 6 7 8 9 -10 -11 12 13 -14 -15 16 -17 18 19 -20 -21 22 -23 24 -25 -26 27 28 29 30 31 -32 33 34 -35 36 -37 -38 -39 40 -41 -42 -43 44 45 46 47 -48 49 -50 0
uf50-0925 87043 -1 2 3 4 5 6 7 8 9 -10 -11 12 13 14 -15 16 -17 18 19 -20 -21 22 -23 24 -25 -26 27 -28 29 30 31 -32 33 34 -35 36 -37 -38 -39 40 -41 -42 -43 44 45 46 47 -48 49 -50 0
