uf50-0237 82543 1 -2 -3 -4 5 -6 7 8 9 -10 -11 -12 -13 14 15 -16 17 18 19 -20 21 -22 -23 24 -25 -26 27 28 29 30 -31 32 -33 34 -35 36 -37 38 -39 40 41 -42 -43 44 45 46 -47 -48 49 50 0
uf50-0237 82543 1 -2 -3 -4 5 -6 7 8 9 -10 -11 -12 -13 14 15 -16 17 18 19 -20 21 -22 -23 24 -25 -26 27 28 29 30 -31 32 -33 34 -35 36 -37 38 -39 40 41 -42 -43 44 45 46 -47 -48 49 50 0
uf50-0237 49867 1 -2 3 -4 5 -6 -7 8 9 10 -11 -12 -13 -14 15 -16 17 18 19 -20 21 -22 23 24 -25 26 -27 28 29 30 31 -32 -33 34 -35 36 -37 38 39 40 41 -42 -43 -44 -45 -46 -47 -48 49 -50 0
uf50-0237 82543 1 -2 -3 -4 5 -6 7 8 9 -10 -11 -12 -13 14 15 -16 17 18 19 -20 21 -22 -23 24 -25 -26 27 28 29 30 -31 32 -33 34 -35 36 -37 38 -39 40 41 -42 -43 44 45 46 -47 -48 49 50 0
uf50-0237 63381 1 -2 3 -4 5 -6 -7 -8 9 10 -11 -12 -13 -14 15 -16 17 18 -19 -20 21 -22 23 24 -25 -26 27 28 29 -30 31 -32 -33 34 35 36 -37 38 39 40 41 -42 -43 -44 -45 -46 -47 48 49 50 0
uf50-0237 63381 1 -2 3 -4 5 -6 -7 -8 9 10 -11 -12 -13 -14 15 -16 17 18 -19 -20 21 -22 23 24 -25 -26 27 28 29 -30 31 -32 -33 34 35 36 -37 38 39 40 41 -42 -43 -44 -45 -46 -47 48 49 50 0
uf50-0237 63381 1 -2 3 -4 5 -6 -7 -8 9 10 -11 -12 -13 -14 15 -16 17 18 -19 -20 21 -22 23 24 -25 -26 27 28 29 -30 31 -32 -33 34 35 36 -37 38 39 40 41 -42 -43 -44 -45 -46 -47 48 49 50 0
uf50-0237 63381 1 -2 3 -4 5 -6 -7 -8 9 10 -11 -12 -13 -14 15 -16 17 18 -19 -20 21 -22 23 24 -25 -26 27 28 29 -30 31 -32 -33 34 35 36 -37 38 39 40 41 -42 -43 -44 -45 -46 -47 48 49 50 0
uf50-0237 49867 1 -2 3 -4 5 -6 -7 8 9 10 -11 -12 -13 -14 15 -16 17 18 19 -20 21 -22 23 24 -25 26 -27 28 29 30 31 -32 -33 34 -35 36 -37 38 39 40 41 -42 -43 -44 -45 -46 -47 -48 49 -50 0
uf50-0237 49867 1 -2 3 -4 5 -6 -7 8 9 10 -11 -12 -13 -14 15 -16 17 18 19 -20 21 -22 23 24 -25 26 -27 28 29 30 31 -32 -33 34 -35 36 -37 38 39 40 41 -42 -43 -44 -45 -46 -47 -48 49 -50 0
uf50-0237 63381 1 -2 3 -4 5 -6 -7 -8 9 10 -11 -12 -13 -14 15 -16 17 18 -19 -20 21 -22 23 24 -25 -26 27 28 29 -30 31 -32 -33 34 35 36 -37 38 39 40 41 -42 -43 -44 -45 -46 -47 48 49 50 0
uf50-0237 63381 1 -2 3 -4 5 -6 -7 -8 9 10 -11 -12 -13 -14 15 -16 17 18 -19 -20 21 -22 23 24 -25 -26 27 28 29 -30 31 -32 -33 34 35 36 -37 38 39 40 41 -42 -43 -44 -45 -46 -47 48 49 50 0
uf50-0237 63381 1 -2 3 -4 5 -6 -7 -8 9 10 -11 -12 -13 -14 15 -16 17 18 -19 -20 21 -22 23 24 -25 -26 27 28 29 -30 31 -32 -33 34 35 36 -37 38 39 40 41 -42 -43 -44 -45 -46 -47 48 49 50 0
uf50-0237 82543 1 -2 -3 -4 5 -6 7 8 9 -10 -11 -12 -13 14 15 -16 17 18 19 -20 21 -22 -23 24 -25 -26 27 28 29 30 -31 32 -33 34 -35 36 -37 38 -39 40 41 -42 -43 44 45 46 -47 -48 49 50 0
uf50-0237 82543 1 -2 -3 -4 5 -6 7 8 9 -10 -11 -12 -13 14 15 -16 17 18 19 -20 21 -22 -23 24 -25 -26 27 28 29 30 -31 32 -33 34 -35 36 -37 38 -39 40 41 -42 -43 44 45 46 -47 -48 49 50 0
uf50-0237 82543 1 -2 -3 -4 5 -6 7 8 9 -10 -11 -12 -13 14 15 -16 17 18 19 -20 21 -22 -23 24 -25 -26 27 28 29 30 -31 32 -33 34 -35 36 -37 38 -39 40 41 -42 -43 44 45 46 -47 -48 49 50 0
uf50-0237 82543 1 -2 -3 -4 5 -6 7 8 9 -10 -11 -12 -13 14 15 -16 17 18 19 -20 21 -22 -23 24 -25 -26 27 28 29 30 -31 32 -33 34 -35 36 -37 38 -39 40 41 -42 -43 44 45 46 -47 -48 49 50 0
uf50-0237 82543 1 -2 -3 -4 5 -6 7 8 9 -10 -11 -12 -13 14 15 -16 17 18 19 -20 21 -22 -23 24 -25 -26 27 28 29 30 -31 32 -33 34 -35 36 -37 38 -39 40 41 -42 -43 44 45 46 -47 -48 49 50 0
uf50-0237 82543 1 -2 -3 -4 5 -6 7 8 9 -10 -11 -12 -13 14 15 -16 17 18 19 -20 21 -22 -23 24 -25 -26 27 28 29 30 -31 32 -33 34 -35 36 -37 38 -39 40 41 -42 -43 44 45 46 -47 -48 49 50 0
uf50-0237 82543 1 -2 -3 -4 5 -6 7 8 9 -10 -11 -12 -13 14 15 -16 17 18 19 -20 21 -22 -23 24 -25 -26 27 28 29 30 -31 32 -33 34 -35 36 -37 38 -39 40 41 -42 -43 44 45 46 -47 -48 49 50 0
uf50-0237 63381 1 -2 3 -4 5 -6 -7 -8 9 10 -11 -12 -13 -14 15 -16 17 18 -19 -20 21 -22 23 24 -25 -26 27 28 29 -30 31 -32 -33 34 35 36 -37 38 39 40 41 -42 -43 -44 -45 -46 -47 48 49 50 0
uf50-0237 63381 1 -2 3 -4 5 -6 -7 -8 9 10 -11 -12 -13 -14 15 -16 17 18 -19 -20 21 -22 23 24 -25 -26 27 28 29 -30 31 -32 -33 34 35 36 -37 38 39 40 41 -42 -43 -44 -45 -46 -47 48 49 50 0
uf50-0237 63381 1 -2 3 -4 5 -6 -7 -8 9 10 -11 -12 -13 -14 15 -16 17 18 -19 -20 21 -22 23 24 -25 -26 27 28 29 -30 31 -32 -33 34 35 36 -37 38 39 40 41 -42 -43 -44 -45 -46 -47 48 49 50 0
uf50-0237 63381 1 -2 3 -4 5 -6 -7 -8 9 10 -11 -12 -13 -14 15 -16 17 18 -19 -20 21 -22 23 24 -25 -26 27 28 29 -30 31 -32 -33 34 35 36 -37 38 39 40 41 -42 -43 -44 -45 -46 -47 48 49 50 0
uf50-0237 61876 1 -2 3 -4 5 -6 -7 -8 9 10 -11 -12 -13 -14 -15 -16 17 18 -19 -20 21 -22 23 24 -25 -26 27 28 29 -30 31 -32 -33 34 35 36 -37 38 39 40 41 -42 -43 -44 -45 -46 -47 48 49 50 0
uf50-0237 63381 1 -2 3 -4 5 -6 -7 -8 9 10 -11 -12 -13 -14 15 -16 17 18 -19 -20 21 -22 23 24 -25 -26 27 28 29 -30 31 -32 -33 34 35 36 -37 38 39 40 41 -42 -43 -44 -45 -46 -47 48 49 50 0
uf50-0237 82543 1 -2 -3 -4 5 -6 7 8 9 -10 -11 -12 -13 14 15 -16 17 18 19 -20 21 -22 -23 24 -25 -26 27 28 29 30 -31 32 -33 34 -35 36 -37 38 -39 40 41 -42 -43 44 45 46 -47 -48 49 50 0
uf50-0237 63381 1 -2 3 -4 5 -6 -7 -8 9 10 -11 -12 -13 -14 15 -16 17 18 -19 -20 21 -22 23 24 -25 -26 27 28 29 -30 31 -32 -33 34 35 36 -37 38 39 40 41 -42 -43 -44 -45 -46 -47 48 49 50 0
uf50-0237 82543 1 -2 -3 -4 5 -6 7 8 9 -10 -11 -12 -13 14 15 -16 17 18 19 -20 21 -22 -23 24 -25 -26 27 28 29 30 -31 32 -33 34 -35 36 -37 38 -39 40 41 -42 -43 44 45 46 -47 -48 49 50 0
uf50-0237 46661 1 -2 -3 -4 5 -6 -7 -8 9 10 -11 -12 -13 -14 15 -16 17 18 19 -20 21 -22 23 24 -25 -26 27 28 29 -30 31 -32 -33 34 -35 36 -37 38 39 40 41 -42 -43 -44 -45 -46 -47 -48 49 50 0
uf50-0237 82543 1 -2 -3 -4 5 -6 7 8 9 -10 -11 -12 -13 14 15 -16 17 18 19 -20 21 -22 -23 24 -25 -26 27 28 29 30 -31 32 -33 34 -35 36 -37 38 -39 40 41 -42 -43 44 45 46 -47 -48 49 50 0
uf50-0237 82543 1 -2 -3 -4 5 -6 7 8 9 -10 -11 -12 -13 14 15 -16 17 18 19 -20 21 -22 -23 24 -25 -26 27 28 29 30 -31 32 -33 34 -35 36 -37 38 -39 40 41 -42 -43 44 45 46 -47 -48 49 50 0
uf50-0237 82543 1 -2 -3 -4 5 -6 7 8 9 -10 -11 -12 -13 14 15 -16 17 18 19 -20 21 -22 -23 24 -25 -26 27 28 29 30 -31 32 -33 34 -35 36 -37 38 -39 40 41 -42 -43 44 45 46 -47 -48 49 50 0
uf50-0237 63381 1 -2 3 -4 5 -6 -7 -8 9 10 -11 -12 -13 -14 15 -16 17 18 -19 -20 21 -22 23 24 -25 -26 27 28 29 -30 31 -32 -33 34 35 36 -37 38 39 40 41 -42 -43 -44 -45 -46 -47 48 49 50 0
uf50-0237 48537 1 -2 3 -4 5 -6 -7 -8 9 10 -11 -12 -13 -14 15 -16 17 18 19 -20 21 -22 23 24 -25 26 -27 28 29 -30 31 -32 -33 34 -35 36 -37 38 39 40 41 -42 -43 -44 -45 -46 -47 -48 49 50 0
uf50-0237 82543 1 -2 -3 -4 5 -6 7 8 9 -10 -11 -12 -13 14 15 -16 17 18 19 -20 21 -22 -23 24 -25 -26 27 28 29 30 -31 32 -33 34 -35 36 -37 38 -39 40 41 -42 -43 44 45 46 -47 -48 49 50 0
uf50-0237 46661 1 -2 -3 -4 5 -6 -7 -8 9 10 -11 -12 -13 -14 15 -16 17 18 19 -20 21 -22 23 24 -25 -26 27 28 29 -30 31 -32 -33 34 -35 36 -37 38 39 40 41 -42 -43 -44 -45 -46 -47 -48 49 50 0
uf50-0237 49867 1 -2 3 -4 5 -6 -7 8 9 10 -11 -12 -13 -14 15 -16 17 18 19 -20 21 -22 23 24 -25 26 -27 28 29 30 31 -32 -33 34 -35 36 -37 38 39 40 41 -42 -43 -44 -45 -46 -47 -48 49 -50 0
uf50-0237 82543 1 -2 -3 -4 5 -6 7 8 9 -10 -11 -12 -13 14 15 -16 17 18 19 -20 21 -22 -23 24 -25 -26 27 28 29 30 -31 32 -33 34 -35 36 -37 38 -39 40 41 -42 -43 44 45 46 -47 -48 49 50 0
uf50-0237 63381 1 -2 3 -4 5 -6 -7 -8 9 10 -11 -12 -13 -14 15 -16 17 18 -19 -20 21 -22 23 24 -25 -26 27 28 29 -30 31 -32 -33 34 35 36 -37 38 39 40 41 -42 -43 -44 -45 -46 -47 48 49 50 0
uf50-0237 46741 1 -2 3 -4 5 -6 -7 8 9 10 -11 -12 -13 -14 15 -16 17 18 19 -20 21 -22 -23 24 -25 26 -27 28 29 30 -31 -32 -33 34 -35 36 -37 38 39 40 41 -42 -43 -44 45 -46 -47 -48 49 -50 0
uf50-0237 82543 1 -2 -3 -4 5 -6 7 8 9 -10 -11 -12 -13 14 15 -16 17 18 19 -20 21 -22 -23 24 -25 -26 27 28 29 30 -31 32 -33 34 -35 36 -37 38 -39 40 41 -42 -43 44 45 46 -47 -48 49 50 0
uf50-0237 63381 1 -2 3 -4 5 -6 -7 -8 9 10 -11 -12 -13 -14 15 -16 17 18 -19 -20 21 -22 23 24 -25 -26 27 28 29 -30 31 -32 -33 34 35 36 -37 38 39 40 41 -42 -43 -44 -45 -46 -47 48 49 50 0
uf50-0237 217 0
uf50-0237 82543 1 -2 -3 -4 5 -6 7 8 9 -10 -11 -12 -13 14 15 -16 17 18 19 -20 21 -22 -23 24 -25 -26 27 28 29 30 -31 32 -33 34 -35 36 -37 38 -39 40 41 -42 -43 44 45 46 -47 -48 49 50 0
uf50-0237 70900 1 -2 -3 -4 5 -6 7 8 9 -10 -11 -12 -13 14 15 -16 17 18 -19 -20 21 -22 -23 24 -25 -26 -27 28 29 30 -31 32 -33 34 -35 36 -37 38 -39 40 41 -42 -43 44 45 46 -47 -48 49 50 0
uf50-0237 49867 1 -2 3 -4 5 -6 -7 8 9 10 -11 -12 -13 -14 15 -16 17 18 19 -20 21 -22 23 24 -25 26 -27 28 29 30 31 -32 -33 34 -35 36 -37 38 39 40 41 -42 -43 -44 -45 -46 -47 -48 49 -50 0
uf50-0237 49867 1 -2 3 -4 5 -6 -7 8 9 10 -11 -12 -13 -14 15 -16 17 18 19 -20 21 -22 23 24 -25 26 -27 28 29 30 31 -32 -33 34 -35 36 -37 38 39 40 41 -42 -43 -44 -45 -46 -47 -48 49 -50 0
uf50-0237 82543 1 -2 -3 -4 5 -6 7 8 9 -10 -11 -12 -13 14 15 -16 17 18 19 -20 21 -22 -23 24 -25 -26 27 28 29 30 -31 32 -33 34 -35 36 -37 38 -39 40 41 -42 -43 44 45 46 -47 -48 49 50 0
uf50-0237 82543 1 -2 -3 -4 5 -6 7 8 9 -10 -11 -12 -13 14 15 -16 17 18 19 -20 21 -22 -23 24 -25 -26 27 28 29 30 -31 32 -33 34 -35 36 -37 38 -39 40 41 -42 -43 44 45 46 -47 -48 49 50 0
uf50-0237 63381 1 -2 3 -4 5 -6 -7 -8 9 10 -11 -12 -13 -14 15 -16 17 18 -19 -20 21 -22 23 24 -25 -26 27 28 29 -30 31 -32 -33 34 35 36 -37 38 39 40 41 -42 -43 -44 -45 -46 -47 48 49 50 0
uf50-0237 82543 1 -2 -3 -4 5 -6 7 8 9 -10 -11 -12 -13 14 15 -16 17 18 19 -20 21 -22 -23 24 -25 -26 27 28 29 30 -31 32 -33 34 -35 36 -37 38 -39 40 41 -42 -43 44 45 46 -47 -48 49 50 0
uf50-0237 82543 1 -2 -3 -4 5 -6 7 8 9 -10 -11 -12 -13 14 15 -16 17 18 19 -20 21 -22 -23 24 -25 -26 27 28 29 30 -31 32 -33 34 -35 36 -37 38 -39 40 41 -42 -43 44 45 46 -47 -48 49 50 0
uf50-0237 82543 1 -2 -3 -4 5 -6 7 8 9 -10 -11 -12 -13 14 15 -16 17 18 19 -20 21 -22 -23 24 -25 -26 27 28 29 30 -31 32 -33 34 -35 36 -37 38 -39 40 41 -42 -43 44 45 46 -47 -48 49 50 0
uf50-0237 82543 1 -2 -3 -4 5 -6 7 8 9 -10 -11 -12 -13 14 15 -16 17 18 19 -20 21 -22 -23 24 -25 -26 27 28 29 30 -31 32 -33 34 -35 36 -37 38 -39 40 41 -42 -43 44 45 46 -47 -48 49 50 0
uf50-0237 49867 1 -2 3 -4 5 -6 -7 8 9 10 -11 -12 -13 -14 15 -16 17 18 19 -20 21 -22 23 24 -25 26 -27 28 29 30 31 -32 -33 34 -35 36 -37 38 39 40 41 -42 -43 -44 -45 -46 -47 -48 49 -50 0
uf50-0237 49867 1 -2 3 -4 5 -6 -7 8 9 10 -11 -12 -13 -14 15 -16 17 18 19 -20 21 -22 23 24 -25 26 -27 28 29 30 31 -32 -33 34 -35 36 -37 38 39 40 41 -42 -43 -44 -45 -46 -47 -48 49 -50 0
uf50-0237 82543 1 -2 -3 -4 5 -6 7 8 9 -10 -11 -12 -13 14 15 -16 17 18 19 -20 21 -22 -23 24 -25 -26 27 28 29 30 -31 32 -33 34 -35 36 -37 38 -39 40 41 -42 -43 44 45 46 -47 -48 49 50 0
uf50-0237 82543 1 -2 -3 -4 5 -6 7 8 9 -10 -11 -12 -13 14 15 -16 17 18 19 -20 21 -22 -23 24 -25 -26 27 28 29 30 -31 32 -33 34 -35 36 -37 38 -39 40 41 -42 -43 44 45 46 -47 -48 49 50 0
uf50-0237 49867 1 -2 3 -4 5 -6 -7 8 9 10 -11 -12 -13 -14 15 -16 17 18 19 -20 21 -22 23 24 -25 26 -27 28 29 30 31 -32 -33 34 -35 36 -37 38 39 40 41 -42 -43 -44 -45 -46 -47 -48 49 -50 0
uf50-0237 46741 1 -2 3 -4 5 -6 -7 8 9 10 -11 -12 -13 -14 15 -16 17 18 19 -20 21 -22 -23 24 -25 26 -27 28 29 30 -31 -32 -33 34 -35 36 -37 38 39 40 41 -42 -43 -44 45 -46 -47 -48 49 -50 0
uf50-0237 49867 1 -2 3 -4 5 -6 -7 8 9 10 -11 -12 -13 -14 15 -16 17 18 19 -20 21 -22 23 24 -25 26 -27 28 29 30 31 -32 -33 34 -35 36 -37 38 39 40 41 -42 -43 -44 -45 -46 -47 -48 49 -50 0
uf50-0237 82543 1 -2 -3 -4 5 -6 7 8 9 -10 -11 -12 -13 14 15 -16 17 18 19 -20 21 -22 -23 24 -25 -26 27 28 29 30 -31 32 -33 34 -35 36 -37 38 -39 40 41 -42 -43 44 45 46 -47 -48 49 50 0
uf50-0237 49867 1 -2 3 -4 5 -6 -7 8 9 10 -11 -12 -13 -14 15 -16 17 18 19 -20 21 -22 23 24 -25 26 -27 28 29 30 31 -32 -33 34 -35 36 -37 38 39 40 41 -42 -43 -44 -45 -46 -47 -48 49 -50 0
uf50-0237 63381 1 -2 3 -4 5 -6 -7 -8 9 10 -11 -12 -13 -14 15 -16 17 18 -19 -20 21 -22 23 24 -25 -26 27 28 29 -30 31 -32 -33 34 35 36 -37 38 39 40 41 -42 -43 -44 -45 -46 -47 48 49 50 0
uf50-0237 54141 1 -2 3 -4 5 -6 -7 -8 9 10 -11 -12 -13 -14 -15 -16 17 18 -19 -20 21 -22 23 24 -25 -26 27 28 29 -30 31 -32 -33 34 -35 36 -37 38 39 40 41 -42 -43 -44 -45 -46 -47 48 49 50 0
uf50-0237 49867 1 -2 3 -4 5 -6 -7 8 9 10 -11 -12 -13 -14 15 -16 17 18 19 -20 21 -22 23 24 -25 26 -27 28 29 30 31 -32 -33 34 -35 36 -37 38 39 40 41 -42 -43 -44 -45 -46 -47 -48 49 -50 0
uf50-0237 63381 1 -2 3 -4 5 -6 -7 -8 9 10 -11 -12 -13 -14 15 -16 17 18 -19 -20 21 -22 23 24 -25 -26 27 28 29 -30 31 -32 -33 34 35 36 -37 38 39 40 41 -42 -43 -44 -45 -46 -47 48 49 50 0
uf50-0237 63381 1 -2 3 -4 5 -6 -7 -8 9 10 -11 -12 -13 -14 15 -16 17 18 -19 -20 21 -22 23 24 -25 -26 27 28 29 -30 31 -32 -33 34 35 36 -37 38 39 40 41 -42 -43 -44 -45 -46 -47 48 49 50 0
uf50-0237 49867 1 -2 3 -4 5 -6 -7 8 9 10 -11 -12 -13 -14 15 -16 17 18 19 -20 21 -22 23 24 -25 26 -27 28 29 30 31 -32 -33 34 -35 36 -37 38 39 40 41 -42 -43 -44 -45 -46 -47 -48 49 -50 0
uf50-0237 82543 1 -2 -3 -4 5 -6 7 8 9 -10 -11 -12 -13 14 15 -16 17 18 19 -20 21 -22 -23 24 -25 -26 27 28 29 30 -31 32 -33 34 -35 36 -37 38 -39 40 41 -42 -43 44 45 46 -47 -48 49 50 0
uf50-0237 63381 1 -2 3 -4 5 -6 -7 -8 9 10 -11 -12 -13 -14 15 -16 17 18 -19 -20 21 -22 23 24 -25 -26 27 28 29 -30 31 -32 -33 34 35 36 -37 38 39 40 41 -42 -43 -44 -45 -46 -47 48 49 50 0
uf50-0237 82543 1 -2 -3 -4 5 -6 7 8 9 -10 -11 -12 -13 14 15 -16 17 18 19 -20 21 -22 -23 24 -25 -26 27 28 29 30 -31 32 -33 34 -35 36 -37 38 -39 40 41 -42 -43 44 45 46 -47 -48 49 50 0
uf50-0237 49867 1 -2 3 -4 5 -6 -7 8 9 10 -11 -12 -13 -14 15 -16 17 18 19 -20 21 -22 23 24 -25 26 -27 28 29 30 31 -32 -33 34 -35 36 -37 38 39 40 41 -42 -43 -44 -45 -46 -47 -48 49 -50 0
uf50-0237 48537 1 -2 3 -4 5 -6 -7 -8 9 10 -11 -12 -13 -14 15 -16 17 18 19 -20 21 -22 23 24 -25 26 -27 28 29 -30 31 -32 -33 34 -35 36 -37 38 39 40 41 -42 -43 -44 -45 -46 -47 -48 49 50 0
uf50-0237 49867 1 -2 3 -4 5 -6 -7 8 9 10 -11 -12 -13 -14 15 -16 17 18 19 -20 21 -22 23 24 -25 26 -27 28 29 30 31 -32 -33 34 -35 36 -37 38 39 40 41 -42 -43 -44 -45 -46 -47 -48 49 -50 0
uf50-0237 82543 1 -2 -3 -4 5 -6 7 8 9 -10 -11 -12 -13 14 15 -16 17 18 19 -20 21 -22 -23 24 -25 -26 27 28 29 30 -31 32 -33 34 -35 36 -37 38 -39 40 41 -42 -43 44 45 46 -47 -48 49 50 0
uf50-0237 82543 1 -2 -3 -4 5 -6 7 8 9 -10 -11 -12 -13 14 15 -16 17 18 19 -20 21 -22 -23 24 -25 -26 27 28 29 30 -31 32 -33 34 -35 36 -37 38 -39 40 41 -42 -43 44 45 46 -47 -48 49 50 0
uf50-0237 63381 1 -2 3 -4 5 -6 -7 -8 9 10 -11 -12 -13 -14 15 -16 17 18 -19 -20 21 -22 23 24 -25 -26 27 28 29 -30 31 -32 -33 34 35 36 -37 38 39 40 41 -42 -43 -44 -45 -46 -47 48 49 50 0
uf50-0237 82543 1 -2 -3 -4 5 -6 7 8 9 -10 -11 -12 -13 14 15 -16 17 18 19 -20 21 -22 -23 24 -25 -26 27 28 29 30 -31 32 -33 34 -35 36 -37 38 -39 40 41 -42 -43 44 45 46 -47 -48 49 50 0
uf50-0237 46661 1 -2 -3 -4 5 -6 -7 -8 9 10 -11 -12 -13 -14 15 -16 17 18 19 -20 21 -22 23 24 -25 -26 27 28 29 -30 31 -32 -33 34 -35 36 -37 38 39 40 41 -42 -43 -44 -45 -46 -47 -48 49 50 0
uf50-0237 82543 1 -2 -3 -4 5 -6 7 8 9 -10 -11 -12 -13 14 15 -16 17 18 19 -20 21 -22 -23 24 -25 -26 27 28 29 30 -31 32 -33 34 -35 36 -37 38 -39 40 41 -42 -43 44 45 46 -47 -48 49 50 0
uf50-0237 82543 1 -2 -3 -4 5 -6 7 8 9 -10 -11 -12 -13 14 15 -16 17 18 19 -20 21 -22 -23 24 -25 -26 27 28 29 30 -31 32 -33 34 -35 36 -37 38 -39 40 41 -42 -43 44 45 46 -47 -48 49 50 0
uf50-0237 63381 1 -2 3 -4 5 -6 -7 -8 9 10 -11 -12 -13 -14 15 -16 17 18 -19 -20 21 -22 23 24 -25 -26 27 28 29 -30 31 -32 -33 34 35 36 -37 38 39 40 41 -42 -43 -44 -45 -46 -47 48 49 50 0
uf50-0237 82543 1 -2 -3 -4 5 -6 7 8 9 -10 -11 -12 -13 14 15 -16 17 18 19 -20 21 -22 -23 24 -25 -26 27 28 29 30 -31 32 -33 34 -35 36 -37 38 -39 40 41 -42 -43 44 45 46 -47 -48 49 50 0
uf50-0237 49867 1 -2 3 -4 5 -6 -7 8 9 10 -11 -12 -13 -14 15 -16 17 18 19 -20 21 -22 23 24 -25 26 -27 28 29 30 31 -32 -33 34 -35 36 -37 38 39 40 41 -42 -43 -44 -45 -46 -47 -48 49 -50 0
uf50-0237 82543 1 -2 -3 -4 5 -6 7 8 9 -10 -11 -12 -13 14 15 -16 17 18 19 -20 21 -22 -23 24 -25 -26 27 28 29 30 -31 32 -33 34 -35 36 -37 38 -39 40 41 -42 -43 44 45 46 -47 -48 49 50 0
uf50-0237 49867 1 -2 3 -4 5 -6 -7 8 9 10 -11 -12 -13 -14 15 -16 17 18 19 -20 21 -22 23 24 -25 26 -27 28 29 30 31 -32 -33 34 -35 36 -37 38 39 40 41 -42 -43 -44 -45 -46 -47 -48 49 -50 0
uf50-0237 49867 1 -2 3 -4 5 -6 -7 8 9 10 -11 -12 -13 -14 15 -16 17 18 19 -20 21 -22 23 24 -25 26 -27 28 29 30 31 -32 -33 34 -35 36 -37 38 39 40 41 -42 -43 -44 -45 -46 -47 -48 49 -50 0
uf50-0237 49867 1 -2 3 -4 5 -6 -7 8 9 10 -11 -12 -13 -14 15 -16 17 18 19 -20 21 -22 23 24 -25 26 -27 28 29 30 31 -32 -33 34 -35 36 -37 38 39 40 41 -42 -43 -44 -45 -46 -47 -48 49 -50 0
uf50-0237 82543 1 -2 -3 -4 5 -6 7 8 9 -10 -11 -12 -13 14 15 -16 17 18 19 -20 21 -22 -23 24 -25 -26 27 28 29 30 -31 32 -33 34 -35 36 -37 38 -39 40 41 -42 -43 44 45 46 -47 -48 49 50 0
uf50-0237 49867 1 -2 3 -4 5 -6 -7 8 9 10 -11 -12 -13 -14 15 -16 17 18 19 -20 21 -22 23 24 -25 26 -27 28 29 30 31 -32 -33 34 -35 36 -37 38 39 40 41 -42 -43 -44 -45 -46 -47 -48 49 -50 0
uf50-0237 82543 1 -2 -3 -4 5 -6 7 8 9 -10 -11 -12 -13 14 15 -16 17 18 19 -20 21 -22 -23 24 -25 -26 27 28 29 30 -31 32 -33 34 -35 36 -37 38 -39 40 41 -42 -43 44 45 46 -47 -48 49 50 0
uf50-0237 82543 1 -2 -3 -4 5 -6 7 8 9 -10 -11 -12 -13 14 15 -16 17 18 19 -20 21 -22 -23 24 -25 -26 27 28 29 30 -31 32 -33 34 -35 36 -37 38 -39 40 41 -42 -43 44 45 46 -47 -48 49 50 0
uf50-0237 49867 1 -2 3 -4 5 -6 -7 8 9 10 -11 -12 -13 -14 15 -16 17 18 19 -20 21 -22 23 24 -25 26 -27 28 29 30 31 -32 -33 34 -35 36 -37 38 39 40 41 -42 -43 -44 -45 -46 -47 -48 49 -50 0
uf50-0237 82543 1 -2 -3 -4 5 -6 7 8 9 -10 -11 -12 -13 14 15 -16 17 18 19 -20 21 -22 -23 24 -25 -26 27 28 29 30 -31 32 -33 34 -35 36 -37 38 -39 40 41 -42 -43 44 45 46 -47 -48 49 50 0
uf50-0237 46741 1 -2 3 -4 5 -6 -7 8 9 10 -11 -12 -13 -14 15 -16 17 18 19 -20 21 -22 -23 24 -25 26 -27 28 29 30 -31 -32 -33 34 -35 36 -37 38 39 40 41 -42 -43 -44 45 -46 -47 -48 49 -50 0
uf50-0237 82543 1 -2 -3 -4 5 -6 7 8 9 -10 -11 -12 -13 14 15 -16 17 18 19 -20 21 -22 -23 24 -25 -26 27 28 29 30 -31 32 -33 34 -35 36 -37 38 -39 40 41 -42 -43 44 45 46 -47 -48 49 50 0
uf50-0237 82543 1 -2 -3 -4 5 -6 7 8 9 -10 -11 -12 -13 14 15 -16 17 18 19 -20 21 -22 -23 24 -25 -26 27 28 29 30 -31 32 -33 34 -35 36 -37 38 -39 40 41 -42 -43 44 45 46 -47 -48 49 50 0
uf50-0237 49867 1 -2 3 -4 5 -6 -7 8 9 10 -11 -12 -13 -14 15 -16 17 18 19 -20 21 -22 23 24 -25 26 -27 28 29 30 31 -32 -33 34 -35 36 -37 38 39 40 41 -42 -43 -44 -45 -46 -47 -48 49 -50 0
