uf20-0563 38233 1 -2 3 4 5 6 -7 8 9 -10 -11 12 13 14 15 16 17 18 19 20 0
uf20-0563 38233 1 -2 3 4 5 6 -7 8 9 -10 -11 12 13 14 15 16 17 18 19 20 0
uf20-0563 39061 1 -2 3 4 5 6 -7 8 9 10 -11 12 13 14 15 16 17 18 19 -20 0
uf20-0563 38233 1 -2 3 4 5 6 -7 8 9 -10 -11 12 13 14 15 16 17 18 19 20 0
uf20-0563 39061 1 -2 3 4 5 6 -7 8 9 10 -11 12 13 14 15 16 17 18 19 -20 0
uf20-0563 37735 1 -2 3 4 5 6 -7 8 -9 10 -11 12 13 14 15 16 17 18 19 -20 0
uf20-0563 38287 1 -2 3 4 5 6 -7 8 9 10 -11 12 13 -14 15 16 17 18 19 20 0
uf20-0563 39061 1 -2 3 4 5 6 -7 8 9 10 -11 12 13 14 15 16 17 18 19 -20 0
uf20-0563 37320 1 -2 3 4 5 6 -7 8 9 10 -11 12 13 -14 15 16 17 18 19 -20 0
uf20-0563 39061 1 -2 3 4 5 6 -7 8 9 10 -11 12 13 14 15 16 17 18 19 -20 0
uf20-0563 39061 1 -2 3 4 5 6 -7 8 9 10 -11 12 13 14 15 16 17 18 19 -20 0
uf20-0563 38287 1 -2 3 4 5 6 -7 8 9 10 -11 12 13 -14 15 16 17 18 19 20 0
uf20-0563 39061 1 -2 3 4 5 6 -7 8 9 10 -11 12 13 14 15 16 17 18 19 -20 0
uf20-0563 38233 1 -2 3 4 5 6 -7 8 9 -10 -11 12 13 14 15 16 17 18 19 20 0
uf20-0563 37735 1 -2 3 4 5 6 -7 8 -9 10 -11 12 13 14 15 16 17 18 19 -20 0
uf20-0563 38233 1 -2 3 4 5 6 -7 8 9 -10 -11 12 13 14 15 16 17 18 19 20 0
uf20-0563 37735 1 -2 3 4 5 6 -7 8 -9 10 -11 12 13 14 15 16 17 18 19 -20 0
uf20-0563 38287 1 -2 3 4 5 6 -7 8 9 10 -11 12 13 -14 15 16 17 18 19 20 0
uf20-0563 37185 1 -2 3 4 5 -6 -7 8 9 10 -11 12 13 14 15 16 17 18 19 -20 0
uf20-0563 38287 1 -2 3 4 5 6 -7 8 9 10 -11 12 13 -14 15 16 17 18 19 20 0
uf20-0563 37402 1 -2 -3 4 5 6 -7 8 9 10 -11 12 13 14 15 16 17 18 19 -20 0
uf20-0563 37402 1 -2 -3 4 5 6 -7 8 9 10 -11 12 13 14 15 16 17 18 19 -20 0
uf20-0563 36907 1 -2 3 4 5 6 -7 8 -9 -10 -11 12 13 14 15 16 17 18 19 20 0
uf20-0563 37320 1 -2 3 4 5 6 -7 8 9 10 -11 12 13 -14 15 16 17 18 19 -20 0
uf20-0563 39061 1 -2 3 4 5 6 -7 8 9 10 -11 12 13 14 15 16 17 18 19 -20 0
uf20-0563 37735 1 -2 3 4 5 6 -7 8 -9 10 -11 12 13 14 15 16 17 18 19 -20 0
uf20-0563 39061 1 -2 3 4 5 6 -7 8 9 10 -11 12 13 14 15 16 17 18 19 -20 0
uf20-0563 37402 1 -2 -3 4 5 6 -7 8 9 10 -11 12 13 14 15 16 17 18 19 -20 0
uf20-0563 38287 1 -2 3 4 5 6 -7 8 9 10 -11 12 13 -14 15 16 17 18 19 20 0
uf20-0563 38287 1 -2 3 4 5 6 -7 8 9 10 -11 12 13 -14 15 16 17 18 19 20 0
uf20-0563 39061 1 -2 3 4 5 6 -7 8 9 10 -11 12 13 14 15 16 17 18 19 -20 0
uf20-0563 37346 1 -2 3 4 5 6 -7 8 9 10 -11 12 13 14 15 -16 17 18 19 -20 0
uf20-0563 36961 1 -2 3 4 5 6 -7 8 -9 10 -11 12 13 -14 15 16 17 18 19 20 0
uf20-0563 38287 1 -2 3 4 5 6 -7 8 9 10 -11 12 13 -14 15 16 17 18 19 20 0
uf20-0563 36961 1 -2 3 4 5 6 -7 8 -9 10 -11 12 13 -14 15 16 17 18 19 20 0
uf20-0563 39061 1 -2 3 4 5 6 -7 8 9 10 -11 12 13 14 15 16 17 18 19 -20 0
uf20-0563 38287 1 -2 3 4 5 6 -7 8 9 10 -11 12 13 -14 15 16 17 18 19 20 0
uf20-0563 39061 1 -2 3 4 5 6 -7 8 9 10 -11 12 13 14 15 16 17 18 19 -20 0
uf20-0563 38287 1 -2 3 4 5 6 -7 8 9 10 -11 12 13 -14 15 16 17 18 19 20 0
uf20-0563 37402 1 -2 -3 4 5 6 -7 8 9 10 -11 12 13 14 15 16 17 18 19 -20 0
uf20-0563 39061 1 -2 3 4 5 6 -7 8 9 10 -11 12 13 14 15 16 17 18 19 -20 0
uf20-0563 37320 1 -2 3 4 5 6 -7 8 9 10 -11 12 13 -14 15 16 17 18 19 -20 0
uf20-0563 39061 1 -2 3 4 5 6 -7 8 9 10 -11 12 13 14 15 16 17 18 19 -20 0
uf20-0563 38233 1 -2 3 4 5 6 -7 8 9 -10 -11 12 13 14 15 16 17 18 19 20 0
uf20-0563 39061 1 -2 3 4 5 6 -7 8 9 10 -11 12 13 14 15 16 17 18 19 -20 0
uf20-0563 38233 1 -2 3 4 5 6 -7 8 9 -10 -11 12 13 14 15 16 17 18 19 20 0
uf20-0563 39061 1 -2 3 4 5 6 -7 8 9 10 -11 12 13 14 15 16 17 18 19 -20 0
uf20-0563 39061 1 -2 3 4 5 6 -7 8 9 10 -11 12 13 14 15 16 17 18 19 -20 0
uf20-0563 37735 1 -2 3 4 5 6 -7 8 -9 10 -11 12 13 14 15 16 17 18 19 -20 0
uf20-0563 37266 1 -2 3 4 5 6 -7 8 9 -10 -11 12 13 14 15 16 17 18 19 -20 0
