uf50-0799 217 0
uf50-0799 5208 -1 2 3 4 -5 6 -7 8 9 10 -11 -12 -13 14 15 16 -17 -18 19 -20 -21 22 23 24 25 26 27 -28 -29 30 31 -32 -33 -34 35 36 -37 38 39 -40 41 -42 -43 -44 45 -46 -47 48 -49 -50 0
uf50-0799 216 0
uf50-0799 216 0
uf50-0799 217 0
uf50-0799 216 0
uf50-0799 217 0
uf50-0799 2616 -1 2 3 4 -5 6 -7 8 9 10 -11 -12 -13 14 15 16 -17 -18 19 -20 -21 22 23 24 25 26 27 -28 -29 30 -31 -32 -33 -34 35 36 -37 38 39 -40 41 -42 -43 -44 45 -46 -47 48 -49 -50 0
uf50-0799 217 0
uf50-0799 217 0
uf50-0799 216 0
uf50-0799 216 0
uf50-0799 216 0
uf50-0799 217 0
uf50-0799 217 0
uf50-0799 217 0
uf50-0799 217 0
uf50-0799 216 0
uf50-0799 217 0
uf50-0799 217 0
uf50-0799 217 0
uf50-0799 217 0
uf50-0799 6935 -1 2 3 4 -5 6 -7 8 9 10 -11 -12 -13 14 15 16 -17 -18 19 -20 -21 22 23 24 25 26 27 -28 -29 30 -31 -32 -33 -34 35 36 -37 38 39 -40 41 42 -43 -44 45 -46 -47 48 -49 -50 0
uf50-0799 216 0
uf50-0799 217 0
uf50-0799 12982 -1 2 3 4 -5 6 -7 8 9 10 -11 -12 -13 14 15 16 -17 -18 19 -20 -21 22 23 24 25 26 27 -28 -29 30 -31 -32 -33 -34 35 36 -37 38 39 -40 41 42 -43 -44 45 -46 47 48 -49 -50 0
uf50-0799 216 0
uf50-0799 216 0
uf50-0799 217 0
uf50-0799 216 0
uf50-0799 217 0
uf50-0799 217 0
uf50-0799 216 0
uf50-0799 216 0
uf50-0799 217 0
uf50-0799 12982 -1 2 3 4 -5 6 -7 8 9 10 -11 -12 -13 14 15 16 -17 -18 19 -20 -21 22 23 24 25 26 27 -28 -29 30 -31 -32 -33 -34 35 36 -37 38 39 -40 41 42 -43 -44 45 -46 47 48 -49 -50 0
uf50-0799 217 0
uf50-0799 217 0
uf50-0799 216 0
uf50-0799 217 0
uf50-0799 15574 1 2 3 4 -5 6 -7 8 9 10 -11 -12 13 14 15 16 -17 -18 19 -20 -21 22 23 24 25 26 27 -28 -29 30 31 -32 -33 -34 35 -36 -37 38 39 -40 41 -42 -43 -44 45 -46 -47 48 -49 -50 0
uf50-0799 216 0
uf50-0799 216 0
uf50-0799 217 0
uf50-0799 216 0
uf50-0799 216 0
uf50-0799 217 0
uf50-0799 216 0
uf50-0799 217 0
uf50-0799 217 0
uf50-0449 38088 -1 -2 3 -4 5 6 7 -8 -9 -10 -11 12 -13 -14 -15 16 -17 18 19 -20 -21 -22 23 24 -25 26 -27 -28 29 30 31 -32 -33 34 35 36 37 38 -39 -40 41 42 43 44 -45 46 -47 48 49 50 0
uf50-0449 217 0
uf50-0449 35923 -1 -2 3 -4 5 6 7 -8 -9 -10 -11 12 -13 -14 -15 16 -17 18 19 -20 21 22 -23 24 25 26 -27 -28 29 30 -31 -32 -33 34 35 36 37 38 39 -40 41 42 43 44 -45 46 -47 -48 49 50 0
uf50-0449 217 0
uf50-0449 37046 1 -2 3 -4 5 6 7 -8 -9 -10 -11 -12 -13 -14 -15 16 -17 18 19 -20 -21 -22 23 24 25 26 -27 -28 29 30 31 -32 -33 34 35 36 37 38 -39 -40 41 42 43 44 -45 46 -47 -48 49 50 0
uf50-0449 36324 1 -2 3 4 -5 -6 7 -8 -9 -10 -11 -12 -13 -14 -15 -16 -17 18 19 -20 21 -22 -23 24 25 26 -27 28 29 30 31 -32 -33 34 35 36 37 38 -39 -40 41 42 43 44 -45 46 -47 -48 49 50 0
uf50-0449 216 0
uf50-0449 31996 -1 -2 3 4 5 -6 7 -8 -9 -10 -11 -12 -13 -14 -15 -16 -17 18 19 -20 21 -22 -23 24 25 26 -27 28 29 30 31 -32 -33 34 35 36 37 38 -39 -40 41 42 43 44 -45 46 -47 -48 49 50 0
uf50-0449 217 0
uf50-0449 216 0
uf50-0449 216 0
uf50-0449 34721 1 -2 3 4 -5 -6 7 -8 -9 -10 -11 -12 -13 -14 -15 -16 -17 18 -19 -20 21 -22 -23 24 25 26 -27 28 29 30 31 -32 -33 34 35 36 37 38 -39 -40 41 42 43 44 -45 46 -47 -48 49 50 0
uf50-0449 31996 -1 -2 3 4 5 -6 7 -8 -9 -10 -11 -12 -13 -14 -15 -16 -17 18 19 -20 21 -22 -23 24 25 26 -27 28 29 30 31 -32 -33 34 35 36 37 38 -39 -40 41 42 43 44 -45 46 -47 -48 49 50 0
uf50-0449 34561 -1 -2 3 4 5 -6 7 -8 -9 -10 -11 12 -13 -14 -15 -16 -17 18 19 -20 21 -22 -23 24 25 26 -27 28 29 30 31 -32 -33 34 35 36 37 38 -39 -40 41 42 43 44 -45 46 -47 -48 49 50 0
uf50-0449 38408 -1 -2 3 -4 5 6 7 -8 -9 -10 -11 12 -13 -14 -15 16 -17 18 19 20 21 22 -23 24 -25 26 -27 -28 29 30 -31 -32 -33 34 35 36 37 38 39 -40 41 42 43 44 -45 46 -47 -48 49 50 0
uf50-0449 35923 -1 -2 3 -4 5 6 7 -8 -9 -10 -11 12 -13 -14 -15 16 -17 18 19 -20 21 22 -23 24 25 26 -27 -28 29 30 -31 -32 -33 34 35 36 37 38 39 -40 41 42 43 44 -45 46 -47 -48 49 50 0
uf50-0449 37046 1 -2 3 -4 5 6 7 -8 -9 -10 -11 -12 -13 -14 -15 16 -17 18 19 -20 -21 -22 23 24 25 26 -27 -28 29 30 31 -32 -33 34 35 36 37 38 -39 -40 41 42 43 44 -45 46 -47 -48 49 50 0
uf50-0449 217 0
uf50-0449 217 0
uf50-0449 217 0
uf50-0449 216 0
uf50-0449 41053 -1 -2 3 -4 5 6 7 -8 -9 -10 -11 12 -13 -14 -15 16 -17 18 19 20 21 22 -23 24 25 26 -27 -28 29 30 -31 -32 -33 34 35 36 37 38 39 -40 41 42 43 44 -45 46 -47 -48 49 50 0
uf50-0449 45301 -1 -2 3 -4 5 6 7 -8 -9 -10 -11 12 -13 -14 -15 16 -17 18 19 20 21 22 -23 24 -25 26 -27 -28 29 30 -31 -32 -33 34 35 36 37 38 39 -40 41 42 43 44 -45 46 -47 48 49 50 0
uf50-0449 21816 -1 -2 3 -4 5 -6 7 -8 -9 -10 -11 12 -13 -14 -15 -16 -17 18 19 -20 21 22 -23 24 25 26 -27 -28 29 30 -31 -32 -33 34 35 36 37 38 -39 -40 41 42 43 44 -45 46 -47 -48 49 50 0
uf50-0449 28630 -1 -2 3 -4 5 6 7 -8 -9 -10 -11 -12 -13 -14 -15 16 -17 18 19 -20 -21 -22 23 24 -25 26 -27 -28 29 30 31 -32 -33 34 35 36 37 38 -39 -40 41 42 43 44 -45 46 -47 -48 49 50 0
uf50-0449 38968 1 -2 3 4 -5 -6 7 -8 -9 -10 -11 -12 -13 -14 -15 -16 17 18 -19 -20 21 -22 -23 24 25 26 -27 28 -29 -30 31 -32 -33 34 35 36 37 38 -39 -40 41 42 43 44 -45 46 -47 -48 49 50 0
uf50-0449 217 0
uf50-0449 34561 -1 -2 3 4 5 -6 7 -8 -9 -10 -11 12 -13 -14 -15 -16 -17 18 19 -20 21 -22 -23 24 25 26 -27 28 29 30 31 -32 -33 34 35 36 37 38 -39 -40 41 42 43 44 -45 46 -47 -48 49 50 0
uf50-0449 35523 -1 -2 3 -4 5 6 7 -8 -9 -10 -11 -12 -13 -14 -15 16 -17 18 19 -20 -21 -22 23 24 -25 26 -27 -28 29 30 31 -32 -33 34 35 36 37 38 -39 -40 41 42 43 44 -45 46 -47 48 49 50 0
uf50-0449 217 0
uf50-0449 217 0
uf50-0449 45301 -1 -2 3 -4 5 6 7 -8 -9 -10 -11 12 -13 -14 -15 16 -17 18 19 20 21 22 -23 24 -25 26 -27 -28 29 30 -31 -32 -33 34 35 36 37 38 39 -40 41 42 43 44 -45 46 -47 48 49 50 0
uf50-0449 217 0
uf50-0449 217 0
uf50-0449 217 0
uf50-0449 217 0
uf50-0449 35523 -1 -2 3 -4 5 6 7 -8 -9 -10 -11 -12 -13 -14 -15 16 -17 18 19 -20 -21 -22 23 24 -25 26 -27 -28 29 30 31 -32 -33 34 35 36 37 38 -39 -40 41 42 43 44 -45 46 -47 48 49 50 0
uf50-0449 217 0
uf50-0449 215 0
uf50-0449 217 0
uf50-0449 35923 -1 -2 3 -4 5 6 7 -8 -9 -10 -11 12 -13 -14 -15 16 -17 18 19 -20 21 22 -23 24 25 26 -27 -28 29 30 -31 -32 -33 34 35 36 37 38 39 -40 41 42 43 44 -45 46 -47 -48 49 50 0
uf50-0449 217 0
uf50-0449 38088 -1 -2 3 -4 5 6 7 -8 -9 -10 -11 12 -13 -14 -15 16 -17 18 19 -20 -21 -22 23 24 -25 26 -27 -28 29 30 31 -32 -33 34 35 36 37 38 -39 -40 41 42 43 44 -45 46 -47 48 49 50 0
uf50-0449 35923 -1 -2 3 -4 5 6 7 -8 -9 -10 -11 12 -13 -14 -15 16 -17 18 19 -20 21 22 -23 24 25 26 -27 -28 29 30 -31 -32 -33 34 35 36 37 38 39 -40 41 42 43 44 -45 46 -47 -48 49 50 0
uf50-0449 217 0
uf50-0449 217 0
uf50-0449 31996 -1 -2 3 4 5 -6 7 -8 -9 -10 -11 -12 -13 -14 -15 -16 -17 18 19 -20 21 -22 -23 24 25 26 -27 28 29 30 31 -32 -33 34 35 36 37 38 -39 -40 41 42 43 44 -45 46 -47 -48 49 50 0
uf50-0449 36324 1 -2 3 4 -5 -6 7 -8 -9 -10 -11 -12 -13 -14 -15 -16 -17 18 19 -20 21 -22 -23 24 25 26 -27 28 29 30 31 -32 -33 34 35 36 37 38 -39 -40 41 42 43 44 -45 46 -47 -48 49 50 0
uf50-0449 35442 -1 -2 3 -4 5 6 7 -8 -9 -10 -11 12 -13 -14 -15 16 -17 18 19 20 21 22 -23 24 -25 26 -27 -28 -29 30 -31 -32 -33 34 35 36 37 38 39 -40 41 42 43 44 -45 46 -47 -48 49 50 0
uf50-0449 45301 -1 -2 3 -4 5 6 7 -8 -9 -10 -11 12 -13 -14 -15 16 -17 18 19 20 21 22 -23 24 -25 26 -27 -28 29 30 -31 -32 -33 34 35 36 37 38 39 -40 41 42 43 44 -45 46 -47 48 49 50 0
uf50-0672 216 0
uf50-0672 216 0
uf50-0672 217 0
uf50-0672 217 0
uf50-0672 11692 1 2 3 4 5 6 7 8 9 -10 -11 12 13 14 -15 -16 17 18 -19 -20 -21 22 -23 24 -25 26 27 -28 29 30 -31 32 33 -34 35 36 -37 -38 -39 -40 -41 42 -43 44 45 46 -47 48 49 50 0
uf50-0672 217 0
uf50-0672 216 0
uf50-0672 217 0
uf50-0672 217 0
uf50-0672 217 0
uf50-0672 217 0
uf50-0672 216 0
uf50-0672 11692 1 2 3 4 5 6 7 8 9 -10 -11 12 13 14 -15 -16 17 18 -19 -20 -21 22 -23 24 -25 26 27 -28 29 30 -31 32 33 -34 35 36 -37 -38 -39 -40 -41 42 -43 44 45 46 -47 48 49 50 0
uf50-0672 216 0
uf50-0672 217 0
uf50-0672 216 0
uf50-0672 215 0
uf50-0672 217 0
uf50-0672 7804 1 2 3 4 5 6 7 8 9 -10 -11 12 13 -14 -15 -16 17 18 -19 -20 -21 22 -23 24 -25 26 27 -28 29 30 -31 32 33 -34 35 36 -37 -38 -39 -40 -41 42 -43 44 45 46 -47 48 49 50 0
uf50-0672 217 0
uf50-0672 217 0
uf50-0672 216 0
uf50-0672 216 0
uf50-0672 217 0
uf50-0672 216 0
uf50-0672 217 0
uf50-0672 217 0
uf50-0672 216 0
uf50-0672 216 0
uf50-0672 216 0
uf50-0672 216 0
uf50-0672 216 0
uf50-0672 216 0
uf50-0672 215 0
uf50-0672 217 0
uf50-0672 217 0
uf50-0672 216 0
uf50-0672 216 0
uf50-0672 217 0
uf50-0672 217 0
uf50-0672 7804 1 2 3 4 5 -6 7 8 9 -10 -11 12 13 14 -15 -16 17 18 -19 -20 -21 22 -23 24 -25 26 27 -28 29 30 -31 32 33 -34 35 36 -37 -38 -39 -40 -41 42 -43 44 45 46 -47 48 49 50 0
uf50-0672 216 0
uf50-0672 216 0
uf50-0672 217 0
uf50-0672 216 0
uf50-0672 217 0
uf50-0672 216 0
uf50-0672 217 0
uf50-0672 217 0
uf50-0672 217 0
uf50-0239 39261 -1 2 -3 4 5 6 -7 8 -9 -10 11 12 -13 -14 15 -16 -17 -18 19 -20 21 -22 -23 24 -25 26 -27 -28 29 30 31 -32 -33 34 35 36 37 38 -39 -40 41 42 -43 -44 45 46 -47 48 -49 50 0
uf50-0239 26678 -1 2 -3 4 -5 -6 -7 8 -9 -10 11 12 -13 -14 15 16 -17 -18 19 20 21 -22 -23 -24 -25 26 -27 -28 29 30 31 -32 -33 34 35 36 37 38 -39 -40 -41 42 -43 -44 45 46 -47 48 -49 50 0
uf50-0239 46371 1 -2 -3 4 5 -6 7 8 -9 10 11 12 -13 -14 -15 -16 -17 -18 -19 20 21 -22 -23 -24 -25 26 -27 -28 29 30 31 -32 -33 34 35 36 37 -38 -39 40 -41 42 -43 44 45 46 -47 -48 -49 50 0
uf50-0239 43131 1 -2 -3 4 -5 -6 7 8 -9 10 11 12 -13 -14 -15 -16 -17 -18 19 20 21 -22 -23 -24 -25 26 -27 -28 29 30 31 -32 -33 34 35 36 37 -38 -39 40 -41 42 -43 44 45 46 -47 -48 -49 -50 0
uf50-0239 217 0
uf50-0239 217 0
uf50-0239 217 0
uf50-0239 217 0
uf50-0239 42569 -1 2 -3 4 5 6 7 8 -9 -10 11 12 -13 -14 -15 16 -17 -18 19 20 21 -22 -23 -24 -25 26 -27 -28 29 30 31 -32 -33 34 35 36 37 38 -39 -40 41 42 -43 -44 45 46 -47 48 -49 50 0
uf50-0239 39534 -1 2 -3 4 -5 6 7 8 -9 -10 11 12 -13 -14 -15 16 -17 -18 19 20 21 -22 -23 -24 -25 26 -27 -28 29 30 31 -32 33 34 35 36 37 38 -39 -40 -41 42 -43 -44 45 46 -47 48 -49 50 0
uf50-0239 217 0
uf50-0239 37864 -1 2 -3 4 -5 6 -7 8 -9 -10 11 12 -13 -14 -15 16 -17 -18 19 20 21 -22 -23 24 -25 26 -27 -28 29 30 31 -32 33 34 35 36 37 38 -39 -40 -41 42 -43 -44 45 46 -47 48 -49 50 0
uf50-0239 217 0
uf50-0239 42569 -1 2 -3 4 5 6 7 8 -9 -10 11 12 -13 -14 -15 16 -17 -18 19 20 21 -22 -23 -24 -25 26 -27 -28 29 30 31 -32 -33 34 35 36 37 38 -39 -40 41 42 -43 -44 45 46 -47 48 -49 50 0
uf50-0239 45400 -1 2 -3 4 5 6 -7 8 -9 -10 11 12 -13 -14 15 16 -17 -18 19 20 21 -22 -23 24 -25 26 -27 -28 29 30 31 -32 -33 34 35 36 37 38 -39 -40 41 42 -43 -44 45 46 -47 48 -49 50 0
uf50-0239 217 0
uf50-0239 217 0
uf50-0239 217 0
uf50-0239 217 0
uf50-0239 37556 -1 2 -3 4 -5 6 7 8 -9 -10 11 12 -13 -14 -15 16 -17 -18 19 20 21 -22 -23 -24 -25 26 -27 -28 29 30 31 -32 -33 34 35 36 37 38 -39 -40 41 42 -43 -44 45 46 -47 48 -49 50 0
uf50-0239 31691 -1 2 -3 4 -5 6 -7 8 -9 -10 11 12 -13 -14 15 16 -17 -18 -19 -20 21 -22 -23 24 -25 26 -27 -28 29 30 31 -32 -33 34 35 36 37 38 -39 -40 -41 42 -43 -44 45 46 -47 48 -49 50 0
uf50-0239 29065 -1 2 -3 4 -5 6 -7 8 -9 -10 -11 12 -13 -14 15 16 -17 -18 19 20 21 -22 -23 -24 -25 26 -27 -28 29 30 31 -32 -33 34 35 36 37 38 -39 -40 -41 42 -43 -44 45 46 -47 48 -49 50 0
uf50-0239 217 0
uf50-0239 217 0
uf50-0239 217 0
uf50-0239 217 0
uf50-0239 37556 -1 2 -3 4 -5 6 7 8 -9 -10 11 12 -13 -14 -15 16 -17 -18 19 20 21 -22 -23 -24 -25 26 -27 -28 29 30 31 -32 -33 34 35 36 37 38 -39 -40 41 42 -43 -44 45 46 -47 48 -49 50 0
uf50-0239 217 0
uf50-0239 41512 -1 2 -3 4 5 6 -7 8 -9 -10 11 12 -13 -14 15 16 -17 -18 19 20 21 -22 -23 -24 -25 26 -27 -28 29 30 31 -32 -33 34 35 36 37 38 -39 -40 41 42 -43 -44 45 46 -47 48 -49 50 0
uf50-0239 40353 -1 2 -3 4 5 -6 -7 8 -9 -10 11 12 -13 -14 15 16 -17 -18 19 20 21 -22 -23 24 -25 26 -27 -28 29 30 31 -32 -33 34 35 36 37 38 -39 -40 41 42 -43 -44 45 46 -47 48 -49 50 0
uf50-0239 217 0
uf50-0239 217 0
uf50-0239 39534 -1 2 -3 4 -5 6 7 8 -9 -10 11 12 -13 -14 -15 16 -17 -18 19 20 21 -22 -23 -24 -25 26 -27 -28 29 30 31 -32 33 34 35 36 37 38 -39 -40 -41 42 -43 -44 45 46 -47 48 -49 50 0
uf50-0239 37864 -1 2 -3 4 -5 6 -7 8 -9 -10 11 12 -13 -14 -15 16 -17 -18 19 20 21 -22 -23 24 -25 26 -27 -28 29 30 31 -32 33 34 35 36 37 38 -39 -40 -41 42 -43 -44 45 46 -47 48 -49 50 0
uf50-0239 37864 -1 2 -3 4 -5 6 -7 8 -9 -10 11 12 -13 -14 -15 16 -17 -18 19 20 21 -22 -23 24 -25 26 -27 -28 29 30 31 -32 33 34 35 36 37 38 -39 -40 -41 42 -43 -44 45 46 -47 48 -49 50 0
uf50-0239 25877 -1 2 -3 4 -5 6 -7 8 -9 -10 -11 12 -13 -14 15 16 -17 -18 -19 -20 21 -22 -23 24 -25 26 -27 -28 29 30 31 -32 -33 34 35 36 37 38 -39 -40 -41 -42 -43 -44 45 46 -47 48 -49 50 0
uf50-0239 217 0
uf50-0239 217 0
uf50-0239 217 0
uf50-0239 217 0
uf50-0239 217 0
uf50-0239 52610 1 -2 -3 4 5 -6 7 8 -9 -10 11 12 -13 -14 -15 -16 -17 18 -19 20 21 -22 -23 -24 25 26 -27 -28 29 30 31 -32 -33 34 -35 36 37 -38 -39 40 -41 42 -43 44 45 46 -47 -48 -49 50 0
uf50-0239 217 0
uf50-0239 217 0
uf50-0239 45620 1 -2 -3 4 5 -6 7 8 -9 -10 11 12 -13 -14 -15 -16 -17 18 -19 20 21 -22 -23 -24 -25 26 -27 -28 29 30 31 -32 -33 34 -35 36 37 -38 -39 40 -41 42 -43 44 45 46 -47 -48 -49 50 0
uf50-0239 217 0
uf50-0239 37556 -1 2 -3 4 -5 6 7 8 -9 -10 11 12 -13 -14 -15 16 -17 -18 19 20 21 -22 -23 -24 -25 26 -27 -28 29 30 31 -32 -33 34 35 36 37 38 -39 -40 41 42 -43 -44 45 46 -47 48 -49 50 0
uf50-0239 42569 -1 2 -3 4 5 6 7 8 -9 -10 11 12 -13 -14 -15 16 -17 -18 19 20 21 -22 -23 -24 -25 26 -27 -28 29 30 31 -32 -33 34 35 36 37 38 -39 -40 41 42 -43 -44 45 46 -47 48 -49 50 0
uf50-0239 34248 -1 2 -3 4 -5 6 -7 8 -9 -10 11 12 -13 -14 15 -16 -17 -18 19 -20 21 -22 -23 24 -25 26 -27 -28 29 30 31 -32 -33 34 35 36 37 38 -39 -40 41 42 -43 -44 45 46 -47 48 -49 50 0
uf50-0239 217 0
uf50-0107 216 0
uf50-0107 216 0
uf50-0107 215 0
uf50-0107 216 0
uf50-0107 216 0
uf50-0107 216 0
uf50-0107 217 0
uf50-0107 216 0
uf50-0107 216 0
uf50-0107 216 0
uf50-0107 215 0
uf50-0107 217 0
uf50-0107 216 0
uf50-0107 216 0
uf50-0107 215 0
uf50-0107 216 0
uf50-0107 216 0
uf50-0107 216 0
uf50-0107 216 0
uf50-0107 216 0
uf50-0107 216 0
uf50-0107 217 0
uf50-0107 215 0
uf50-0107 216 0
uf50-0107 215 0
uf50-0107 216 0
uf50-0107 216 0
uf50-0107 215 0
uf50-0107 216 0
uf50-0107 216 0
uf50-0107 216 0
uf50-0107 216 0
uf50-0107 216 0
uf50-0107 216 0
uf50-0107 216 0
uf50-0107 216 0
uf50-0107 216 0
uf50-0107 11686 -1 2 -3 4 -5 -6 7 -8 9 10 11 -12 13 -14 15 16 -17 18 -19 -20 21 22 -23 -24 25 -26 27 -28 -29 30 -31 -32 33 34 35 -36 37 -38 -39 -40 -41 42 43 -44 -45 -46 47 48 49 50 0
uf50-0107 216 0
uf50-0107 215 0
uf50-0107 217 0
uf50-0107 216 0
uf50-0107 216 0
uf50-0107 216 0
uf50-0107 216 0
uf50-0107 216 0
uf50-0107 217 0
uf50-0107 216 0
uf50-0107 216 0
uf50-0107 217 0
uf50-0844 216 0
uf50-0844 215 0
uf50-0844 215 0
uf50-0844 215 0
uf50-0844 216 0
uf50-0844 216 0
uf50-0844 216 0
uf50-0844 216 0
uf50-0844 216 0
uf50-0844 216 0
uf50-0844 216 0
uf50-0844 215 0
uf50-0844 216 0
uf50-0844 215 0
uf50-0844 216 0
uf50-0844 215 0
uf50-0844 215 0
uf50-0844 217 0
uf50-0844 217 0
uf50-0844 215 0
uf50-0844 217 0
uf50-0844 216 0
uf50-0844 215 0
uf50-0844 216 0
uf50-0844 216 0
uf50-0844 217 0
uf50-0844 216 0
uf50-0844 215 0
uf50-0844 215 0
uf50-0844 216 0
uf50-0844 216 0
uf50-0844 214 0
uf50-0844 215 0
uf50-0844 216 0
uf50-0844 215 0
uf50-0844 217 0
uf50-0844 216 0
uf50-0844 214 0
uf50-0844 215 0
uf50-0844 216 0
uf50-0844 216 0
uf50-0844 216 0
uf50-0844 214 0
uf50-0844 217 0
uf50-0844 216 0
uf50-0844 215 0
uf50-0844 217 0
uf50-0844 216 0
uf50-0844 217 0
uf50-0844 215 0
uf50-073 217 0
uf50-073 216 0
uf50-073 216 0
uf50-073 217 0
uf50-073 216 0
uf50-073 216 0
uf50-073 216 0
uf50-073 216 0
uf50-073 216 0
uf50-073 216 0
uf50-073 217 0
uf50-073 216 0
uf50-073 216 0
uf50-073 216 0
uf50-073 216 0
uf50-073 216 0
uf50-073 216 0
uf50-073 216 0
uf50-073 216 0
uf50-073 216 0
uf50-073 216 0
uf50-073 217 0
uf50-073 216 0
uf50-073 217 0
uf50-073 216 0
uf50-073 216 0
uf50-073 216 0
uf50-073 216 0
uf50-073 217 0
uf50-073 216 0
uf50-073 217 0
uf50-073 216 0
uf50-073 217 0
uf50-073 217 0
uf50-073 216 0
uf50-073 216 0
uf50-073 216 0
uf50-073 217 0
uf50-073 217 0
uf50-073 216 0
uf50-073 217 0
uf50-073 9093 -1 -2 3 -4 5 -6 -7 8 9 -10 -11 -12 13 -14 15 -16 -17 -18 19 20 -21 -22 -23 -24 25 26 27 28 -29 -30 31 -32 33 -34 35 -36 37 38 -39 -40 41 42 43 -44 -45 46 47 48 49 -50 0
uf50-073 217 0
uf50-073 216 0
uf50-073 216 0
uf50-073 217 0
uf50-073 216 0
uf50-073 217 0
uf50-073 216 0
uf50-073 216 0
uf50-0911 216 0
uf50-0911 216 0
uf50-0911 217 0
uf50-0911 217 0
uf50-0911 217 0
uf50-0911 217 0
uf50-0911 216 0
uf50-0911 217 0
uf50-0911 217 0
uf50-0911 217 0
uf50-0911 217 0
uf50-0911 217 0
uf50-0911 216 0
uf50-0911 217 0
uf50-0911 217 0
uf50-0911 217 0
uf50-0911 217 0
uf50-0911 216 0
uf50-0911 217 0
uf50-0911 217 0
uf50-0911 217 0
uf50-0911 217 0
uf50-0911 217 0
uf50-0911 217 0
uf50-0911 217 0
uf50-0911 216 0
uf50-0911 217 0
uf50-0911 217 0
uf50-0911 217 0
uf50-0911 216 0
uf50-0911 217 0
uf50-0911 217 0
uf50-0911 217 0
uf50-0911 217 0
uf50-0911 216 0
uf50-0911 217 0
uf50-0911 217 0
uf50-0911 217 0
uf50-0911 55141 1 2 -3 4 5 -6 -7 -8 9 -10 -11 12 -13 14 15 -16 -17 18 -19 -20 21 22 -23 24 25 -26 27 28 29 30 31 -32 33 -34 -35 36 -37 -38 -39 -40 -41 -42 -43 44 45 -46 47 48 -49 50 0
uf50-0911 216 0
uf50-0911 216 0
uf50-0911 216 0
uf50-0911 217 0
uf50-0911 217 0
uf50-0911 217 0
uf50-0911 217 0
uf50-0911 216 0
uf50-0911 216 0
uf50-0911 217 0
uf50-0911 216 0
uf50-0379 217 0
uf50-0379 217 0
uf50-0379 217 0
uf50-0379 216 0
uf50-0379 217 0
uf50-0379 89580 -1 2 -3 4 5 6 7 -8 -9 10 -11 -12 -13 14 -15 -16 -17 18 -19 -20 -21 22 -23 -24 -25 26 -27 -28 29 30 -31 32 -33 -34 35 36 37 38 39 -40 41 -42 43 44 45 46 47 48 49 50 0
uf50-0379 86159 -1 2 -3 4 5 6 7 -8 -9 10 -11 -12 -13 14 -15 -16 -17 18 -19 -20 -21 22 -23 -24 -25 26 -27 -28 29 30 -31 32 -33 -34 35 36 37 38 39 40 41 -42 43 -44 45 46 47 48 49 50 0
uf50-0379 217 0
uf50-0379 217 0
uf50-0379 217 0
uf50-0379 216 0
uf50-0379 217 0
uf50-0379 217 0
uf50-0379 217 0
uf50-0379 28002 1 2 3 4 -5 -6 -7 -8 9 10 -11 12 -13 -14 -15 -16 -17 18 -19 20 21 -22 23 -24 25 -26 27 -28 29 -30 31 -32 33 -34 -35 -36 -37 -38 39 40 41 -42 43 -44 45 46 47 -48 49 50 0
uf50-0379 217 0
uf50-0379 90513 -1 2 -3 4 5 6 7 -8 -9 10 -11 -12 -13 14 -15 -16 -17 18 -19 -20 -21 22 23 -24 -25 26 -27 -28 29 30 -31 32 -33 -34 35 36 37 38 39 -40 41 -42 43 44 45 46 47 48 49 50 0
uf50-0379 90513 -1 2 -3 4 5 6 7 -8 -9 10 -11 -12 -13 14 -15 -16 -17 18 -19 -20 -21 22 23 -24 -25 26 -27 -28 29 30 -31 32 -33 -34 35 36 37 38 39 -40 41 -42 43 44 45 46 47 48 49 50 0
uf50-0379 217 0
uf50-0379 216 0
uf50-0379 90513 -1 2 -3 4 5 6 7 -8 -9 10 -11 -12 -13 14 -15 -16 -17 18 -19 -20 -21 22 23 -24 -25 26 -27 -28 29 30 -31 32 -33 -34 35 36 37 38 39 -40 41 -42 43 44 45 46 47 48 49 50 0
uf50-0379 216 0
uf50-0379 217 0
uf50-0379 216 0
uf50-0379 89580 -1 2 -3 4 5 6 7 -8 -9 10 -11 -12 -13 14 -15 -16 -17 18 -19 -20 -21 22 -23 -24 -25 26 -27 -28 29 30 -31 32 -33 -34 35 36 37 38 39 -40 41 -42 43 44 45 46 47 48 49 50 0
uf50-0379 90513 -1 2 -3 4 5 6 7 -8 -9 10 -11 -12 -13 14 -15 -16 -17 18 -19 -20 -21 22 23 -24 -25 26 -27 -28 29 30 -31 32 -33 -34 35 36 37 38 39 -40 41 -42 43 44 45 46 47 48 49 50 0
uf50-0379 217 0
uf50-0379 217 0
uf50-0379 216 0
uf50-0379 85226 -1 2 -3 4 5 6 7 -8 -9 10 -11 -12 -13 14 -15 -16 -17 18 -19 -20 -21 22 -23 -24 -25 26 -27 -28 29 30 -31 32 -33 -34 35 36 37 38 39 -40 41 -42 43 -44 45 46 47 48 49 50 0
uf50-0379 90513 -1 2 -3 4 5 6 7 -8 -9 10 -11 -12 -13 14 -15 -16 -17 18 -19 -20 -21 22 23 -24 -25 26 -27 -28 29 30 -31 32 -33 -34 35 36 37 38 39 -40 41 -42 43 44 45 46 47 48 49 50 0
uf50-0379 90513 -1 2 -3 4 5 6 7 -8 -9 10 -11 -12 -13 14 -15 -16 -17 18 -19 -20 -21 22 23 -24 -25 26 -27 -28 29 30 -31 32 -33 -34 35 36 37 38 39 -40 41 -42 43 44 45 46 47 48 49 50 0
uf50-0379 216 0
uf50-0379 217 0
uf50-0379 216 0
uf50-0379 217 0
uf50-0379 217 0
uf50-0379 90513 -1 2 -3 4 5 6 7 -8 -9 10 -11 -12 -13 14 -15 -16 -17 18 -19 -20 -21 22 23 -24 -25 26 -27 -28 29 30 -31 32 -33 -34 35 36 37 38 39 -40 41 -42 43 44 45 46 47 48 49 50 0
uf50-0379 216 0
uf50-0379 217 0
uf50-0379 90513 -1 2 -3 4 5 6 7 -8 -9 10 -11 -12 -13 14 -15 -16 -17 18 -19 -20 -21 22 23 -24 -25 26 -27 -28 29 30 -31 32 -33 -34 35 36 37 38 39 -40 41 -42 43 44 45 46 47 48 49 50 0
uf50-0379 90513 -1 2 -3 4 5 6 7 -8 -9 10 -11 -12 -13 14 -15 -16 -17 18 -19 -20 -21 22 23 -24 -25 26 -27 -28 29 30 -31 32 -33 -34 35 36 37 38 39 -40 41 -42 43 44 45 46 47 48 49 50 0
uf50-0379 217 0
uf50-0379 217 0
uf50-0379 86159 -1 2 -3 4 5 6 7 -8 -9 10 -11 -12 -13 14 -15 -16 -17 18 -19 -20 -21 22 -23 -24 -25 26 -27 -28 29 30 -31 32 -33 -34 35 36 37 38 39 40 41 -42 43 -44 45 46 47 48 49 50 0
uf50-0379 216 0
uf50-0379 90513 -1 2 -3 4 5 6 7 -8 -9 10 -11 -12 -13 14 -15 -16 -17 18 -19 -20 -21 22 23 -24 -25 26 -27 -28 29 30 -31 32 -33 -34 35 36 37 38 39 -40 41 -42 43 44 45 46 47 48 49 50 0
uf50-0379 217 0
uf50-0379 217 0
uf50-0379 22093 -1 2 -3 4 -5 -6 -7 -8 9 10 -11 12 -13 -14 -15 -16 -17 18 -19 20 21 -22 23 -24 25 -26 27 -28 29 -30 31 -32 33 -34 -35 -36 -37 -38 39 40 41 -42 43 44 45 46 47 -48 49 50 0
uf50-0564 71593 1 2 -3 4 -5 6 7 8 -9 -10 11 12 -13 -14 15 16 -17 18 -19 20 -21 22 23 -24 -25 26 27 28 29 30 -31 32 33 34 -35 36 37 38 -39 -40 41 -42 43 44 -45 46 -47 48 -49 50 0
uf50-0564 217 0
uf50-0564 217 0
uf50-0564 217 0
uf50-0564 67705 1 2 -3 4 -5 6 7 8 -9 -10 11 12 -13 -14 15 16 -17 18 -19 20 -21 22 23 -24 -25 26 27 28 29 30 -31 32 33 34 -35 -36 37 38 -39 -40 41 -42 43 44 -45 46 -47 48 -49 50 0
uf50-0564 217 0
uf50-0564 217 0
uf50-0564 217 0
uf50-0564 216 0
uf50-0564 71593 1 2 -3 4 -5 6 7 8 -9 -10 11 12 -13 -14 15 16 -17 18 -19 20 -21 22 23 -24 -25 26 27 28 29 30 -31 32 33 34 -35 36 37 38 -39 -40 41 -42 43 44 -45 46 -47 48 -49 50 0
uf50-0564 217 0
uf50-0564 217 0
uf50-0564 217 0
uf50-0564 70678 1 2 -3 4 -5 6 7 8 -9 -10 11 12 -13 -14 15 -16 -17 18 -19 20 -21 22 23 -24 -25 26 27 28 29 30 -31 32 33 34 -35 36 37 38 -39 -40 41 -42 43 44 -45 46 -47 48 -49 50 0
uf50-0564 217 0
uf50-0564 217 0
uf50-0564 217 0
uf50-0564 217 0
uf50-0564 217 0
uf50-0564 217 0
uf50-0564 217 0
uf50-0564 217 0
uf50-0564 217 0
uf50-0564 216 0
uf50-0564 217 0
uf50-0564 217 0
uf50-0564 216 0
uf50-0564 217 0
uf50-0564 217 0
uf50-0564 217 0
uf50-0564 217 0
uf50-0564 217 0
uf50-0564 217 0
uf50-0564 216 0
uf50-0564 217 0
uf50-0564 217 0
uf50-0564 217 0
uf50-0564 71593 1 2 -3 4 -5 6 7 8 -9 -10 11 12 -13 -14 15 16 -17 18 -19 20 -21 22 23 -24 -25 26 27 28 29 30 -31 32 33 34 -35 36 37 38 -39 -40 41 -42 43 44 -45 46 -47 48 -49 50 0
uf50-0564 217 0
uf50-0564 217 0
uf50-0564 217 0
uf50-0564 217 0
uf50-0564 217 0
uf50-0564 217 0
uf50-0564 216 0
uf50-0564 70678 1 2 -3 4 -5 6 7 8 -9 -10 11 12 -13 -14 15 -16 -17 18 -19 20 -21 22 23 -24 -25 26 27 28 29 30 -31 32 33 34 -35 36 37 38 -39 -40 41 -42 43 44 -45 46 -47 48 -49 50 0
uf50-0564 217 0
uf50-0564 217 0
uf50-0564 217 0
uf50-0564 217 0
