uf50-0644 8996 1 -2 -3 4 5 -6 7 8 9 10 11 12 -13 14 15 16 17 -18 19 -20 21 22 -23 -24 -25 -26 -27 -28 29 30 31 32 33 34 35 -36 -37 38 -39 40 41 42 43 44 -45 46 -47 48 -49 50 0
uf50-0644 8867 1 -2 -3 4 5 -6 7 8 9 -10 11 12 -13 14 15 16 17 -18 19 -20 21 22 -23 -24 -25 -26 -27 -28 29 30 31 32 33 34 35 -36 -37 38 -39 40 41 42 43 44 -45 46 -47 48 -49 50 0
uf50-0644 217 0
uf50-0644 8738 1 -2 -3 4 5 -6 7 8 9 -10 11 12 -13 14 15 16 17 -18 19 -20 21 22 -23 -24 -25 -26 -27 -28 -29 30 31 32 33 34 35 -36 -37 38 -39 40 41 42 43 44 -45 46 -47 48 -49 50 0
uf50-0644 217 0
uf50-0644 8996 1 -2 -3 4 5 -6 7 8 9 10 11 12 -13 14 15 16 17 -18 19 -20 21 22 -23 -24 -25 -26 -27 -28 29 30 31 32 33 34 35 -36 -37 38 -39 40 41 42 43 44 -45 46 -47 48 -49 50 0
uf50-0644 217 0
uf50-0644 8996 1 -2 -3 4 5 -6 7 8 9 10 11 12 -13 14 15 16 17 -18 19 -20 21 22 -23 -24 -25 -26 -27 -28 29 30 31 32 33 34 35 -36 -37 38 -39 40 41 42 43 44 -45 46 -47 48 -49 50 0
uf50-0644 8899 1 -2 -3 4 5 -6 7 8 9 -10 11 12 -13 14 15 16 17 18 19 -20 21 22 -23 -24 -25 -26 -27 -28 -29 30 31 32 33 34 35 -36 -37 38 -39 -40 41 42 43 44 -45 46 -47 48 -49 50 0
uf50-0644 8996 1 -2 -3 4 5 -6 7 8 9 10 11 12 -13 14 15 16 17 -18 19 -20 21 22 -23 -24 -25 -26 -27 -28 29 30 31 32 33 34 35 -36 -37 38 -39 40 41 42 43 44 -45 46 -47 48 -49 50 0
uf50-0644 8996 1 -2 -3 4 5 -6 7 8 9 10 11 12 -13 14 15 16 17 -18 19 -20 21 22 -23 -24 -25 -26 -27 -28 29 30 31 32 33 34 35 -36 -37 38 -39 40 41 42 43 44 -45 46 -47 48 -49 50 0
uf50-0644 9028 1 -2 -3 4 5 -6 7 8 9 -10 11 12 -13 14 15 16 17 18 19 -20 21 22 -23 -24 -25 -26 -27 -28 29 30 31 32 33 34 35 -36 -37 38 -39 -40 41 42 43 44 -45 46 -47 48 -49 50 0
uf50-0644 8813 1 -2 -3 4 5 -6 7 8 9 -10 11 12 -13 14 15 16 17 -18 19 -20 21 22 -23 -24 -25 -26 -27 -28 29 30 31 32 33 34 35 -36 -37 38 -39 40 41 42 43 -44 -45 46 -47 48 -49 50 0
uf50-0644 217 0
uf50-0644 8920 1 -2 -3 4 5 -6 -7 8 9 -10 11 12 -13 14 15 16 17 18 19 -20 21 22 -23 -24 -25 -26 -27 -28 29 30 31 32 33 34 35 -36 -37 38 -39 -40 41 42 43 -44 -45 46 -47 48 -49 50 0
uf50-0644 8888 1 -2 -3 4 5 -6 -7 8 9 10 11 12 -13 14 15 16 17 -18 19 -20 21 22 -23 -24 -25 -26 -27 -28 29 30 31 32 33 34 35 -36 -37 38 -39 40 41 42 43 -44 -45 46 -47 48 -49 50 0
uf50-0644 8905 1 -2 -3 4 5 -6 7 8 9 10 11 12 -13 14 15 16 17 -18 19 -20 21 22 -23 -24 -25 -26 -27 -28 29 30 31 32 33 34 35 -36 -37 38 -39 -40 41 42 43 44 -45 46 -47 48 -49 50 0
uf50-0644 217 0
uf50-0644 8942 1 -2 -3 4 5 -6 7 8 9 10 11 12 -13 14 15 16 17 -18 19 -20 21 22 -23 -24 -25 -26 -27 -28 29 30 31 32 33 34 35 -36 -37 38 -39 40 41 42 43 -44 -45 46 -47 48 -49 50 0
uf50-0644 8996 1 -2 -3 4 5 -6 7 8 9 10 11 12 -13 14 15 16 17 -18 19 -20 21 22 -23 -24 -25 -26 -27 -28 29 30 31 32 33 34 35 -36 -37 38 -39 40 41 42 43 44 -45 46 -47 48 -49 50 0
uf50-0644 8996 1 -2 -3 4 5 -6 7 8 9 10 11 12 -13 14 15 16 17 -18 19 -20 21 22 -23 -24 -25 -26 -27 -28 29 30 31 32 33 34 35 -36 -37 38 -39 40 41 42 43 44 -45 46 -47 48 -49 50 0
uf50-0644 8867 1 -2 -3 4 5 -6 7 8 9 10 11 12 -13 14 15 16 17 -18 19 -20 21 22 -23 -24 -25 -26 -27 -28 -29 30 31 32 33 34 35 -36 -37 38 -39 40 41 42 43 44 -45 46 -47 48 -49 50 0
uf50-0644 217 0
uf50-0644 8813 1 -2 -3 4 5 -6 7 8 9 -10 11 12 -13 14 15 16 17 -18 19 -20 21 22 -23 -24 -25 -26 -27 -28 29 30 31 32 33 34 35 -36 -37 38 -39 40 41 42 43 -44 -45 46 -47 48 -49 50 0
uf50-0644 8942 1 -2 -3 4 5 -6 7 8 9 10 11 12 -13 14 15 16 17 -18 19 -20 21 22 -23 -24 -25 -26 -27 -28 29 30 31 32 33 34 35 -36 -37 38 -39 40 41 42 43 -44 -45 46 -47 48 -49 50 0
uf50-0644 8942 1 -2 -3 4 5 -6 7 8 9 10 11 12 -13 14 15 16 17 -18 19 -20 21 22 -23 -24 -25 -26 -27 -28 29 30 31 32 33 34 35 -36 -37 38 -39 40 41 42 43 -44 -45 46 -47 48 -49 50 0
uf50-0644 8310 1 -2 -3 4 -5 -6 -7 -8 9 -10 11 12 13 14 15 16 17 18 -19 -20 21 22 -23 -24 -25 -26 27 -28 -29 30 31 32 33 -34 -35 36 37 38 -39 -40 41 42 -43 -44 -45 46 -47 48 -49 50 0
uf50-0644 8996 1 -2 -3 4 5 -6 7 8 9 10 11 12 -13 14 15 16 17 -18 19 -20 21 22 -23 -24 -25 -26 -27 -28 29 30 31 32 33 34 35 -36 -37 38 -39 40 41 42 43 44 -45 46 -47 48 -49 50 0
uf50-0644 217 0
uf50-0644 8996 1 -2 -3 4 5 -6 7 8 9 10 11 12 -13 14 15 16 17 -18 19 -20 21 22 -23 -24 -25 -26 -27 -28 29 30 31 32 33 34 35 -36 -37 38 -39 40 41 42 43 44 -45 46 -47 48 -49 50 0
uf50-0644 217 0
uf50-0644 8905 1 -2 -3 4 5 -6 7 8 9 10 11 12 -13 14 15 16 17 -18 19 -20 21 22 -23 -24 -25 -26 -27 -28 29 30 31 32 33 34 35 -36 -37 38 -39 -40 41 42 43 44 -45 46 -47 48 -49 50 0
uf50-0644 8996 1 -2 -3 4 5 -6 7 8 9 10 11 12 -13 14 15 16 17 -18 19 -20 21 22 -23 -24 -25 -26 -27 -28 29 30 31 32 33 34 35 -36 -37 38 -39 40 41 42 43 44 -45 46 -47 48 -49 50 0
uf50-0644 8996 1 -2 -3 4 5 -6 7 8 9 10 11 12 -13 14 15 16 17 -18 19 -20 21 22 -23 -24 -25 -26 -27 -28 29 30 31 32 33 34 35 -36 -37 38 -39 40 41 42 43 44 -45 46 -47 48 -49 50 0
uf50-0644 217 0
uf50-0644 8996 1 -2 -3 4 5 -6 7 8 9 10 11 12 -13 14 15 16 17 -18 19 -20 21 22 -23 -24 -25 -26 -27 -28 29 30 31 32 33 34 35 -36 -37 38 -39 40 41 42 43 44 -45 46 -47 48 -49 50 0
uf50-0644 8996 1 -2 -3 4 5 -6 7 8 9 10 11 12 -13 14 15 16 17 -18 19 -20 21 22 -23 -24 -25 -26 -27 -28 29 30 31 32 33 34 35 -36 -37 38 -39 40 41 42 43 44 -45 46 -47 48 -49 50 0
uf50-0644 8996 1 -2 -3 4 5 -6 7 8 9 10 11 12 -13 14 15 16 17 -18 19 -20 21 22 -23 -24 -25 -26 -27 -28 29 30 31 32 33 34 35 -36 -37 38 -39 40 41 42 43 44 -45 46 -47 48 -49 50 0
uf50-0644 217 0
uf50-0644 9028 1 -2 -3 4 5 -6 7 8 9 -10 11 12 -13 14 15 16 17 18 19 -20 21 22 -23 -24 -25 -26 -27 -28 29 30 31 32 33 34 35 -36 -37 38 -39 -40 41 42 43 44 -45 46 -47 48 -49 50 0
uf50-0644 8996 1 -2 -3 4 5 -6 7 8 9 10 11 12 -13 14 15 16 17 -18 19 -20 21 22 -23 -24 -25 -26 -27 -28 29 30 31 32 33 34 35 -36 -37 38 -39 40 41 42 43 44 -45 46 -47 48 -49 50 0
uf50-0644 8905 1 -2 -3 4 5 -6 7 8 9 10 11 12 -13 14 15 16 17 -18 19 -20 21 22 -23 -24 -25 -26 -27 -28 29 30 31 32 33 34 35 -36 -37 38 -39 -40 41 42 43 44 -45 46 -47 48 -49 50 0
uf50-0644 217 0
uf50-0644 8776 1 -2 -3 4 5 -6 7 8 9 10 11 12 -13 14 15 16 17 -18 19 -20 21 22 -23 -24 -25 -26 -27 -28 -29 30 31 32 33 34 35 -36 -37 38 -39 -40 41 42 43 44 -45 46 -47 48 -49 50 0
uf50-0644 8996 1 -2 -3 4 5 -6 7 8 9 10 11 12 -13 14 15 16 17 -18 19 -20 21 22 -23 -24 -25 -26 -27 -28 29 30 31 32 33 34 35 -36 -37 38 -39 40 41 42 43 44 -45 46 -47 48 -49 50 0
uf50-0644 8996 1 -2 -3 4 5 -6 7 8 9 10 11 12 -13 14 15 16 17 -18 19 -20 21 22 -23 -24 -25 -26 -27 -28 29 30 31 32 33 34 35 -36 -37 38 -39 40 41 42 43 44 -45 46 -47 48 -49 50 0
uf50-0644 8867 1 -2 -3 4 5 -6 7 8 9 -10 11 12 -13 14 15 16 17 -18 19 -20 21 22 -23 -24 -25 -26 -27 -28 29 30 31 32 33 34 35 -36 -37 38 -39 40 41 42 43 44 -45 46 -47 48 -49 50 0
uf50-0644 8888 1 -2 -3 4 5 -6 -7 8 9 10 11 12 -13 14 15 16 17 -18 19 -20 21 22 -23 -24 -25 -26 -27 -28 29 30 31 32 33 34 35 -36 -37 38 -39 40 41 42 43 -44 -45 46 -47 48 -49 50 0
uf50-0644 8996 1 -2 -3 4 5 -6 7 8 9 10 11 12 -13 14 15 16 17 -18 19 -20 21 22 -23 -24 -25 -26 -27 -28 29 30 31 32 33 34 35 -36 -37 38 -39 40 41 42 43 44 -45 46 -47 48 -49 50 0
uf50-0644 8867 1 -2 -3 4 5 -6 7 8 9 10 11 12 -13 14 15 16 17 -18 19 -20 21 22 -23 -24 -25 -26 -27 -28 -29 30 31 32 33 34 35 -36 -37 38 -39 40 41 42 43 44 -45 46 -47 48 -49 50 0
uf50-0996 217 0
uf50-0996 215 0
uf50-0996 215 0
uf50-0996 215 0
uf50-0996 215 0
uf50-0996 217 0
uf50-0996 215 0
uf50-0996 214 0
uf50-0996 214 0
uf50-0996 214 0
uf50-0996 215 0
uf50-0996 214 0
uf50-0996 215 0
uf50-0996 216 0
uf50-0996 215 0
uf50-0996 215 0
uf50-0996 215 0
uf50-0996 216 0
uf50-0996 215 0
uf50-0996 216 0
uf50-0996 216 0
uf50-0996 215 0
uf50-0996 213 0
uf50-0996 215 0
uf50-0996 216 0
uf50-0996 215 0
uf50-0996 217 0
uf50-0996 215 0
uf50-0996 215 0
uf50-0996 215 0
uf50-0996 214 0
uf50-0996 217 0
uf50-0996 216 0
uf50-0996 215 0
uf50-0996 215 0
uf50-0996 215 0
uf50-0996 216 0
uf50-0996 215 0
uf50-0996 215 0
uf50-0996 215 0
uf50-0996 214 0
uf50-0996 216 0
uf50-0996 215 0
uf50-0996 214 0
uf50-0996 214 0
uf50-0996 215 0
uf50-0996 215 0
uf50-0996 214 0
uf50-0996 214 0
uf50-0996 214 0
uf50-0196 217 0
uf50-0196 216 0
uf50-0196 216 0
uf50-0196 217 0
uf50-0196 216 0
uf50-0196 217 0
uf50-0196 217 0
uf50-0196 216 0
uf50-0196 217 0
uf50-0196 216 0
uf50-0196 216 0
uf50-0196 217 0
uf50-0196 216 0
uf50-0196 217 0
uf50-0196 216 0
uf50-0196 217 0
uf50-0196 216 0
uf50-0196 217 0
uf50-0196 216 0
uf50-0196 216 0
uf50-0196 216 0
uf50-0196 217 0
uf50-0196 217 0
uf50-0196 216 0
uf50-0196 216 0
uf50-0196 216 0
uf50-0196 216 0
uf50-0196 216 0
uf50-0196 215 0
uf50-0196 217 0
uf50-0196 216 0
uf50-0196 216 0
uf50-0196 217 0
uf50-0196 216 0
uf50-0196 6607 1 -2 -3 4 5 -6 -7 8 9 10 11 12 -13 -14 -15 16 -17 -18 19 -20 -21 -22 -23 -24 -25 26 27 28 29 -30 -31 -32 33 34 35 -36 37 -38 39 40 -41 42 -43 44 -45 -46 47 48 49 50 0
uf50-0196 216 0
uf50-0196 217 0
uf50-0196 6607 1 -2 -3 4 5 -6 -7 8 9 10 11 12 -13 -14 -15 16 -17 -18 19 -20 -21 -22 -23 -24 -25 26 27 28 29 -30 -31 -32 33 34 35 -36 37 -38 39 40 -41 42 -43 44 -45 -46 47 48 49 50 0
uf50-0196 217 0
uf50-0196 216 0
uf50-0196 216 0
uf50-0196 216 0
uf50-0196 217 0
uf50-0196 216 0
uf50-0196 217 0
uf50-0196 6616 1 -2 -3 4 5 6 -7 8 9 10 11 12 -13 -14 -15 16 -17 -18 19 -20 -21 -22 -23 -24 -25 26 27 28 29 -30 -31 -32 33 34 35 -36 37 -38 39 40 -41 42 -43 44 -45 -46 47 48 49 50 0
uf50-0196 216 0
uf50-0196 6616 1 -2 -3 4 5 6 -7 8 9 10 11 12 -13 -14 -15 16 -17 -18 19 -20 -21 -22 -23 -24 -25 26 27 28 29 -30 -31 -32 33 34 35 -36 37 -38 39 40 -41 42 -43 44 -45 -46 47 48 49 50 0
uf50-0196 216 0
uf50-0196 216 0
uf50-0799 217 0
uf50-0799 216 0
uf50-0799 217 0
uf50-0799 10994 -1 2 3 4 -5 6 -7 8 9 10 -11 -12 -13 14 15 16 -17 -18 19 -20 -21 22 23 24 25 26 27 -28 -29 30 31 -32 -33 -34 35 36 -37 38 39 -40 41 -42 -43 -44 45 -46 -47 48 -49 -50 0
uf50-0799 217 0
uf50-0799 217 0
uf50-0799 217 0
uf50-0799 217 0
uf50-0799 217 0
uf50-0799 217 0
uf50-0799 217 0
uf50-0799 216 0
uf50-0799 216 0
uf50-0799 217 0
uf50-0799 216 0
uf50-0799 10995 -1 2 3 4 -5 6 -7 8 9 10 -11 -12 -13 14 15 16 -17 -18 19 -20 -21 22 23 24 25 26 27 -28 -29 30 -31 -32 -33 -34 35 36 -37 38 39 -40 41 42 -43 -44 45 -46 47 48 -49 -50 0
uf50-0799 217 0
uf50-0799 217 0
uf50-0799 217 0
uf50-0799 217 0
uf50-0799 217 0
uf50-0799 216 0
uf50-0799 217 0
uf50-0799 216 0
uf50-0799 217 0
uf50-0799 11284 -1 2 3 4 -5 6 -7 8 9 10 -11 -12 -13 14 15 16 -17 -18 19 -20 -21 22 23 24 25 26 27 -28 -29 30 31 -32 -33 -34 35 36 -37 38 39 -40 41 42 -43 -44 45 -46 47 48 -49 -50 0
uf50-0799 217 0
uf50-0799 217 0
uf50-0799 217 0
uf50-0799 216 0
uf50-0799 217 0
uf50-0799 217 0
uf50-0799 216 0
uf50-0799 216 0
uf50-0799 217 0
uf50-0799 217 0
uf50-0799 217 0
uf50-0799 217 0
uf50-0799 217 0
uf50-0799 216 0
uf50-0799 11284 -1 2 3 4 -5 6 -7 8 9 10 -11 -12 -13 14 15 16 -17 -18 19 -20 -21 22 23 24 25 26 27 -28 -29 30 31 -32 -33 -34 35 36 -37 38 39 -40 41 42 -43 -44 45 -46 47 48 -49 -50 0
uf50-0799 216 0
uf50-0799 10995 -1 2 3 4 -5 6 -7 8 9 10 -11 -12 -13 14 15 16 -17 -18 19 -20 -21 22 23 24 25 26 27 -28 -29 30 -31 -32 -33 -34 35 36 -37 38 39 -40 41 42 -43 -44 45 -46 47 48 -49 -50 0
uf50-0799 216 0
uf50-0799 217 0
uf50-0799 217 0
uf50-0799 217 0
uf50-0799 217 0
uf50-0799 10994 -1 2 3 4 -5 6 -7 8 9 10 -11 -12 -13 14 15 16 -17 -18 19 -20 -21 22 23 24 25 26 27 -28 -29 30 31 -32 -33 -34 35 36 -37 38 39 -40 41 -42 -43 -44 45 -46 -47 48 -49 -50 0
uf50-0799 216 0
uf50-0500 216 0
uf50-0500 216 0
uf50-0500 216 0
uf50-0500 216 0
uf50-0500 217 0
uf50-0500 216 0
uf50-0500 216 0
uf50-0500 216 0
uf50-0500 216 0
uf50-0500 216 0
uf50-0500 217 0
uf50-0500 217 0
uf50-0500 216 0
uf50-0500 217 0
uf50-0500 217 0
uf50-0500 216 0
uf50-0500 216 0
uf50-0500 217 0
uf50-0500 216 0
uf50-0500 215 0
uf50-0500 216 0
uf50-0500 217 0
uf50-0500 216 0
uf50-0500 217 0
uf50-0500 217 0
uf50-0500 216 0
uf50-0500 216 0
uf50-0500 216 0
uf50-0500 216 0
uf50-0500 216 0
uf50-0500 216 0
uf50-0500 216 0
uf50-0500 217 0
uf50-0500 216 0
uf50-0500 217 0
uf50-0500 217 0
uf50-0500 216 0
uf50-0500 216 0
uf50-0500 217 0
uf50-0500 217 0
uf50-0500 217 0
uf50-0500 216 0
uf50-0500 216 0
uf50-0500 217 0
uf50-0500 216 0
uf50-0500 217 0
uf50-0500 216 0
uf50-0500 216 0
uf50-0500 217 0
uf50-0500 216 0
uf50-0496 10172 1 -2 3 4 -5 -6 -7 -8 9 10 11 12 13 -14 -15 -16 -17 -18 -19 20 21 -22 23 -24 25 -26 27 28 29 30 31 -32 -33 34 -35 36 37 38 39 -40 -41 42 -43 44 45 46 47 48 49 -50 0
uf50-0496 217 0
uf50-0496 10320 1 -2 3 4 -5 -6 -7 -8 9 10 11 12 13 -14 -15 -16 -17 -18 -19 20 21 -22 23 -24 25 -26 27 28 29 30 31 32 -33 34 -35 36 37 38 39 -40 -41 42 -43 44 45 46 47 48 49 -50 0
uf50-0496 10192 1 -2 3 4 -5 -6 -7 -8 9 10 11 12 13 -14 -15 -16 -17 -18 -19 20 21 -22 23 -24 25 -26 27 28 29 30 31 32 -33 34 -35 36 37 38 -39 -40 -41 42 -43 44 45 46 47 48 49 -50 0
uf50-0496 10320 1 -2 3 4 -5 -6 -7 -8 9 10 11 12 13 -14 -15 -16 -17 -18 -19 20 21 -22 23 -24 25 -26 27 28 29 30 31 32 -33 34 -35 36 37 38 39 -40 -41 42 -43 44 45 46 47 48 49 -50 0
uf50-0496 10167 1 -2 3 -4 -5 -6 -7 -8 9 10 11 12 13 -14 -15 -16 -17 -18 -19 20 21 -22 23 -24 25 -26 27 28 29 30 31 32 -33 34 -35 36 37 38 39 -40 -41 42 -43 44 45 46 47 48 49 -50 0
uf50-0496 217 0
uf50-0496 216 0
uf50-0496 10271 1 -2 3 -4 -5 -6 -7 -8 9 10 11 12 13 -14 -15 -16 -17 -18 -19 20 21 22 23 -24 25 -26 27 28 29 30 31 32 33 34 -35 36 37 -38 -39 -40 -41 42 -43 44 45 46 47 48 49 -50 0
uf50-0496 217 0
uf50-0496 10320 1 -2 3 4 -5 -6 -7 -8 9 10 11 12 13 -14 -15 -16 -17 -18 -19 20 21 -22 23 -24 25 -26 27 28 29 30 31 32 -33 34 -35 36 37 38 39 -40 -41 42 -43 44 45 46 47 48 49 -50 0
uf50-0496 10138 1 -2 3 4 -5 -6 -7 -8 9 10 11 12 13 -14 -15 -16 -17 -18 -19 20 21 22 23 -24 -25 -26 27 28 29 30 31 -32 33 34 -35 36 37 -38 -39 -40 -41 42 43 44 45 46 47 48 49 -50 0
uf50-0496 216 0
uf50-0496 216 0
uf50-0496 10172 1 -2 3 4 -5 -6 -7 -8 9 10 11 12 13 -14 -15 -16 -17 -18 -19 20 21 -22 23 -24 25 -26 27 28 29 30 31 -32 -33 34 -35 36 37 38 39 -40 -41 42 -43 44 45 46 47 48 49 -50 0
uf50-0496 216 0
uf50-0496 217 0
uf50-0496 10167 1 -2 3 -4 -5 -6 -7 -8 9 10 11 12 13 -14 -15 -16 -17 -18 -19 20 21 -22 23 -24 25 -26 27 28 29 30 31 32 -33 34 -35 36 37 38 39 -40 -41 42 -43 44 45 46 47 48 49 -50 0
uf50-0496 217 0
uf50-0496 9507 1 -2 3 -4 -5 -6 -7 -8 -9 10 11 12 13 -14 -15 -16 -17 -18 -19 20 21 -22 23 -24 25 -26 27 28 -29 30 31 32 -33 34 -35 36 37 38 39 -40 -41 42 -43 44 45 46 47 48 49 -50 0
uf50-0496 10192 1 -2 3 4 -5 -6 -7 -8 9 10 11 12 13 -14 -15 -16 -17 -18 -19 20 21 -22 23 -24 25 -26 27 28 29 30 31 32 -33 34 -35 36 37 38 -39 -40 -41 42 -43 44 45 46 47 48 49 -50 0
uf50-0496 217 0
uf50-0496 217 0
uf50-0496 216 0
uf50-0496 10044 1 -2 3 4 -5 -6 -7 -8 9 10 11 12 13 -14 -15 -16 -17 -18 -19 20 21 -22 23 -24 25 -26 27 28 29 30 31 -32 -33 34 -35 36 37 38 -39 -40 -41 42 -43 44 45 46 47 48 49 -50 0
uf50-0496 216 0
uf50-0496 217 0
uf50-0496 10019 1 -2 3 -4 -5 -6 -7 -8 9 10 11 12 13 -14 -15 -16 -17 -18 -19 20 21 -22 23 -24 25 -26 27 28 29 30 31 -32 -33 34 -35 36 37 38 39 -40 -41 42 -43 44 45 46 47 48 49 -50 0
uf50-0496 10172 1 -2 3 4 -5 -6 -7 -8 9 10 11 12 13 -14 -15 -16 -17 -18 -19 20 21 -22 23 -24 25 -26 27 28 29 30 31 -32 -33 34 -35 36 37 38 39 -40 -41 42 -43 44 45 46 47 48 49 -50 0
uf50-0496 10138 1 -2 3 4 -5 -6 -7 -8 9 10 11 12 13 -14 -15 -16 -17 -18 -19 20 21 22 23 -24 -25 -26 27 28 29 30 31 -32 33 34 -35 36 37 -38 -39 -40 -41 42 43 44 45 46 47 48 49 -50 0
uf50-0496 10138 1 -2 3 4 -5 -6 -7 -8 9 10 11 12 13 -14 -15 -16 -17 -18 -19 20 21 22 23 -24 -25 -26 27 28 29 30 31 -32 33 34 -35 36 37 -38 -39 -40 -41 42 43 44 45 46 47 48 49 -50 0
uf50-0496 216 0
uf50-0496 10167 1 -2 3 -4 -5 -6 -7 -8 9 10 11 12 13 -14 -15 -16 -17 -18 -19 20 21 -22 23 -24 25 -26 27 28 29 30 31 32 -33 34 -35 36 37 38 39 -40 -41 42 -43 44 45 46 47 48 49 -50 0
uf50-0496 9507 1 -2 3 -4 -5 -6 -7 -8 -9 10 11 12 13 -14 -15 -16 -17 -18 -19 20 21 -22 23 -24 25 -26 27 28 -29 30 31 32 -33 34 -35 36 37 38 39 -40 -41 42 -43 44 45 46 47 48 49 -50 0
uf50-0496 10320 1 -2 3 4 -5 -6 -7 -8 9 10 11 12 13 -14 -15 -16 -17 -18 -19 20 21 -22 23 -24 25 -26 27 28 29 30 31 32 -33 34 -35 36 37 38 39 -40 -41 42 -43 44 45 46 47 48 49 -50 0
uf50-0496 217 0
uf50-0496 9985 1 -2 3 -4 -5 -6 -7 -8 9 10 11 12 13 -14 -15 -16 -17 -18 -19 20 21 22 23 -24 -25 -26 27 28 29 30 31 -32 33 34 -35 36 37 -38 -39 -40 -41 42 43 44 45 46 47 48 49 -50 0
uf50-0496 9660 1 -2 3 4 -5 -6 -7 -8 -9 10 11 12 13 -14 -15 -16 -17 -18 -19 20 21 -22 23 -24 25 -26 27 28 -29 30 31 32 -33 34 -35 36 37 38 39 -40 -41 42 -43 44 45 46 47 48 49 -50 0
uf50-0496 10172 1 -2 3 4 -5 -6 -7 -8 9 10 11 12 13 -14 -15 -16 -17 -18 -19 20 21 -22 23 -24 25 -26 27 28 29 30 31 -32 -33 34 -35 36 37 38 39 -40 -41 42 -43 44 45 46 47 48 49 -50 0
uf50-0496 217 0
uf50-0496 217 0
uf50-0496 217 0
uf50-0496 216 0
uf50-0496 9083 1 -2 3 -4 -5 -6 -7 -8 -9 10 -11 12 13 -14 -15 -16 -17 -18 -19 20 21 -22 23 -24 25 -26 27 28 -29 30 31 32 -33 34 -35 36 37 38 39 -40 -41 42 -43 44 45 46 47 48 49 -50 0
uf50-0496 216 0
uf50-0496 9985 1 -2 3 -4 -5 -6 -7 -8 9 10 11 12 13 -14 -15 -16 -17 -18 -19 20 21 22 23 -24 -25 -26 27 28 29 30 31 -32 33 34 -35 36 37 -38 -39 -40 -41 42 43 44 45 46 47 48 49 -50 0
uf50-0496 217 0
uf50-0496 10172 1 -2 3 4 -5 -6 -7 -8 9 10 11 12 13 -14 -15 -16 -17 -18 -19 20 21 -22 23 -24 25 -26 27 28 29 30 31 -32 -33 34 -35 36 37 38 39 -40 -41 42 -43 44 45 46 47 48 49 -50 0
uf50-0496 10138 1 -2 3 -4 -5 -6 -7 -8 9 10 11 12 13 -14 -15 -16 -17 -18 -19 20 21 -22 23 -24 25 -26 27 28 29 30 31 32 33 34 -35 36 37 -38 -39 -40 -41 42 -43 44 45 46 47 48 49 -50 0
uf50-0496 216 0
uf50-0210 216 0
uf50-0210 217 0
uf50-0210 217 0
uf50-0210 217 0
uf50-0210 217 0
uf50-0210 216 0
uf50-0210 217 0
uf50-0210 217 0
uf50-0210 216 0
uf50-0210 216 0
uf50-0210 217 0
uf50-0210 4070 -1 2 -3 4 5 -6 -7 -8 -9 10 -11 12 13 14 15 -16 17 18 19 20 -21 -22 23 24 25 -26 -27 28 29 -30 -31 -32 -33 -34 35 -36 37 38 -39 -40 -41 -42 -43 -44 -45 46 -47 -48 49 -50 0
uf50-0210 217 0
uf50-0210 217 0
uf50-0210 216 0
uf50-0210 217 0
uf50-0210 217 0
uf50-0210 216 0
uf50-0210 216 0
uf50-0210 217 0
uf50-0210 217 0
uf50-0210 216 0
uf50-0210 216 0
uf50-0210 217 0
uf50-0210 216 0
uf50-0210 3653 -1 2 -3 4 5 -6 -7 -8 9 10 -11 12 13 14 15 -16 17 18 19 20 -21 -22 23 24 25 -26 -27 28 29 -30 -31 -32 -33 -34 -35 -36 37 38 -39 -40 -41 -42 -43 -44 -45 46 -47 -48 49 -50 0
uf50-0210 217 0
uf50-0210 217 0
uf50-0210 217 0
uf50-0210 217 0
uf50-0210 217 0
uf50-0210 217 0
uf50-0210 216 0
uf50-0210 216 0
uf50-0210 217 0
uf50-0210 216 0
uf50-0210 216 0
uf50-0210 217 0
uf50-0210 217 0
uf50-0210 217 0
uf50-0210 217 0
uf50-0210 216 0
uf50-0210 217 0
uf50-0210 216 0
uf50-0210 217 0
uf50-0210 217 0
uf50-0210 217 0
uf50-0210 216 0
uf50-0210 217 0
uf50-0210 216 0
uf50-0810 215 0
uf50-0810 217 0
uf50-0810 216 0
uf50-0810 216 0
uf50-0810 215 0
uf50-0810 215 0
uf50-0810 216 0
uf50-0810 216 0
uf50-0810 216 0
uf50-0810 216 0
uf50-0810 215 0
uf50-0810 215 0
uf50-0810 215 0
uf50-0810 215 0
uf50-0810 216 0
uf50-0810 215 0
uf50-0810 216 0
uf50-0810 216 0
uf50-0810 215 0
uf50-0810 216 0
uf50-0810 216 0
uf50-0810 216 0
uf50-0810 216 0
uf50-0810 216 0
uf50-0810 216 0
uf50-0810 216 0
uf50-0810 216 0
uf50-0810 215 0
uf50-0810 216 0
uf50-0810 215 0
uf50-0810 215 0
uf50-0810 216 0
uf50-0810 216 0
uf50-0810 216 0
uf50-0810 216 0
uf50-0810 216 0
uf50-0810 216 0
uf50-0810 216 0
uf50-0810 9635 1 -2 3 -4 5 -6 7 8 9 10 -11 12 13 -14 15 -16 -17 -18 -19 -20 21 -22 -23 24 25 -26 -27 28 29 -30 31 -32 -33 -34 35 -36 37 38 -39 -40 -41 -42 43 -44 -45 46 -47 48 -49 50 0
uf50-0810 216 0
uf50-0810 216 0
uf50-0810 216 0
uf50-0810 216 0
uf50-0810 216 0
uf50-0810 216 0
uf50-0810 216 0
uf50-0810 215 0
uf50-0810 215 0
uf50-0810 215 0
uf50-0810 215 0
uf50-013 217 0
uf50-013 34874 -1 -2 -3 4 5 -6 7 -8 -9 10 11 -12 -13 14 15 16 17 18 -19 -20 -21 22 23 24 -25 26 27 -28 -29 30 31 32 -33 34 35 36 37 -38 -39 40 -41 42 -43 -44 45 46 47 48 -49 50 0
uf50-013 33500 -1 -2 -3 4 5 -6 7 -8 -9 -10 11 -12 -13 14 15 -16 17 18 -19 20 -21 22 -23 24 -25 26 -27 -28 -29 30 31 32 -33 34 35 36 37 -38 -39 40 -41 42 -43 44 45 46 47 48 -49 50 0
uf50-013 217 0
uf50-013 33266 -1 2 -3 4 5 -6 7 -8 -9 10 11 -12 -13 -14 15 16 17 18 -19 -20 -21 22 -23 24 -25 26 -27 -28 -29 30 -31 32 -33 34 35 36 37 -38 -39 40 41 42 -43 -44 45 46 47 48 -49 50 0
uf50-013 217 0
uf50-013 217 0
uf50-013 217 0
uf50-013 217 0
uf50-013 34967 -1 -2 -3 4 5 -6 7 -8 -9 10 11 -12 -13 14 15 16 17 18 -19 -20 -21 22 -23 24 -25 26 27 -28 -29 30 31 32 -33 34 35 36 37 -38 -39 40 41 42 -43 -44 45 46 47 48 -49 50 0
uf50-013 217 0
uf50-013 216 0
uf50-013 217 0
uf50-013 217 0
uf50-013 34314 -1 2 -3 4 5 -6 7 -8 -9 10 11 -12 -13 -14 15 16 17 18 -19 -20 -21 22 -23 24 -25 26 27 -28 -29 30 31 32 -33 34 35 36 37 -38 -39 40 41 42 -43 -44 45 46 47 48 -49 50 0
uf50-013 216 0
uf50-013 31205 -1 -2 3 4 5 -6 7 -8 -9 -10 11 -12 -13 14 15 16 17 18 -19 -20 -21 22 -23 -24 -25 26 27 -28 -29 30 -31 32 -33 34 35 -36 37 -38 39 40 41 -42 -43 -44 -45 46 47 48 49 50 0
uf50-013 33591 -1 -2 3 4 5 -6 7 -8 -9 -10 11 -12 -13 14 15 16 17 18 -19 -20 -21 22 23 -24 -25 26 27 -28 -29 30 31 32 -33 34 35 -36 37 -38 39 40 -41 42 -43 -44 45 46 47 48 49 50 0
uf50-013 215 0
uf50-013 217 0
uf50-013 216 0
uf50-013 217 0
uf50-013 33634 -1 -2 -3 4 5 -6 7 -8 -9 10 11 -12 -13 14 15 16 17 18 -19 -20 -21 22 -23 24 -25 26 27 -28 -29 30 -31 32 -33 34 35 36 37 -38 -39 40 -41 42 -43 -44 45 46 47 48 -49 50 0
uf50-013 217 0
uf50-013 217 0
uf50-013 32645 -1 -2 3 4 5 -6 7 -8 -9 -10 11 -12 -13 14 15 16 17 18 -19 -20 -21 22 23 -24 -25 26 27 -28 -29 30 31 32 -33 34 35 -36 37 -38 39 40 -41 -42 -43 -44 45 46 47 48 49 50 0
uf50-013 217 0
uf50-013 217 0
uf50-013 217 0
uf50-013 216 0
uf50-013 32839 -1 -2 -3 4 5 -6 7 -8 -9 -10 11 -12 -13 14 15 16 17 18 -19 -20 -21 22 -23 24 -25 26 -27 -28 -29 30 31 32 -33 34 35 36 37 -38 -39 40 41 -42 -43 -44 -45 46 47 48 -49 50 0
uf50-013 31373 -1 2 -3 4 5 -6 7 -8 -9 -10 11 -12 -13 -14 15 16 17 18 -19 -20 -21 22 -23 24 -25 26 -27 -28 -29 30 -31 32 -33 34 35 36 37 -38 -39 40 41 -42 -43 -44 -45 46 47 48 -49 50 0
uf50-013 217 0
uf50-013 217 0
uf50-013 217 0
uf50-013 217 0
uf50-013 34314 -1 2 -3 4 5 -6 7 -8 -9 10 11 -12 -13 -14 15 16 17 18 -19 -20 -21 22 -23 24 -25 26 27 -28 -29 30 31 32 -33 34 35 36 37 -38 -39 40 41 42 -43 -44 45 46 47 48 -49 50 0
uf50-013 32151 -1 -2 3 4 5 -6 7 -8 -9 -10 11 -12 -13 14 15 16 17 18 -19 -20 -21 22 -23 -24 -25 26 27 -28 -29 30 -31 32 -33 34 35 -36 37 -38 39 40 41 42 -43 -44 -45 46 47 48 49 50 0
uf50-013 34505 -1 -2 -3 4 5 -6 7 -8 -9 -10 11 -12 -13 14 15 16 17 18 -19 -20 -21 22 -23 24 -25 26 -27 -28 -29 30 31 32 -33 34 35 36 37 -38 -39 40 41 42 -43 -44 45 46 47 48 -49 50 0
uf50-013 217 0
uf50-013 34221 -1 2 -3 4 5 -6 7 -8 -9 10 11 -12 -13 -14 15 16 17 18 -19 -20 -21 22 23 24 -25 26 27 -28 -29 30 31 32 -33 34 35 36 37 -38 -39 40 -41 42 -43 -44 45 46 47 48 -49 50 0
uf50-013 34314 -1 2 -3 4 5 -6 7 -8 -9 10 11 -12 -13 -14 15 16 17 18 -19 -20 -21 22 -23 24 -25 26 27 -28 -29 30 31 32 -33 34 35 36 37 -38 -39 40 41 42 -43 -44 45 46 47 48 -49 50 0
uf50-013 217 0
uf50-013 217 0
uf50-013 34221 -1 2 -3 4 5 -6 7 -8 -9 10 11 -12 -13 -14 15 16 17 18 -19 -20 -21 22 23 24 -25 26 27 -28 -29 30 31 32 -33 34 35 36 37 -38 -39 40 -41 42 -43 -44 45 46 47 48 -49 50 0
uf50-013 32871 -1 -2 3 4 5 -6 7 -8 -9 -10 11 -12 -13 14 15 16 17 18 -19 -20 -21 22 23 -24 -25 26 27 -28 -29 30 31 32 -33 34 35 -36 37 -38 39 40 -41 42 -43 -44 -45 46 47 48 49 50 0
uf50-013 217 0
uf50-013 34314 -1 2 -3 4 5 -6 7 -8 -9 10 11 -12 -13 -14 15 16 17 18 -19 -20 -21 22 -23 24 -25 26 27 -28 -29 30 31 32 -33 34 35 36 37 -38 -39 40 41 42 -43 -44 45 46 47 48 -49 50 0
uf50-013 33501 -1 2 -3 4 5 -6 7 -8 -9 10 11 -12 -13 -14 15 16 17 18 -19 -20 -21 22 -23 24 -25 26 27 -28 -29 30 -31 32 -33 34 35 36 37 -38 -39 40 41 42 -43 -44 45 46 47 48 -49 50 0
uf50-013 217 0
uf50-0379 217 0
uf50-0379 9179 -1 2 -3 4 -5 -6 -7 -8 9 10 -11 12 -13 -14 -15 -16 -17 18 -19 20 21 -22 23 -24 25 -26 27 -28 29 -30 31 -32 33 -34 -35 -36 -37 -38 39 40 41 -42 43 44 45 46 47 -48 49 50 0
uf50-0379 217 0
uf50-0379 217 0
uf50-0379 217 0
uf50-0379 9283 1 2 3 4 -5 -6 -7 -8 9 10 -11 12 -13 -14 -15 -16 -17 18 -19 20 21 -22 23 -24 25 -26 27 -28 29 -30 31 -32 33 -34 -35 -36 -37 -38 39 40 41 -42 43 -44 45 46 47 -48 49 50 0
uf50-0379 7107 -1 2 -3 4 5 6 7 -8 -9 10 -11 -12 -13 14 -15 -16 -17 18 -19 -20 -21 22 23 -24 -25 26 -27 -28 29 30 -31 32 -33 -34 35 36 37 38 39 -40 41 -42 43 44 45 46 47 48 49 50 0
uf50-0379 217 0
uf50-0379 216 0
uf50-0379 217 0
uf50-0379 6534 -1 2 -3 4 5 6 7 -8 -9 10 -11 -12 -13 14 -15 -16 -17 18 -19 -20 -21 22 -23 -24 -25 26 -27 -28 29 30 -31 32 -33 -34 35 36 37 38 39 -40 41 -42 43 -44 45 46 47 48 49 50 0
uf50-0379 216 0
uf50-0379 6916 -1 2 -3 4 5 6 7 -8 -9 10 -11 -12 -13 14 -15 -16 -17 18 -19 -20 -21 22 -23 -24 -25 26 -27 -28 29 30 -31 32 -33 -34 35 36 37 38 39 40 41 -42 43 -44 45 46 47 48 49 50 0
uf50-0379 217 0
uf50-0379 217 0
uf50-0379 217 0
uf50-0379 217 0
uf50-0379 216 0
uf50-0379 215 0
uf50-0379 217 0
uf50-0379 216 0
uf50-0379 217 0
uf50-0379 216 0
uf50-0379 217 0
uf50-0379 7107 -1 2 -3 4 5 6 7 -8 -9 10 -11 -12 -13 14 -15 -16 -17 18 -19 -20 -21 22 23 -24 -25 26 -27 -28 29 30 -31 32 -33 -34 35 36 37 38 39 -40 41 -42 43 44 45 46 47 48 49 50 0
uf50-0379 217 0
uf50-0379 6534 -1 2 -3 4 5 6 7 -8 -9 10 -11 -12 -13 14 -15 -16 -17 18 -19 -20 -21 22 -23 -24 -25 26 -27 -28 29 30 -31 32 -33 -34 35 36 37 38 39 -40 41 -42 43 -44 45 46 47 48 49 50 0
uf50-0379 6725 -1 2 -3 4 5 6 7 -8 -9 10 -11 -12 -13 14 -15 -16 -17 18 -19 -20 -21 22 -23 -24 -25 26 -27 -28 29 30 -31 32 -33 -34 35 36 37 38 39 -40 41 -42 43 44 45 46 47 48 49 50 0
uf50-0379 7107 -1 2 -3 4 5 6 7 -8 -9 10 -11 -12 -13 14 -15 -16 -17 18 -19 -20 -21 22 23 -24 -25 26 -27 -28 29 30 -31 32 -33 -34 35 36 37 38 39 -40 41 -42 43 44 45 46 47 48 49 50 0
uf50-0379 6916 -1 2 -3 4 5 6 7 -8 -9 10 -11 -12 -13 14 -15 -16 -17 18 -19 -20 -21 22 -23 -24 -25 26 -27 -28 29 30 -31 32 -33 -34 35 36 37 38 39 40 41 -42 43 -44 45 46 47 48 49 50 0
uf50-0379 7107 -1 2 -3 4 5 6 7 -8 -9 10 -11 -12 -13 14 -15 -16 -17 18 -19 -20 -21 22 23 -24 -25 26 -27 -28 29 30 -31 32 -33 -34 35 36 37 38 39 -40 41 -42 43 44 45 46 47 48 49 50 0
uf50-0379 217 0
uf50-0379 216 0
uf50-0379 7107 -1 2 -3 4 5 6 7 -8 -9 10 -11 -12 -13 14 -15 -16 -17 18 -19 -20 -21 22 23 -24 -25 26 -27 -28 29 30 -31 32 -33 -34 35 36 37 38 39 -40 41 -42 43 44 45 46 47 48 49 50 0
uf50-0379 217 0
uf50-0379 216 0
uf50-0379 217 0
uf50-0379 215 0
uf50-0379 6725 -1 2 -3 4 5 6 7 -8 -9 10 -11 -12 -13 14 -15 -16 -17 18 -19 -20 -21 22 -23 -24 -25 26 -27 -28 29 30 -31 32 -33 -34 35 36 37 38 39 -40 41 -42 43 44 45 46 47 48 49 50 0
uf50-0379 217 0
uf50-0379 216 0
uf50-0379 217 0
uf50-0379 216 0
uf50-0379 217 0
uf50-0379 7107 -1 2 -3 4 5 6 7 -8 -9 10 -11 -12 -13 14 -15 -16 -17 18 -19 -20 -21 22 23 -24 -25 26 -27 -28 29 30 -31 32 -33 -34 35 36 37 38 39 -40 41 -42 43 44 45 46 47 48 49 50 0
uf50-0379 7107 -1 2 -3 4 5 6 7 -8 -9 10 -11 -12 -13 14 -15 -16 -17 18 -19 -20 -21 22 23 -24 -25 26 -27 -28 29 30 -31 32 -33 -34 35 36 37 38 39 -40 41 -42 43 44 45 46 47 48 49 50 0
uf50-0379 7107 -1 2 -3 4 5 6 7 -8 -9 10 -11 -12 -13 14 -15 -16 -17 18 -19 -20 -21 22 23 -24 -25 26 -27 -28 29 30 -31 32 -33 -34 35 36 37 38 39 -40 41 -42 43 44 45 46 47 48 49 50 0
uf50-0379 216 0
uf50-0379 217 0
uf50-0379 7107 -1 2 -3 4 5 6 7 -8 -9 10 -11 -12 -13 14 -15 -16 -17 18 -19 -20 -21 22 23 -24 -25 26 -27 -28 29 30 -31 32 -33 -34 35 36 37 38 39 -40 41 -42 43 44 45 46 47 48 49 50 0
